13.042,12.594,13.086,12.915,13.189,12.788,13.017,12.842,13.186,12.572,12.222,13.17,12.943,12.198,12.47,12.709,13.227,12.907,13.065,12.966,12.93,12.547,12.198,12.863,12.213,12.78,13.086,12.864,12.685,12.331,12.958,12.476,12.793,12.669,12.952,12.955,12.478,12.638,12.778,12.761,12.64,12.757,13.182,12.576,12.639,12.447,12.283,12.283,12.746,12.792,12.206,12.57,12.509,12.928,12.692,13.093,12.815,12.223,12.441,12.921,12.604,12.603,12.36,12.822,12.913,13.071,12.214,12.678,12.898,13.141,12.198,12.895,12.368,13.003,12.33,12.606,12.734,12.553,12.941,13.185,12.398,12.499,12.919,13.023,12.757,12.818,12.98,12.692,12.828,12.859,12.564,12.997,12.619,12.97,13.214,12.272,12.86,12.768,12.894,12.763
13.03,12.935,12.964,12.354,12.611,13.334,12.932,12.282,12.565,12.995,13.254,12.938,12.883,13.122,12.932,13.113,12.392,12.806,12.351,12.39,13.134,12.638,13.332,12.628,12.608,13.016,13.133,12.644,12.929,12.609,13.088,12.401,12.995,12.296,12.756,12.311,12.463,12.253,12.595,12.208,12.972,13.112,12.97,13.261,12.352,12.356,12.813,12.328,12.388,12.509,13.218,12.538,12.389,13.252,13.061,12.807,13.063,12.734,12.68,12.886,12.414,12.755,12.614,13.096,12.102,13.27,12.554,12.519,12.601,12.775,13.298,12.672,12.488,13.027,12.807,12.894,12.851,12.343,12.886,12.573,12.381,13.072,12.838,13.305,12.926,12.449,12.681,12.958,12.392,13.169,12.595,12.168,13.195,12.456,12.958,12.901,12.53,12.598,12.379,12.431
12.834,13.192,12.856,12.681,12.663,13.034,13.002,12.766,13.128,13.04,12.867,12.285,12.7,12.551,12.973,12.566,12.791,12.851,12.481,12.531,12.817,12.581,12.945,13.036,12.603,12.952,12.32,13.113,12.897,12.663,12.774,12.382,12.857,12.567,12.536,12.951,12.921,13.252,12.425,12.89,12.427,13.045,12.823,12.87,13.181,12.588,12.235,12.766,12.539,13.209,12.779,12.975,12.877,12.573,13.062,12.448,13.096,12.776,12.87,12.638,12.594,12.871,12.219,12.323,12.765,12.594,12.981,12.487,12.524,12.44,12.793,12.983,12.386,13.059,12.475,12.906,12.64,12.324,12.956,12.861,12.045,13.137,12.89,13.175,12.802,12.324,12.7,12.785,13.14,12.393,12.403,12.735,12.511,12.815,13.369,12.478,13.094,12.745,12.579,12.365
12.469,12.838,12.228,12.827,12.717,12.531,13.184,12.915,12.243,13.047,12.469,12.347,12.672,12.822,12.547,13.136,13.303,12.912,13.157,12.862,12.603,12.559,12.346,12.414,12.37,12.744,12.877,12.541,12.253,13.288,13.237,12.858,12.529,12.555,12.489,13.167,13.092,12.954,12.79,12.447,12.934,12.873,12.959,12.818,12.312,12.794,12.1,12.539,12.863,12.94,13.248,12.294,12.908,12.833,13.013,13.025,12.48,12.823,12.155,12.946,13.282,12.802,13.218,12.48,12.613,12.44,12.572,12.54,13.292,12.62,12.552,12.98,12.193,13.08,13.053,12.652,12.217,12.81,13.073,12.616,13.395,12.892,12.999,13.351,12.52,12.754,12.972,12.864,12.432,12.506,12.432,12.214,12.471,12.874,12.812,12.799,13.084,12.947,12.849,13.14
12.594,12.867,12.148,13.149,13.038,12.726,12.555,12.738,12.424,12.934,12.981,12.313,12.395,13.285,12.994,12.81,12.25,13.155,13.004,12.677,12.822,13.263,13.035,13.051,12.978,12.745,12.486,12.927,13.268,12.508,12.89,12.74,12.861,12.381,13.337,12.999,12.859,12.992,12.421,12.583,12.484,13.177,13.039,12.614,13.232,12.524,13.047,12.663,12.447,12.954,12.739,12.722,12.597,12.405,12.527,12.574,12.375,12.822,12.236,12.852,12.528,12.832,12.807,13.353,12.962,12.893,12.58,12.712,12.197,13.06,12.4,12.85,12.492,12.907,12.901,12.57,13.051,12.574,12.782,12.902,13.026,12.85,12.86,12.632,13.05,13.048,12.613,12.474,12.612,12.811,12.963,12.828,12.777,12.966,12.525,12.693,12.916,12.637,12.519,12.166
13.008,12.68,13.066,12.857,12.363,13.028,12.551,12.656,12.309,12.838,12.559,12.558,12.714,12.642,12.643,13.321,12.74,13.178,12.711,12.678,12.751,12.672,12.279,12.831,12.617,13.45,12.802,11.968,12.729,12.361,13.049,12.558,13.037,12.603,12.449,12.945,12.696,13.016,12.812,12.978,13.037,12.878,12.039,13.018,12.76,12.909,12.113,12.704,12.855,12.335,13.062,12.651,12.992,12.336,13.291,12.802,12.51,12.564,12.708,12.554,12.903,12.648,12.528,13.181,12.735,12.445,12.554,12.095,13.078,12.884,12.709,12.622,12.938,12.777,12.923,12.637,12.874,13.225,12.627,12.495,12.948,12.991,13.124,13.105,13.014,12.269,12.783,13.243,13.056,12.359,12.747,12.978,12.314,12.524,12.855,12.715,12.559,12.624,12.988,12.93
12.479,13.034,12.483,13.322,12.886,12.094,12.973,13.049,12.515,12.914,12.384,12.25,12.786,12.951,13.067,13.294,12.848,12.685,13.104,12.208,12.944,12.165,12.569,12.785,12.835,12.634,12.738,13.297,12.794,12.584,12.594,13.306,12.672,12.933,12.584,12.656,12.44,12.799,12.97,12.335,12.661,12.539,12.453,12.795,12.563,12.594,12.286,12.859,12.436,12.849,13.072,12.926,12.433,12.643,12.579,12.9,12.453,12.589,12.593,12.343,13.027,12.871,12.959,12.473,12.486,12.431,12.612,12.133,12.657,12.804,12.525,12.91,12.802,12.708,12.687,13.198,12.858,12.57,12.988,13.147,12.588,12.513,12.479,12.264,12.568,12.768,12.938,13.024,13.33,12.812,13.337,13.26,12.63,12.968,12.774,12.948,12.609,13.056,12.999,12.366
12.674,12.423,12.331,12.99,13.047,12.609,12.507,12.324,13.238,12.708,12.764,12.398,12.64,12.486,12.847,12.92,12.969,12.661,12.758,12.514,12.227,13.183,12.43,12.33,12.561,12.536,12.805,12.996,12.848,12.206,12.314,12.149,12.727,12.559,12.041,12.893,12.788,12.671,12.856,13.216,12.911,12.149,12.901,12.729,13.22,12.607,12.692,12.846,12.628,12.693,12.845,12.15,12.626,12.923,13.22,12.819,12.744,12.867,12.965,13.089,12.909,12.987,12.756,12.455,12.576,12.796,12.597,12.521,12.167,12.829,12.951,12.472,12.754,13.131,13.14,12.916,12.218,13.204,12.598,12.92,12.973,13.068,12.549,12.874,12.623,12.865,13.009,12.238,12.168,12.646,12.994,13.184,12.828,13.199,12.574,12.565,12.855,12.395,13.234,12.961
12.281,13.285,12.834,12.477,12.342,12.948,12.375,12.755,12.748,12.692,12.643,12.618,13.052,12.992,13.265,13.745,12.541,12.34,12.842,12.528,12.684,12.534,12.532,12.677,12.8,12.679,12.843,12.692,12.365,12.11,12.601,12.585,12.487,12.463,12.627,12.543,12.133,12.832,12.881,12.491,12.491,12.631,12.78,12.37,13.371,12.96,12.482,12.162,12.441,12.451,12.542,13.351,12.598,12.817,12.726,12.637,12.88,12.614,12.383,12.271,13.165,12.709,12.653,12.993,13.252,12.664,12.977,12.947,13.244,12.834,12.819,12.239,12.752,12.348,12.848,13.032,12.595,12.892,12.261,12.898,12.296,12.948,12.42,12.844,12.491,12.497,12.573,13.035,12.721,13.154,13.056,13.302,12.847,12.609,13.175,12.613,13.008,12.764,13.008,12.927
12.556,13.123,12.53,12.95,12.591,12.663,12.533,12.41,13.38,13.12,12.418,12.68,12.828,12.534,12.581,13.17,12.303,12.857,12.488,12.462,12.37,12.979,12.934,12.415,12.793,13.282,12.896,12.228,13.168,13.101,12.828,13.083,12.387,12.996,12.434,12.871,12.78,12.795,12.938,12.952,12.911,13.255,12.537,12.905,12.772,13.296,12.457,12.664,12.894,12.803,12.378,12.654,13.241,12.698,12.74,12.203,12.571,12.822,13.165,12.859,12.545,12.601,12.561,12.584,12.616,12.43,12.934,12.519,12.369,12.967,12.445,12.959,12.64,12.487,12.233,12.963,12.578,12.895,12.531,12.553,12.184,12.913,13.021,13.013,13.133,12.583,12.531,12.868,12.519,13.019,12.37,12.293,12.681,12.382,12.741,12.303,12.919,12.559,12.783,12.755
12.292,12.662,12.863,12.674,12.967,12.918,12.642,12.6,12.763,12.857,13.16,12.296,12.448,13.191,12.64,13.098,12.909,12.592,12.87,12.977,12.748,12.931,12.353,12.9,12.36,12.983,12.227,12.348,12.147,12.992,12.865,12.702,12.862,12.38,12.691,13.088,12.287,12.675,12.882,12.837,12.903,12.169,12.259,12.737,12.216,12.742,12.239,12.35,13.037,13.06,12.94,12.628,12.69,12.55,12.572,12.378,13.098,12.936,12.501,12.346,12.999,12.555,12.476,12.56,12.632,13.147,12.381,12.575,12.842,12.77,12.926,12.651,12.541,12.31,13.153,12.742,12.231,12.424,12.381,12.801,12.918,12.477,12.771,13.131,12.21,12.611,13.242,12.705,12.366,12.356,12.543,12.133,12.496,12.756,13.094,12.607,12.519,12.954,12.49,12.92
12.88,12.344,12.568,12.919,12.643,12.831,12.527,12.678,13.01,13.126,12.632,12.888,12.972,12.954,12.617,12.475,13.03,12.684,12.563,12.153,12.868,12.331,13.071,13.138,12.635,12.884,12.177,13.208,13.035,13.271,12.607,12.954,13.006,12.689,13.051,13.031,12.57,12.587,12.595,12.828,12.753,12.326,13.192,12.508,12.905,12.734,12.48,12.843,12.637,12.874,12.6,13.176,12.847,12.543,12.68,12.556,12.801,12.972,12.864,12.508,12.806,12.327,12.308,12.914,12.871,12.225,13.137,12.827,12.754,12.725,13.196,12.883,12.721,13.257,12.531,12.956,13.139,12.39,12.85,12.901,12.572,12.703,12.913,12.775,12.482,12.449,12.996,12.323,12.666,12.679,12.22,13.341,13.182,12.631,12.663,12.583,12.916,12.386,12.63,13.084
12.26,12.8,12.997,12.71,12.703,13.485,12.176,12.958,12.836,12.712,12.557,12.63,12.83,12.967,12.522,11.803,12.823,12.732,12.609,12.55,12.911,12.978,12.96,12.867,12.874,12.517,13.01,12.473,12.434,12.713,12.871,12.774,12.169,13.028,12.521,12.26,12.562,12.661,13.004,12.325,12.911,12.698,13.126,12.892,12.468,12.897,12.233,12.559,12.841,13.21,12.536,12.57,12.701,12.916,12.697,12.827,12.899,12.585,12.863,12.656,12.859,13.293,13.293,12.347,13.412,12.784,12.509,12.699,13.003,12.72,12.979,12.405,12.965,12.633,13.373,12.945,13,13.125,12.9,12.923,13.052,12.894,13.084,12.421,12.128,12.699,12.403,13.383,13.091,12.654,12.168,12.379,12.543,12.337,12.999,12.484,13.055,12.446,12.777,12.76
13.129,12.367,12.716,13.07,12.67,12.869,13.136,12.919,12.891,12.53,12.555,13.072,12.531,13.005,12.937,12.061,13.028,12.941,12.584,13.075,12.659,12.728,12.636,12.491,12.684,13.361,13.276,12.702,12.556,12.796,12.532,12.353,12.345,12.64,12.892,13.19,12.514,12.015,12.98,13.017,12.484,12.342,12.607,12.893,11.935,12.839,12.91,12.973,12.52,13.329,12.866,12.347,12.213,12.86,12.831,12.455,12.667,13.015,12.426,12.306,12.446,12.432,13.249,13.017,13.065,12.968,13.307,12.658,13.082,12.817,12.881,13.201,12.951,12.444,12.197,12.858,12.935,13.174,12.359,12.304,12.872,12.498,12.712,13.026,12.215,12.799,12.567,13.1,12.755,12.568,12.298,12.8,12.805,13.195,12.569,12.967,12.411,12.465,12.834,12.681
12.716,12.742,12.639,12.545,12.376,13.547,13.158,12.997,12.943,12.808,12.662,12.896,12.656,13.127,12.592,12.48,12.893,12.725,13.199,12.612,13.225,12.695,12.771,12.301,12.471,13.359,12.576,12.6,12.613,12.585,12.604,12.501,12.75,12.49,12.146,12.706,12.538,12.906,12.511,12.913,12.779,12.877,12.738,12.532,13.081,12.783,12.549,12.118,12.913,12.818,12.688,12.952,13.049,13.116,12.354,12.457,12.5,12.711,12.652,13.075,13.082,12.318,12.939,13.22,12.753,12.989,12.653,12.788,12.937,12.861,12.754,12.254,12.522,12.991,12.419,12.539,12.718,12.433,12.872,12.352,12.858,12.647,12.747,12.599,12.29,12.676,12.968,12.505,13.162,12.784,13.299,12.392,12.461,12.332,12.31,12.444,12.445,13.058,13.051,13.202
12.963,13.05,12.667,13.081,12.672,13.232,12.483,12.395,12.519,12.708,12.9,12.819,12.404,12.826,12.181,12.505,13.135,12.801,12.612,13.27,12.91,12.91,12.78,12.965,13.037,12.786,12.378,13.449,12.584,12.484,12.703,12.911,12.511,12.584,12.493,12.98,12.954,12.95,13.133,12.683,12.513,12.631,13.378,12.469,12.927,13.143,13.136,13.166,12.908,12.61,12.883,13.27,12.692,13.037,12.626,13.132,12.943,13.05,12.755,12.754,12.79,12.556,12.966,12.359,12.581,12.537,13.001,12.993,12.681,12.907,12.691,12.606,12.956,12.615,12.994,12.577,13.023,12.242,12.746,13.025,12.376,12.999,13.165,12.477,12.667,12.744,12.835,13.341,13.366,12.68,12.398,12.534,13.073,12.871,12.681,12.463,12.59,12.738,12.659,12.315
12.497,12.444,12.338,12.803,12.921,13.19,12.733,13.198,12.711,13.026,13.011,12.823,12.265,12.81,12.35,12.125,13.341,12.817,12.871,12.284,12.849,12.153,13.287,12.451,12.813,13.161,12.379,12.866,12.222,11.991,13.179,12.762,13.107,12.653,13.226,12.737,12.856,12.6,13.053,12.953,12.673,13.201,12.238,13.23,13.106,12.448,12.695,12.713,12.978,12.926,12.685,12.549,12.693,12.985,12.578,12.442,12.506,12.892,13.01,12.77,12.594,13.034,12.203,13.138,12.593,12.181,12.467,12.885,12.875,13.017,12.98,12.596,12.655,12.63,12.798,12.735,12.987,12.964,12.764,12.609,12.82,12.514,12.659,12.57,12.02,12.706,12.536,13.107,12.618,12.904,12.368,12.755,12.429,12.341,13.315,13.207,12.291,12.804,13.1,12.615
12.639,13.229,12.631,13.35,12.532,12.938,12.905,12.545,12.369,12.924,12.573,12.45,13.035,12.606,12.398,12.939,13.034,12.387,12.541,12.348,13.36,13.109,12.39,12.806,12.736,12.954,12.366,12.365,12.854,12.931,12.4,12.79,12.862,13.145,12.916,12.86,12.829,12.847,12.676,12.775,12.666,12.835,13.081,12.889,12.425,13.203,12.294,12.792,13.124,12.74,12.698,13.444,12.539,13.017,12.912,13.069,12.606,12.5,13.099,12.549,12.602,13.074,12.746,13.09,12.976,12.762,12.762,12.565,13.013,12.47,12.861,12.771,12.607,12.781,12.421,12.738,12.99,12.7,12.779,12.163,12.635,12.801,13.247,13.17,12.504,12.699,13.012,12.894,12.38,12.445,12.765,12.344,12.598,12.754,13.006,12.55,13.09,12.755,13.05,11.992
12.96,12.854,12.772,13.338,13.204,12.418,12.57,12.687,12.601,12.888,12.653,12.922,12.158,12.314,12.08,13.467,12.613,12.79,12.874,12.231,12.391,12.863,12.541,12.646,12.798,12.638,12.753,13.388,13.045,13.148,12.628,13.006,12.766,12.235,13.206,13.08,12.995,12.429,12.622,12.969,12.734,12.451,13.021,12.93,12.914,12.998,12.952,12.878,12.609,12.842,12.944,12.634,13.067,13.406,13.15,13.002,12.925,12.775,12.8,12.633,12.853,12.979,12.601,13.172,12.271,12.156,13.143,12.768,12.341,12.809,13.155,12.481,12.728,12.861,12.617,12.965,12.601,12.768,12.667,12.949,12.654,12.744,12.704,13.139,12.316,12.993,12.466,12.523,13.216,12.394,12.877,12.578,12.531,12.658,13.212,12.624,12.729,12.732,12.992,13.418
12.561,12.646,12.411,12.213,12.524,13.269,13.077,12.843,12.849,12.722,12.794,12.507,12.389,13.015,13.112,13.067,12.681,13.116,12.489,12.493,12.413,12.673,12.853,13.236,12.757,12.669,12.525,12.451,13.034,12.569,13.33,12.751,12.547,12.728,13.131,13.06,12.667,12.354,12.621,12.743,12.431,12.677,12.333,12.939,12.864,12.544,12.684,12.445,12.973,12.794,12.59,12.953,13.206,12.935,12.933,12.376,12.899,12.801,12.569,12.958,12.404,12.63,12.821,12.249,12.574,12.915,12.614,12.618,12.888,12.988,13.435,12.153,12.57,12.798,12.828,12.644,12.73,12.381,12.778,12.2,12.586,12.695,12.824,12.921,12.653,12.874,13.2,12.723,12.79,12.638,12.452,12.287,12.859,12.774,12.491,12.69,12.254,12.835,12.31,12.483
12.811,12.844,12.837,12.522,13.152,12.774,12.745,12.277,12.945,12.595,12.237,13.064,12.755,12.832,12.664,12.457,12.809,12.872,12.733,12.977,13.421,12.237,13.041,13.02,12.76,12.459,12.961,13.268,12.616,12.681,13.012,12.39,12.645,12.636,13.148,12.453,12.417,12.717,12.757,12.579,12.691,13.36,13.018,12.799,12.441,13.093,12.457,12.769,12.853,12.671,12.86,13.251,12.887,12.463,12.679,12.78,12.482,12.781,12.608,12.917,12.668,12.719,12.657,13.004,12.552,13.072,12.974,12.516,12.267,12.458,12.618,13.048,13.012,12.531,12.917,12.997,12.679,12.382,12.915,13.197,12.383,12.616,12.899,12.249,12.637,13.053,12.594,12.445,12.953,12.564,12.839,12.964,12.602,12.568,12.703,12.948,12.288,12.768,12.364,13.292
13.192,12.067,12.811,12.869,13.08,12.826,12.598,12.262,12.76,12.844,12.47,12.803,12.372,12.221,12.427,12.608,12.905,12.767,12.494,12.227,12.558,12.695,12.083,13.084,12.74,13.179,12.25,12.953,13.029,12.901,12.454,12.685,12.534,12.545,13.568,13.291,12.716,12.87,12.564,12.658,12.66,13.192,12.19,12.97,13.237,12.365,12.537,12.633,13.123,12.602,12.876,13.062,12.749,12.324,12.895,13.088,12.701,12.454,12.84,12.892,13.032,12.877,12.868,12.933,12.435,12.563,12.514,12.611,12.579,12.699,12.762,13.122,12.536,12.721,12.371,13.13,12.953,12.613,13.049,12.934,12.681,12.3,12.795,12.966,12.851,12.583,12.908,12.328,12.856,13.158,13.034,12.959,13.08,12.822,13.071,13.081,12.685,12.996,12.899,12.527
12.404,12.08,13.118,13.062,12.169,12.419,12.821,13.237,12.7,12.728,13.032,12.906,12.779,12.866,12.69,12.239,12.732,12.452,12.684,13.176,12.39,12.778,13.138,12.678,12.926,13.028,12.397,12.82,12.27,13.23,12.74,12.601,12.749,12.357,12.368,12.81,12.512,12.718,12.915,12.69,12.684,13.082,12.062,13.026,12.32,12.516,13.074,12.463,12.996,12.384,13.138,12.198,12.368,13.562,13.036,13.033,12.719,12.398,13.091,12.574,13.199,13.047,12.653,12.735,12.996,12.645,12.599,12.637,12.468,12.694,12.17,12.11,12.725,12.362,13.225,12.388,12.577,13.197,12.297,12.97,12.628,12.488,12.15,12.302,12.865,13.075,12.735,12.782,13.025,13.085,12.466,13.34,12.758,12.817,12.886,12.968,12.594,12.36,13.035,12.944
13.093,13.392,12.796,12.728,12.554,13.144,13.031,12.357,12.679,12.742,13.07,12.733,12.28,12.47,12.739,13.577,12.464,12.499,13.144,12.888,13.058,12.516,13.166,13.047,12.47,13.112,12.877,12.139,13.086,12.307,12.715,12.652,12.716,12.341,12.523,12.771,12.626,13.214,12.909,12.692,12.361,12.954,13.068,12.563,12.623,12.455,12.702,12.679,13.381,12.613,12.816,12.888,12.547,12.879,12.623,12.8,12.83,12.76,12.836,12.342,13.166,12.746,12.524,13.083,13.152,12.622,12.649,12.761,12.766,12.783,12.489,13.021,12.351,12.628,12.959,12.787,13.112,12.341,12.489,13.097,13.16,12.584,12.763,12.64,12.659,13.031,12.447,12.925,12.51,12.747,12.349,13.064,12.807,12.604,13.008,12.501,12.406,12.543,12.63,12.079
12.892,12.196,12.607,12.905,12.6,12.553,12.493,12.507,12.585,12.776,12.914,12.805,12.886,13.049,13.048,13.324,12.438,13.156,12.712,13.233,12.422,12.764,12.757,12.542,12.874,12.526,12.373,12.361,12.885,12.301,12.499,13.215,12.546,12.568,13.491,12.652,12.833,12.449,12.834,12.852,12.389,12.305,12.952,13.456,12.825,13.053,12.848,13.119,13.171,12.32,12.994,12.829,12.471,13.048,12.669,12.649,12.699,12.218,12.927,12.944,12.93,12.526,12.531,12.755,13.371,12.468,12.977,12.756,12.654,13.093,12.094,12.543,12.877,12.463,12.454,12.533,12.963,12.549,12.959,12.909,12.806,12.542,12.411,12.111,12.513,12.845,12.361,12.829,13.026,12.693,12.267,12.949,12.674,12.783,12.885,12.63,12.659,12.641,13.271,12.942
12.477,12.697,12.894,13.302,13.059,12.187,12.446,12.696,12.182,12.671,13.092,12.48,12.711,12.637,13.009,13.292,12.636,12.772,12.788,12.592,12.829,12.845,13.054,12.622,12.561,12.497,12.424,13.098,13.109,12.756,12.619,12.683,12.805,12.488,13.067,12.999,12.572,13.213,12.835,12.524,12.63,12.521,13.395,13.789,12.704,12.846,12.932,12.293,12.229,12.828,13.059,12.786,12.351,13.592,12.273,12.975,12.755,13.369,12.353,12.526,13.001,12.355,12.527,12.476,12.534,12.191,12.706,12.706,12.788,12.884,12.535,12.628,12.369,12.974,13.005,13.448,12.835,13.225,12.958,12.509,12.574,12.637,12.583,13.159,13.053,13.028,11.914,12.797,13.064,12.78,13.084,12.616,12.626,12.741,12.773,12.703,12.531,12.83,13.25,12.275
12.853,12.066,13.053,12.529,12.996,12.237,12.87,12.758,13.036,12.653,12.28,12.494,12.47,12.73,12.902,12.739,12.4,12.862,12.826,12.794,12.97,12.583,12.694,12.556,12.974,12.998,12.994,12.573,12.869,12.356,12.289,13.065,12.704,12.636,13.217,13.221,12.691,12.484,12.615,12.607,12.251,13.022,13.019,12.116,12.891,12.713,12.947,12.984,13.093,12.512,12.198,12.803,12.272,12.416,12.349,12.514,12.782,12.845,12.389,12.669,12.846,12.238,12.972,13.039,13.198,12.766,12.757,12.938,12.43,12.796,12.562,12.562,12.963,12.888,13.037,12.547,12.991,13.122,12.651,12.227,12.454,12.562,13.128,13.005,13.242,12.594,12.416,12.912,13.053,12.584,12.899,12.625,12.187,12.721,12.627,12.814,12.358,12.667,12.443,12.453
13.175,12.995,12.506,12.503,12.851,13.225,12.362,12.934,12.379,12.467,12.828,12.669,12.758,12.793,12.608,12.743,12.703,12.495,12.82,12.117,13.064,12.657,12.584,12.238,12.852,12.518,12.378,13.105,12.853,12.211,12.388,12.649,13.161,12.666,11.837,12.728,12.777,13.23,12.662,12.385,12.775,12.973,12.92,13.195,13.246,12.689,12.502,12.829,13.42,12.966,12.969,12.504,13.081,13.364,12.295,12.081,12.615,12.394,12.42,12.987,12.908,12.629,12.686,12.472,12.961,12.714,12.475,12.776,12.319,12.232,12.481,12.9,12.496,12.859,12.972,12.164,12.438,13.148,13.048,12.776,13.113,12.273,12.854,13.054,12.582,12.819,12.7,12.697,12.862,12.091,12.753,13.031,12.947,12.761,12.396,12.796,12.995,12.429,12.848,12.692
12.875,12.292,12.518,13.195,12.785,13.36,12.645,12.033,13.21,12.802,13.006,13.325,13.164,12.696,12.434,11.947,13.206,12.851,12.932,13.247,12.859,12.643,13.165,13.111,12.758,13.079,12.981,12.622,12.578,13.275,13.028,13.098,12.41,12.232,13.368,12.276,13.07,13.008,13.069,12.799,13.086,12.668,12.94,13.436,13.216,12.858,12.822,12.813,12.788,13.002,12.714,12.858,12.995,12.48,12.915,13.544,12.748,12.916,12.876,12.486,12.665,12.64,12.675,12.967,12.237,12.602,12.395,12.716,12.474,12.577,12.714,12.752,12.699,12.748,12.804,12.423,12.613,13.056,12.293,13.145,12.866,12.856,13.126,12.618,12.847,12.58,13.218,12.907,12.856,12.277,12.874,12.441,12.887,12.742,12.518,12.884,13.004,12.798,13.232,12.635
12.937,12.554,12.979,12.883,12.68,12.189,12.242,13.026,12.492,12.923,12.581,12.433,12.309,12.629,12.522,11.779,12.709,12.5,12.833,12.42,12.584,12.801,13.116,12.208,12.892,12.706,12.579,12.529,12.807,12.886,12.523,12.971,12.725,12.826,12.474,13.19,12.691,12.894,12.295,12.677,12.431,12.776,12.384,12.114,12.963,12.806,12.442,12.446,13.219,12.951,12.539,12.818,12.878,13.448,12.912,12.37,12.746,13,13.056,12.546,12.805,12.319,13.121,13.172,12.788,13.008,12.605,12.791,12.906,12.73,12.9,12.625,12.753,12.823,13.456,12.481,12.291,12.788,12.143,12.748,12.817,12.998,13.256,12.227,12.109,12.595,12.872,13.016,12.454,12.149,12.543,12.492,12.296,12.71,12.419,12.713,12.493,12.893,13.417,12.946
12.576,12.808,12.995,12.568,12.255,12.756,13.174,12.842,12.399,12.548,12.752,12.629,12.753,13.023,12.456,13.051,12.648,12.699,12.914,12.373,12.644,12.855,12.156,13.138,12.597,13.08,13.076,12.681,12.716,12.133,12.624,12.366,12.736,12.707,12.88,12.619,12.798,12.494,12.195,12.71,12.27,12.602,12.602,12.871,12.385,12.383,12.673,12.79,12.276,12.926,12.491,12.566,12.754,12.251,12.8,13.275,12.55,12.702,12.793,12.347,13.238,12.602,12.922,12.914,13.139,12.97,12.878,12.784,12.464,12.274,12.297,12.46,12.759,12.772,13.099,12.246,12.369,12.857,12.207,12.809,12.298,13.314,12.934,12.733,13.009,12.733,12.754,12.489,13.004,12.568,12.524,13.173,13.147,12.645,12.765,12.902,12.784,12.996,12.282,13.001
13.048,12.503,12.688,12.724,13.133,11.905,13.041,12.555,12.967,12.667,12.459,12.055,12.564,12.464,12.916,13.028,12.34,12.584,12.701,12.373,12.629,12.433,12.806,13.017,12.999,13.055,12.986,13.044,12.932,12.435,12.851,12.858,12.79,12.906,13.026,12.47,12.682,13.021,12.394,12.493,12.754,12.618,12.276,12.219,12.261,12.846,13.267,12.602,12.951,12.956,12.58,13.061,12.751,12.125,12.542,13.243,12.741,12.786,12.722,12.421,13.093,12.71,12.537,13.197,12.999,13.02,12.472,12.583,12.553,12.921,12.06,12.854,12.758,12.571,12.473,13.423,12.323,12.964,13.32,13.09,12.994,12.324,12.963,13.277,13.204,12.656,13.015,13.076,13.225,12.564,12.94,12.404,13.038,12.668,13.102,12.653,12.525,12.756,12.844,12.444
12.884,12.559,12.9,12.912,12.573,12.406,12.35,13.354,12.596,12.87,13.026,13.41,12.58,12.802,12.496,12.794,12.841,12.474,12.412,12.516,12.504,13.015,12.246,12.785,12.729,12.809,12.073,12.401,12.565,12.984,13.259,13.192,12.629,12.809,12.626,12.235,12.723,12.898,12.88,12.742,12.675,12.678,13.146,12.69,12.459,13.138,13.064,12.694,12.047,12.653,12.987,12.754,12.909,12.711,12.99,12.467,12.64,12.765,12.766,12.443,13.088,12.774,12.894,12.7,12.49,13.011,12.325,12.776,12.676,12.825,13.323,12.297,12.77,12.362,12.271,13.201,12.485,12.25,12.779,12.698,12.827,13.222,12.451,12.194,13.578,12.945,12.66,12.578,12.324,12.406,12.878,12.813,12.596,12.842,13.271,12.908,12.63,12.819,12.361,12.697
12.85,12.638,12.51,12.55,13.05,13.685,13.133,12.642,12.857,12.851,12.91,12.275,13.12,12.564,12.401,13.089,12.308,12.838,12.775,12.72,12.269,12.636,12.874,12.07,12.689,12.807,12.355,12.88,12.84,13.198,12.448,13.144,12.996,12.759,12.874,12.383,12.628,12.661,12.55,13.049,12.96,12.606,12.12,13.08,13.131,12.628,12.498,12.79,11.806,12.503,12.31,13.2,12.392,12.393,12.75,13.496,12.828,12.97,12.672,13.284,12.521,13.127,12.607,12.435,11.954,12.615,12.87,12.747,12.473,13.191,13.283,13.218,12.826,13.128,12.935,12.707,12.695,12.91,12.978,13.18,12.553,12.617,12.944,13.263,12.662,12.783,12.442,12.564,12.874,12.8,12.792,12.436,12.385,12.646,12.931,12.949,12.654,12.744,12.262,12.361
12.631,12.57,12.688,13.124,13.137,13.18,13.283,12.891,12.818,12.485,13.012,12.689,12.687,12.302,12.531,12.444,12.693,12.686,12.672,12.954,13.025,12.759,11.8,13.258,12.689,12.635,12.816,12.905,12.694,12.852,12.835,12.334,12.633,12.677,12.741,12.699,12.325,12.6,12.634,12.302,12.427,12.792,12.726,13.058,12.732,12.498,12.459,13.157,13.137,12.377,12.446,13.044,12.539,13.195,12.978,13.08,12.701,13.024,12.739,12.864,12.719,12.623,12.831,13.026,12.745,12.783,12.425,12.408,12.676,12.791,12.686,12.14,12.828,13.011,12.443,12.641,13.044,12.937,12.967,13.251,12.981,12.668,13.54,13.254,13.358,12.714,12.527,12.471,13.27,12.522,12.466,12.712,12.891,12.85,12.629,12.596,12.625,12.767,12.908,12.543
13.043,13.007,12.92,13.085,13.098,12.359,12.776,12.979,12.6,12.495,12.333,12.916,12.421,12.965,12.285,13.092,12.458,13.17,12.583,12.398,12.362,12.83,12.347,12.452,13.111,12.896,12.339,12.164,12.907,12.501,12.319,12.803,13.053,13.294,13.137,12.406,12.397,13.086,12.562,13.112,12.573,12.987,13.016,13.201,12.423,12.799,13.13,12.928,12.922,13.176,12.713,12.465,12.955,12.731,12.503,12.364,12.743,12.276,12.819,12.925,12.678,12.503,12.929,12.39,12.842,12.882,12.363,13.332,12.418,12.461,13.062,12.718,12.707,12.757,12.978,12.656,12.701,12.894,12.581,12.828,12.817,12.42,13.276,13.047,13.068,12.82,12.809,12.781,12.619,12.853,12.829,12.98,13.093,12.841,12.334,12.923,12.396,12.69,12.78,13.328
12.438,13.123,12.58,12.644,13.137,13.562,12.407,12.462,12.724,12.91,12.341,12.623,12.76,12.211,12.938,12.561,12.73,12.551,12.735,12.73,12.252,12.728,11.998,12.358,12.717,12.686,12.634,12.671,12.888,13.024,12.938,12.084,12.866,12.676,13.116,12.497,12.695,12.293,12.715,12.618,13.336,13.004,12.556,13.04,12.976,12.342,12.844,12.9,12.322,12.403,12.461,12.997,12.688,13.156,12.941,12.109,12.829,12.685,12.817,13.08,12.426,12.996,12.998,12.907,12.17,12.515,12.615,12.608,13.034,13.28,12.336,12.471,12.92,12.987,12.882,12.576,12.563,12.07,13.269,12.299,12.31,12.947,13.278,12.971,13.299,12.755,13.323,12.309,12.476,12.529,12.423,12.588,12.609,12.554,12.421,12.388,13.28,12.924,13.251,12.902
13.31,13.154,12.946,12.487,13.294,12.724,12.768,12.729,12.724,12.523,12.435,12.777,12.807,12.302,12.598,12.965,12.714,12.346,12.551,12.624,12.505,12.761,13.671,12.721,12.817,12.728,12.509,12.989,12.643,12.863,12.897,12.523,12.839,12.746,12.387,12.99,12.916,13.074,13.204,12.962,12.821,13.317,13.051,13.018,12.811,12.678,12.752,12.779,12.255,12.831,12.649,12.696,12.646,12.839,12.873,12.419,12.567,12.756,12.777,12.095,12.953,12.445,12.583,12.9,12.718,13.097,12.99,12.736,12.81,12.511,12.999,12.323,12.679,13,13.155,13.044,12.699,12.893,12.077,12.959,12.496,12.817,13.279,12.213,13.331,12.87,13.057,12.693,12.426,12.868,13.321,13.249,12.212,12.595,13.296,12.895,12.549,12.849,13.09,13.3
12.782,13.27,12.923,12.994,13.127,12.394,12.525,13.514,12.559,13.075,12.807,12.247,12.817,12.526,12.903,12.943,12.831,12.491,13.106,12.655,13.231,12.591,12.171,13.067,12.865,12.577,12.65,12.797,12.747,13.25,12.201,12.679,12.634,12.501,12.333,12.418,12.491,12.305,12.911,12.285,12.706,13.045,13.275,12.598,13.198,13.024,12.466,12.817,13.333,13.313,12.362,12.969,12.79,12.577,12.711,12.705,12.93,12.943,12.817,13.242,12.858,12.94,12.827,12.495,13.139,12.532,12.478,13.022,12.592,12.903,12.46,13.268,13.138,13.32,12.83,12.418,12.577,12.852,12.666,13.105,12.99,12.323,12.936,12.978,12.325,12.604,12.104,13.053,12.478,12.132,12.719,12.161,12.899,12.91,12.422,12.705,12.945,12.689,12.292,12.412
13.277,12.537,12.659,13.201,13.014,12.42,12.21,13.277,12.684,12.209,12.072,12.801,13.013,12.533,12.521,13.158,12.975,12.258,12.359,12.346,12.738,12.619,12.982,12.73,12.575,12.619,13.241,13.109,12.081,12.613,12.836,12.498,12.518,12.437,12.587,12.806,12.467,12.416,13.021,12.811,12.734,12.877,12.691,12.411,12.665,12.4,12.706,12.791,12.201,12.812,12.662,12.951,12.684,12.148,12.765,12.358,12.393,12.215,13.038,12.435,12.589,12.139,12.582,12.522,12.866,12.319,12.988,12.689,12.645,12.651,12.2,12.899,12.442,13.243,12.52,12.36,12.547,13.132,13.225,13.154,12.551,12.364,12.869,12.393,13.206,12.826,13.291,12.641,13.103,13.406,12.598,12.24,12.759,12.434,12.525,12.866,12.482,12.711,13.225,12.329
12.347,12.552,12.828,12.412,12.846,12.834,13.285,13.337,12.606,12.652,12.815,12.329,12.605,12.432,12.471,12.612,12.442,12.345,12.579,12.947,13.053,12.917,13.754,12.454,12.582,12.613,12.432,13.313,12.931,12.987,12.42,13.127,12.695,12.74,12.761,12.359,12.36,12.333,12.658,12.258,12.376,12.928,13.268,12.611,12.672,12.544,12.827,12.821,12.952,12.131,12.502,12.398,13.093,12.059,12.612,12.015,12.688,12.893,13.041,12.991,12.674,12.034,12.413,12.433,12.456,12.865,13.217,12.503,12.836,13.258,13.012,12.501,12.692,13.332,13.081,12.578,12.89,12.92,13.168,12.785,12.763,13.06,13.193,12.597,13.354,12.767,12.747,12.769,12.542,13.277,12.701,12.511,12.379,12.654,13.016,12.934,12.317,12.813,12.387,11.918
13.379,12.98,12.829,12.926,12.886,12.717,12.691,12.825,12.729,12.862,12.899,12.866,12.665,12.65,12.862,12.97,12.907,12.659,13.159,13.024,12.661,12.918,12.278,13.166,12.703,12.722,12.326,11.945,12.974,12.214,12.125,12.667,12.809,12.73,12.548,12.746,12.675,13.112,12.249,12.588,12.772,13.067,12.379,13.401,12.772,13.18,12.834,12.853,12.711,13.15,13.127,13.097,12.348,12.06,12.795,13.438,12.473,13.083,12.666,13.038,12.658,13.069,12.454,13.01,12.937,13.314,12.753,12.906,12.896,12.409,12.516,11.945,12.581,12.699,13.293,12.257,13.276,12.908,12.742,12.804,12.664,12.814,12.391,12.904,12.761,12.707,11.83,12.992,12.615,12.603,12.785,12.888,12.711,12.651,13.115,12.646,12.465,12.705,12.403,13.123
12.921,12.731,12.764,12.926,12.211,12.064,12.338,12.39,12.741,12.624,13.099,11.794,12.496,12.49,12.621,12.502,12.876,13.209,12.995,12.158,12.781,12.872,12.098,12.781,12.789,13.007,12.343,12.327,13.023,13.123,12.268,12.796,12.98,12.675,12.188,13.256,12.553,12.302,12.484,13.131,13.137,13.088,13.329,12.948,13.204,12.313,12.573,12.752,12.32,12.949,12.703,12.961,12.433,13.294,12.764,13.085,12.68,12.921,12.522,12.884,12.677,12.53,12.704,12.968,12.404,12.945,13.132,12.778,12.445,12.848,13.168,11.953,12.881,12.723,12.909,13.084,12.236,12.7,12.329,12.941,12.506,12.222,12.657,12.937,13.317,12.665,12.692,13.127,12.914,12.575,12.747,12.752,12.639,12.544,12.269,12.94,11.937,12.658,11.995,13.466
12.682,13.295,12.998,12.523,12.922,12.886,13.151,12.502,12.59,12.911,13.04,13.212,12.672,12.778,12.379,13.338,12.731,12.753,12.733,13.049,13.132,12.696,12.453,12.527,12.695,12.676,13.11,13.462,12.526,12.938,12.169,12.484,12.833,12.667,12.505,12.462,12.619,12.917,12.815,12.896,12.748,12.453,12.918,12.355,12.659,12.3,12.714,12.473,12.176,12.474,12.014,12.531,12.695,13.101,12.724,13.103,12.6,13.281,13.043,12.778,12.663,12.995,12.736,12.759,12.966,13.347,12.646,12.692,13.08,13.596,13.016,12.575,12.752,12.758,12.683,13.233,12.139,12.67,13.036,12.557,13.11,13.109,13.119,13.012,12.169,12.601,13.119,12.522,12.866,12.636,12.411,12.071,12.385,12.946,12.409,12.605,12.193,12.736,12.525,13.45
12.898,12.978,12.256,12.631,13.396,13.215,12.576,12.398,12.667,12.854,12.483,13.156,13.258,12.26,13.017,12.463,13.016,12.953,13.157,12.907,12.604,12.614,12.258,13.11,12.434,12.711,12.764,12.788,12.417,12.282,12.753,12.496,12.897,12.842,12.819,12.516,12.783,12.653,13.077,12.612,12.905,12.72,12.218,13.232,13.058,12.12,12.713,12.774,13.124,12.706,13.151,12.446,12.955,13.125,12.876,13.323,12.69,12.512,12.483,13.08,12.672,13.061,12.603,12.256,12.554,12.227,12.625,12.709,12.873,12.851,12.992,13.699,12.623,12.567,13.068,12.311,12.354,12.582,12.962,12.516,13.156,13.126,12.583,12.191,13.325,13.014,12.724,12.77,12.78,12.401,12.769,12.942,12.75,12.872,12.129,12.829,13.171,12.726,12.915,13.233
12.407,13.088,13.14,12.442,12.693,12.031,12.751,13.235,12.681,12.548,12.484,11.952,13.303,12.341,12.892,12.015,12.868,12.358,12.132,13.358,13.183,12.737,13.247,12.389,12.557,12.924,12.289,12.808,12.618,12.183,12.561,12.747,12.474,12.749,13.018,12.947,12.043,13.054,12.86,12.579,12.957,13.241,13.022,12.995,12.389,12.647,12.938,12.766,12.637,13.231,12.182,12.974,12.595,12.329,12.818,12.037,12.561,12.605,12.63,12.495,12.836,13.01,12.606,12.471,12.946,12.794,12.633,12.605,13.035,12.683,12.757,13.203,12.932,12.965,12.206,12.719,12.54,12.764,13.006,13.314,12.571,12.965,13.018,12.289,12.888,13.056,12.282,12.796,13.046,12.447,12.667,12.358,12.988,12.903,12.913,12.383,13.302,12.85,13.065,12.786
12.989,12.785,12.53,12.582,13.117,12.551,12.375,12.278,12.577,12.855,12.34,11.953,12.437,12.857,12.73,11.957,12.421,12.641,12.663,13.015,12.476,13.025,12.629,12.544,12.707,12.522,12.357,12.627,13.026,12.539,12.384,12.549,12.574,12.607,12.207,12.956,12.656,12.799,12.966,12.596,12.684,12.281,12.336,13.297,13.315,13.229,12.71,12.627,12.553,12.192,13.002,12.485,13.04,13.093,12.672,13.096,12.42,12.598,12.674,12.999,12.637,12.91,12.146,12.887,12.958,13.023,13.022,12.841,12.242,12.666,12.933,12.927,13.083,13.281,12.985,13.122,12.53,12.808,12.408,12.777,12.987,12.829,12.392,12.967,13.197,12.549,13.486,12.743,13.147,13.036,12.593,13.029,13.075,12.765,13.281,12.459,12.5,12.936,12.934,12.537
12.407,12.56,12.14,12.825,13.113,13.236,12.869,13.095,12.318,12.919,12.857,12.35,12.197,12.367,12.907,13.3,12.6,12.471,12.681,12.186,13.326,12.994,12.91,12.741,12.742,12.914,12.868,13.121,13.236,11.99,12.277,12.713,12.94,12.628,12.891,12.396,12.827,12.139,12.76,12.368,12.621,13.038,13.306,12.233,13.347,12.85,12.956,12.792,12.605,12.538,12.604,12.844,13.073,12.904,12.843,12.855,12.844,12.503,12.395,12.673,12.805,12.804,12.502,13.313,12.386,12.582,12.789,12.86,12.894,13.208,12.478,12.638,12.738,12.648,13.131,12.537,12.637,12.796,13.113,12.485,13.021,12.591,12.638,12.801,13.489,12.966,12.612,12.688,12.393,12.811,12.782,13.376,12.97,12.803,12.869,12.398,13.232,12.747,13.036,12.301
12.435,12.964,12.165,12.688,12.76,12.392,13.427,13.135,13.12,12.724,12.702,12.344,12.287,12.476,12.947,12.645,12.892,12.197,12.985,13.005,12.189,12.564,12.676,12.923,12.969,12.372,12.574,13.115,12.511,13.14,13.552,12.701,12.857,12.749,12.267,12.643,13.196,13.212,12.981,12.862,12.855,13.243,12.566,13.16,12.889,13.274,12.937,12.632,12.249,12.486,13.419,12.491,12.531,13.186,12.805,12.766,12.754,13.132,12.879,12.692,12.586,12.294,12.041,12.644,12.546,13.084,12.7,12.715,12.808,12.776,12.819,13.192,12.474,13.309,13.222,12.777,12.86,12.853,12.749,12.331,12.626,12.948,12.394,12.314,13.335,12.753,12.866,12.273,12.327,12.731,12.769,12.378,13.008,12.726,13.139,12.279,12.455,12.63,12.287,12.572
13.055,12.982,13.13,13.079,12.806,13.348,13.112,12.187,13.069,12.825,12.378,12.166,12.771,13.259,12.946,13.213,12.735,13.199,12.789,12.063,12.772,12.901,12.598,12.869,12.878,12.496,12.638,12.846,13.114,12.127,12.242,12.913,12.633,12.649,13.318,13.123,12.784,12.262,12.59,12.362,12.971,12.583,13.243,12.516,12.05,13.375,12.532,12.679,12.811,12.603,12.234,13.028,12.455,12.674,12.685,12.289,12.326,12.552,13.021,12.419,12.846,12.709,12.009,12.132,12.738,13.311,12.715,13.036,12.548,12.167,12.534,12.563,12.58,12.881,13.131,12.267,12.39,12.868,13.475,12.469,12.959,12.64,12.663,12.429,12.88,12.647,12.218,12.832,12.563,12.93,12.514,13.113,13.3,12.954,12.249,12.272,13.078,12.623,12.754,13.207
13.127,12.7,12.606,12.258,12.468,11.901,12.088,12.173,12.296,13.046,12.699,13.339,13.017,13.144,12.62,12.527,12.42,12.565,12.493,12.604,13.069,13.08,12.907,13.114,12.818,12.772,12.384,13.04,12.402,12.972,11.982,12.599,12.835,12.819,13.157,12.613,12.524,13.166,12.579,12.514,12.533,12.745,12.291,13.005,13.222,12.702,12.681,12.897,13.134,12.92,12.726,13.017,12.762,12.435,12.59,12.119,12.718,12.039,12.661,12.646,12.622,13.384,12.773,12.338,12.503,13.048,12.648,12.836,12.804,12.768,12.646,12.883,12.951,12.563,12.214,12.287,12.613,12.918,13.315,12.374,12.511,12.069,12.431,12.669,12.185,12.908,12.456,12.636,12.415,13.041,12.548,12.528,13.184,12.619,12.665,12.091,12.555,12.701,13.078,12.648
12.816,12.677,12.963,13.098,12.704,13.609,12.184,12.061,12.863,12.747,12.61,12.559,13.3,13.036,12.415,12.398,12.967,13.201,13.218,12.698,12.519,12.733,12.456,12.57,13.298,12.782,12.428,12.219,12.757,12.492,11.997,13.227,12.692,12.439,13.283,12.569,12.998,12.45,12.341,12.663,12.936,12.884,12.153,12.81,12.326,13.214,12.698,12.588,12.595,13.086,12.37,12.52,12.14,13.018,12.476,12.61,12.546,13.083,12.686,12.58,12.645,12.07,12.879,12.512,12.858,12.304,13.045,12.575,13.078,12.8,12.535,12.607,12.646,12.513,12.649,13.199,12.65,12.828,12.522,13.305,13.27,12.54,12.738,12.336,13.163,12.667,13.231,12.869,12.391,13.103,12.505,12.452,12.888,12.768,12.186,12.395,12.799,12.767,12.089,12.337
12.325,12.709,12.345,12.621,12.554,12.16,13.356,12.382,13.123,12.733,13.101,12.706,13.264,13.017,12.606,13.168,12.629,13.181,12.465,12.567,12.123,12.614,13.112,13.318,12.976,12.645,12.774,13.025,12.902,12.637,12.214,12.943,12.397,12.503,12.759,12.398,12.721,13.274,12.915,12.873,12.82,12.784,12.588,13.134,12.878,12.786,12.258,12.734,12.605,12.663,12.543,12.512,13.217,12.964,12.894,12.236,12.897,12.78,13,12.192,12.901,12.859,11.884,12.854,12.782,12.79,12.861,12.754,13.159,12.72,13.247,12.793,12.276,13.29,12.572,12.542,12.632,12.568,12.975,13.098,12.447,12.47,12.851,12.675,13.249,12.762,12.849,12.734,12.34,12.585,12.624,12.648,12.801,12.883,13.051,12.634,12.8,12.647,13.241,12.061
13.19,12.574,12.663,12.478,12.48,12.778,13.338,12.493,12.635,12.471,12.433,13.032,12.836,13.08,12.528,13.069,12.888,12.498,12.391,12.026,13.278,12.903,12.243,12.665,12.595,12.706,12.447,13.102,12.946,12.782,12.729,12.704,12.982,12.321,12.094,12.445,12.316,13.148,12.467,12.93,12.607,13.052,13.166,13.038,13.09,12.967,12.755,12.776,12.365,12.943,12.817,13.012,12.891,12.907,12.591,12.143,12.636,12.248,12.613,12.504,12.9,12.65,12.164,12.809,12.854,12.74,12.927,12.867,13.08,12.653,12.165,12.975,12.721,13.046,12.318,13.462,12.534,13.094,12.342,13.215,12.266,12.997,13.027,13.462,12.532,12.778,12.796,12.911,13.095,12.838,12.765,12.34,12.542,12.706,12.813,13.242,12.954,12.689,12.176,12.435
12.117,12.808,12.998,12.588,12.491,12.428,12.169,13.638,12.3,12.947,12.492,12.841,12.84,12.559,12.302,12.317,12.587,12.643,12.762,11.666,12.804,12.709,13.002,12.833,12.289,12.706,12.422,12.33,12.964,12.228,13.21,12.8,12.694,12.726,12.336,12.784,13.216,13.155,12.58,12.791,12.513,13.021,12.39,12.329,13.078,12.928,12.528,12.828,12.485,12.856,13.16,12.397,12.599,13.148,12.489,13.652,12.981,13.086,12.712,13.008,12.546,12.706,12.918,12.937,12.715,12.549,12.903,12.941,12.591,12.487,12.79,12.696,12.31,12.509,12.734,12.339,12.85,12.344,13.118,13.02,12.96,13.32,12.101,13.204,12.501,12.721,12.306,12.749,12.671,13.25,12.579,12.714,12.467,12.274,13.175,12.665,13.081,12.576,12.741,13.23
13.316,13.069,13.24,12.79,12.36,13.276,12.002,11.898,12.364,12.504,13.083,13.586,12.797,13.553,12.843,12.545,12.519,12.474,12.987,12.496,12.252,12.552,13.432,12.854,13.165,12.936,12.657,13.092,13,12.389,12.508,12.296,12.533,12.407,13.434,12.441,13.147,13.27,12.772,12.904,12.853,12.445,12.389,12.491,12.141,13.153,12.706,12.633,12.98,12.927,13.124,12.927,13.065,13.033,12.853,13.14,13.256,13.243,12.765,12.848,12.771,12.929,12.319,12.694,12.815,13.026,12.66,12.866,12.549,12.86,12.556,12.508,12.819,12.865,12.263,12.521,13.063,12.924,13.23,12.382,12.811,12.466,12.446,12.825,12.594,12.643,12.32,12.58,12.386,12.851,12.814,12.788,12.546,12.961,12.92,12.396,13.28,12.613,13.304,13.199
13.237,12.442,12.39,12.624,12.497,12.003,11.863,13.429,12.756,13.001,12.868,12.04,12.986,13.275,12.885,12.584,12.427,12.887,12.052,12.306,13.46,12.473,13.096,12.898,13.104,12.658,12.461,12.925,13.075,12.695,12.799,12.916,12.639,13.321,12.188,12.967,12.512,12.36,12.868,12.817,12.663,12.325,12.471,12.434,13.165,12.59,13.1,12.788,13.095,12.56,13.313,13.254,12.813,12.615,12.889,12.827,12.567,12.51,12.742,12.447,12.918,12.864,13.402,13.027,12.702,12.797,13.017,12.958,12.888,13.086,12.599,13.126,12.317,12.493,12.335,12.35,12.709,12.852,12.256,12.363,12.413,12.953,13.18,13.097,13.292,12.915,13.576,12.806,12.804,12.663,12.455,12.584,12.546,12.573,12.852,12.624,12.146,12.971,13.423,12.888
13.148,12.722,12.302,12.865,12.434,13.516,12.831,12.536,13.03,12.622,12.76,13.394,12.821,12.816,12.894,12.876,12.898,12.86,12.983,11.998,12.979,12.84,13.403,12.211,12.414,12.708,13.203,13.161,12.824,12.998,12.801,12.675,12.624,12.222,13.068,12.66,12.871,11.957,13.015,12.733,12.851,12.917,12.922,12.969,12.164,13.068,13.082,12.581,12.974,12.436,12.839,12.285,12.972,12.364,12.928,12.357,12.801,12.523,12.839,12.892,13.045,12.808,12.644,12.417,12.676,12.941,12.683,12.879,12.401,13.112,12.88,12.877,12.864,12.44,13.172,12.695,12.52,12.759,12.421,12.506,12.305,12.757,12.437,13.235,12.811,12.682,13.181,12.759,12.944,12.278,12.703,12.898,13.211,12.809,13.039,12.587,12.05,12.627,12.713,12.992
13.402,12.82,12.555,12.876,13.057,13.35,12.4,12.083,12.325,12.577,13.011,13.212,12.479,12.344,12.409,12.35,12.715,12.605,12.994,12.136,12.968,12.896,12.229,13.017,12.468,12.959,12.403,12.385,12.863,12.95,12.914,12.166,12.781,12.131,12.196,12.583,12.858,13.43,12.26,12.687,12.671,12.681,12.543,12.244,13.159,12.99,12.821,12.555,12.374,12.202,13.061,12.922,13.16,13.129,12.763,12.591,12.977,12.436,12.63,12.847,12.873,12.1,12.866,12.427,12.996,12.842,12.674,12.521,12.249,12.321,12.516,12.113,12.995,12.721,13.112,12.856,12.662,12.973,12.173,12.795,13.127,12.775,12.334,12.528,12.256,12.913,12.762,12.875,13.093,12.874,12.715,12.812,12.856,13.045,12.989,13.043,12.301,12.59,12.144,12.191
13.003,12.73,13.442,12.864,12.305,13.102,12.469,13.311,13.352,12.473,12.475,12.08,12.543,12.091,12.385,12.078,12.686,13.252,12.109,13.389,12.115,12.886,12.891,12.959,12.372,12.915,12.424,12.354,13.108,12.81,12.826,13.023,12.858,13.155,13.516,13.235,12.847,13.418,12.541,12.718,12.79,12.818,12.721,12.856,13.186,13.038,12.901,12.695,13.375,12.538,12.886,13.011,13.408,12.969,12.505,12.583,12.65,12.999,12.54,12.563,12.773,13.162,12.607,12.64,13.156,13.048,12.96,13.037,12.62,12.64,12.484,13.132,13.014,12.843,13.008,13.247,13.03,13.121,13.174,13.196,12.444,13.582,13.241,12.425,12.445,12.815,12.326,12.59,13.007,12.506,12.822,12.89,12.172,12.476,12.797,12.514,13.005,12.536,12.102,12.337
13.325,12.962,13.206,12.638,12.442,13.1,11.743,12.379,12.209,12.992,12.392,12.718,13.005,13.343,12.411,13.024,12.803,12.914,12.803,12.222,12.455,13.183,12.479,12.755,12.892,12.547,12.758,12.662,12.575,13.028,12.621,13.338,12.728,12.676,12.32,13.161,13.163,12.103,12.706,12.683,12.58,12.797,12.913,12.786,13.139,12.64,12.858,12.7,12.841,12.54,13.092,13.084,12.887,13.129,12.56,12.818,12.307,12.813,12.659,12.841,12.514,12.867,12.799,12.366,12.448,13.133,13.235,12.811,12.951,12.793,12.137,13.254,12.781,12.684,12.271,12.18,13.076,12.325,12.822,13.121,12.576,12.563,13.305,12.623,12.762,12.851,13.286,12.768,12.504,12.482,12.86,12.318,12.799,13.06,12.981,13.132,12.319,12.889,12.749,12.408
12.912,12.537,12.888,12.48,13.117,13.237,13.013,13.19,12.882,12.926,12.808,13.185,12.655,13.219,12.62,13.278,12.749,12.328,12.859,12.495,12.519,12.374,12.459,13.266,12.888,12.548,12.919,13.063,12.898,13.305,12.737,12.505,12.934,12.35,12.277,12.604,12.393,11.897,12.574,12.793,12.64,12.561,13.007,12.807,12.341,12.632,12.483,12.582,12.997,12.019,11.922,12.576,12.754,12.764,12.96,12.42,12.979,12.568,13.001,12.937,12.686,12.474,12.699,12.447,12.937,12.595,12.642,12.869,12.376,12.907,13.086,12.526,12.68,12.709,13.06,12.71,13.105,13.233,12.126,12.694,12.149,13.086,13.121,12.748,12.522,12.59,12.776,13.031,12.723,12.911,13.131,12.649,12.711,13.155,12.494,12.423,12.971,12.597,12.056,12.153
12.477,12.983,12.307,12.571,12.852,13.018,12.458,12.323,11.977,12.775,12.764,13.119,12.636,12.299,12.91,13.03,12.942,12.337,12.32,12.343,13.078,12.964,11.951,12.895,12.539,12.832,12.816,12.616,13.054,12.317,12.907,12.746,12.791,12.366,13.278,12.161,12.66,13.225,12.285,12.755,12.957,13.054,12.513,12.441,13.348,12.293,12.88,12.804,12.566,12.899,12.173,12.819,12.624,12.426,12.856,12.264,12.697,12.737,12.879,12.56,12.833,12.503,13.122,12.654,12.879,13.111,12.406,13.059,12.73,12.563,13.098,12.515,12.574,12.626,13.152,13.3,12.967,12.645,13.217,12.234,12.434,12.249,12.327,12.901,12.353,12.87,13.234,12.803,13.177,12.498,12.81,12.872,13.005,12.75,12.985,12.77,12.61,12.566,12.712,13.241
12.925,13.043,12.27,12.906,13.171,12.265,12.334,12.184,12.256,12.601,12.825,12.557,12.595,12.356,12.832,13.073,12.779,12.502,12.762,13.134,12.982,12.862,13.028,12.789,13.036,12.951,12.567,12.897,12.681,12.517,13.049,12.504,12.789,12.616,12.144,12.452,12.191,13.432,12.522,12.839,12.731,12.994,12.958,12.601,13.005,12.502,12.646,12.821,12.287,12.976,13.029,13.056,12.85,13.148,12.581,12.312,12.944,12.727,12.75,12.453,12.738,12.633,12.974,13.19,12.993,13.121,12.502,12.679,12.911,12.954,12.35,12.939,12.754,12.713,12.557,12.591,12.971,12.864,12.88,13.083,12.562,12.548,12.237,12.864,12.455,12.448,12.186,12.96,12.776,13.166,12.234,12.695,12.813,13.197,12.531,12.402,12.124,12.596,12.84,12.802
12.187,12.598,11.865,12.563,12.541,13.105,12.997,11.762,13.345,12.573,12.894,12.83,13.051,12.749,12.812,12.072,12.866,12.425,12.951,12.508,13.046,12.398,12.866,12.785,12.695,12.933,13.038,12.97,12.627,12.729,12.882,12.497,12.817,12.653,12.118,12.838,13.015,12.346,12.908,13.083,12.811,12.823,12.97,13.311,13.103,12.393,12.546,12.379,12.899,13.235,12.563,12.835,13.011,12.607,12.706,12.069,13.11,12.24,12.772,12.618,12.895,12.555,12.754,13.081,13.228,12.92,12.542,12.586,12.431,13.015,13.193,12.284,12.666,12.9,12.666,12.704,12.442,12.859,12.727,12.253,12.612,12.503,13.304,13.04,11.993,12.439,12.934,12.562,12.5,12.611,12.589,12.789,13.014,12.374,12.438,13.168,12.286,12.421,12.735,13.046
12.702,12.405,13.358,12.934,12.532,12.929,11.891,13.506,13.092,12.744,13.214,12.777,12.986,13.091,12.917,12.329,12.654,12.71,12.512,12.367,12.727,12.734,12.271,12.601,12.747,12.489,12.929,13.109,13.062,12.671,13.307,12.817,12.076,12.981,12.379,12.626,12.987,13.1,12.966,12.72,12.397,12.553,12.955,13.046,12.87,12.172,12.521,12.818,12.51,13.129,12.029,12.395,13.184,13.081,12.4,13.71,12.52,12.04,12.785,12.438,12.639,12.648,12.434,12.712,13.033,13.027,12.359,12.803,12.442,12.356,13.04,12.417,12.72,12.898,12.435,12.351,12.936,12.95,13.234,12.812,12.945,12.483,12.999,13.036,12.853,12.729,12.756,12.468,12.412,12.553,12.319,12.577,12.247,13.202,12.704,12.923,12.07,12.334,13.126,12.749
12.672,12.528,12.273,12.673,12.861,12.134,12.973,13.393,12.768,12.831,12.38,11.888,13.04,12.502,12.496,12.634,12.876,12.79,12.454,13.136,13.254,12.578,12.519,12.753,13.087,13.181,12.958,13.514,12.699,13.003,12.697,13.215,12.826,12.702,13.18,12.484,12.346,12.338,12.966,13.177,12.826,12.714,12.793,12.538,13.192,13.23,12.823,12.567,13.023,13.151,13.001,12.417,13.311,12.451,12.692,12.099,12.376,13.099,12.791,12.629,12.819,12.615,13.103,12.512,12.96,12.72,12.971,12.809,12.9,13.01,12.423,12.569,12.73,12.788,12.214,13.198,12.692,12.719,12.384,12.112,12.35,13.31,12.422,12.879,12.366,12.496,12.659,12.383,12.771,12.413,12.458,12.809,13.146,12.671,12.679,12.819,12.493,13.109,11.996,12.48
12.168,12.709,12.326,12.292,12.702,12.996,12.683,12.868,12.882,12.753,12.47,12.622,12.919,12.845,12.545,13.194,12.814,12.752,13.102,12.002,12.755,12.781,12.41,12.56,12.582,12.815,12.624,12.726,12.843,13.013,12.693,12.689,12.63,12.642,13.154,12.277,12.97,13.215,12.264,12.773,12.698,12.481,12.519,13.28,12.584,13.336,12.731,12.827,12.874,12.504,12.937,12.294,12.657,12.481,12.751,13.117,12.744,12.861,12.677,12.385,12.45,12.827,12.643,13.077,12.228,13.085,12.851,12.928,12.403,12.698,12.262,12.165,12.65,12.757,13.134,12.859,12.795,12.672,13.086,13.173,12.605,12.378,12.597,13.083,11.977,12.717,13.009,12.748,12.479,12.635,12.58,12.917,12.96,13.168,12.133,13.026,12.397,12.746,13.152,13.175
13.045,12.994,12.337,12.402,12.613,12.5,12.92,13.329,12.055,12.537,12.945,12.241,12.35,13.15,12.847,12.392,12.624,12.599,12.879,13.009,13.306,12.734,12.635,12.393,13.002,12.717,12.948,12.655,12.58,12.204,12.101,12.328,12.613,12.561,13.15,12.606,12.658,13.158,12.864,12.605,12.276,12.789,12.792,12.724,13.085,12.805,12.746,12.659,12.567,13.313,13.041,12.522,12.402,12.393,12.932,13.378,12.713,13.057,12.806,12.727,12.571,12.621,13.369,12.987,12.24,12.494,12.329,12.924,12.771,12.738,12.485,12.546,12.769,13.093,12.317,12.352,12.476,12.874,12.757,12.404,13.377,13.231,12.714,13.201,12.116,12.588,12.356,12.994,12.982,12.798,12.878,12.781,12.651,13.264,13.084,12.875,12.165,12.823,12.388,13.175
12.709,12.567,12.228,12.675,12.829,12.557,12.439,12.918,12.138,13.024,12.84,12.079,12.501,12.852,13.065,13.04,12.928,12.361,12.897,12.471,13.394,12.841,12.511,12.876,12.691,12.437,12.489,12.625,12.699,13.058,12.177,13.088,12.82,12.84,12.689,12.438,12.632,12.289,12.852,12.759,12.815,12.978,12.742,12.519,12.514,12.898,12.562,12.804,12.22,12.697,13.026,12.656,12.236,12.977,13.145,12.688,12.467,13.408,12.882,12.48,12.705,13.057,13.107,13.031,12.086,12.858,13.149,12.79,12.46,13.408,12.758,12.808,12.723,12.477,12.35,12.773,12.47,12.47,12.631,12.336,12.153,12.401,12.969,12.298,12.963,13.093,12.331,12.529,12.302,12.496,12.816,12.612,12.974,12.493,12.719,12.802,13.199,12.533,12.529,12.217
12.689,12.454,11.824,12.656,12.001,12.746,12.55,12.892,12.895,12.21,12.825,12.391,12.891,13.212,12.697,12.595,12.653,12.991,12.798,12.575,13.146,12.887,12.919,12.796,12.531,12.651,12.611,12.244,12.878,12.4,12.771,12.726,12.988,12.93,12.897,12.514,12.174,12.189,13.276,12.703,12.476,12.939,12.682,13.084,12.314,12.707,12.763,12.751,12.562,13.085,12.975,12.291,12.941,12.578,12.989,13.622,13.19,13.206,12.668,12.745,12.931,12.337,12.679,12.428,12.669,12.457,12.893,12.798,12.656,12.905,13.062,12.943,12.757,12.982,12.396,12.513,12.484,12.441,12.435,13.475,13.2,12.703,12.414,12.083,13.052,12.486,12.402,12.872,12.37,12.749,12.803,12.644,12.771,12.97,12.607,13.044,12.475,12.568,12.54,13.283
12.763,13.159,12.428,12.479,12.434,13.032,11.963,13.257,12.949,12.952,12.897,12.991,12.329,12.95,12.877,12.212,12.886,13.178,13.001,12.522,12.64,12.933,12.554,12.678,13.018,12.532,12.771,12.321,12.798,12.715,12.534,12.534,13.061,12.916,13.186,12.535,12.485,13.292,12.293,12.753,12.999,12.559,13.158,12.675,13.346,12.65,12.605,13.044,12.518,12.812,12.655,12.605,13.372,12.667,12.843,12.199,12.571,12.475,12.938,12.817,12.986,13.058,13.39,12.534,12.702,13.148,13.04,12.739,12.388,12.726,12.386,12.956,12.683,12.867,12.352,12.6,12.373,12.408,12.393,13.039,12.875,12.191,12.614,13.197,12.258,12.575,12.49,12.539,12.263,12.896,12.582,12.691,12.739,13.043,12.634,12.983,12.401,12.378,12.432,13.027
12.414,12.643,13.127,12.223,12.36,13.103,12.1,13.09,13.422,13.129,12.659,12.84,12.947,13.205,12.574,13.237,12.653,13.235,12.791,12.803,12.335,12.676,12.905,12.649,12.619,13.207,13.022,12.791,12.807,13.253,12.448,12.4,12.594,12.903,12.996,12.737,13.22,13.063,12.513,13.138,12.915,13.089,12.697,12.367,13.285,13.103,12.474,12.87,13.295,12.564,13.118,13.066,13.381,12.368,12.559,12.758,12.834,13.247,12.7,12.646,12.908,12.61,13.425,12.585,12.758,12.968,12.136,13.029,12.537,13.236,12.723,12.449,12.786,12.449,12.341,13.269,12.315,13.009,13.149,12.685,12.285,12.542,12.929,12.127,12.798,12.668,13.492,12.521,12.636,12.854,12.957,12.824,13.202,12.248,12.324,13.175,12.938,12.878,13.314,12.642
13.115,13.014,13.22,12.951,12.305,12.573,13.681,12.93,13.123,12.807,12.851,12.792,12.676,12.428,12.25,12.769,12.767,13.036,12.559,13.303,13.205,12.771,12.265,12.527,12.78,12.567,12.717,13.325,12.489,12.31,13.126,13.175,13.017,12.722,12.398,12.946,12.391,13.237,12.351,12.9,12.669,12.714,12.621,12.238,13.065,12.375,12.259,12.582,12.742,12.483,12.501,12.539,13.016,13.13,12.364,13.25,12.903,12.415,12.772,12.556,12.766,13.342,12.732,12.59,12.895,13.069,13.293,12.69,12.867,12.652,12.348,12.401,12.765,12.514,12.973,13.18,12.053,12.833,12.316,13.268,12.68,12.633,12.769,12.822,13.24,12.912,12.499,12.825,12.884,12.762,12.493,12.895,12.601,12.742,13.041,12.376,12.3,12.671,11.766,12.434
13.349,12.954,13.161,12.366,13.078,12.112,13.095,13.061,12.703,12.447,12.633,12.332,13.023,12.852,12.836,12.296,13.06,12.871,12.984,12.528,13.012,12.562,12.4,12.787,13.036,12.565,12.911,13.561,12.591,12.376,13.055,13.03,12.557,12.829,13.249,13.029,12.523,12.363,12.392,12.918,12.824,12.912,12.451,13.134,12.424,12.241,12.856,12.659,12.291,12.545,12.888,12.719,12.3,12.4,13.047,13.519,12.988,12.369,12.92,12.59,12.971,12.301,12.656,12.391,12.706,12.496,12.2,12.896,12.253,12.753,12.526,13.07,12.691,13.103,12.669,12.173,13.139,13.238,12.073,12.008,12.846,13.489,13.283,13.165,12.956,12.666,12.309,12.61,12.524,12.937,12.545,12.564,12.551,13.303,12.542,12.859,12.999,12.824,11.796,13.119
13.165,12.316,12.244,12.47,13.218,13.153,13.701,13.228,12.43,12.611,13.004,12.728,12.787,12.438,12.728,12.454,12.649,12.944,12.657,12.992,12.979,12.822,13.148,12.555,12.436,13.004,12.611,13.037,12.67,12.191,12.464,12.871,13.071,12.306,12.53,13.172,13.155,12.493,12.593,12.965,12.695,12.764,12.544,12.88,12.429,12.635,12.116,12.784,12.354,13.041,13.45,12.733,13.367,12.553,12.969,13.175,12.972,12.274,12.746,12.428,12.973,13.043,13.212,12.992,12.993,12.428,12.277,12.849,12.464,12.422,12.098,13.011,12.862,12.882,12.588,13.145,12.932,12.991,12.368,12.956,12.307,13.005,12.486,12.971,13.195,12.687,13.273,12.704,13.051,12.455,12.405,12.53,12.441,13.503,12.922,12.871,13.198,12.837,12.569,13.086
13.147,12.542,12.693,13.018,12.173,13.211,13.283,12.309,12.294,12.802,12.827,13.213,12.825,12.942,12.661,12.581,12.556,12.389,12.293,13.198,13.004,12.565,12.622,12.764,12.57,12.568,12.595,12.912,12.765,12.402,13.216,12.138,12.762,12.773,12.64,12.145,12.134,12.292,12.859,12.357,12.495,12.57,12.536,12.382,12.946,12.598,12.124,12.731,12.371,12.435,12.619,12.567,12.537,13.333,12.864,12.24,13.055,12.249,12.854,12.566,12.512,12.454,12.569,12.882,12.62,12.551,12.527,12.727,12.593,12.541,12.704,12.501,12.744,12.556,12.987,13.172,12.911,12.838,12.374,12.387,12.87,12.953,12.549,12.683,12.721,12.575,12.405,13.051,12.599,12.975,12.853,12.687,12.781,12.941,13.163,12.943,12.665,12.671,12.95,12.551
13.25,12.527,12.849,12.242,12.375,12.985,12.587,13.2,12.795,12.485,12.493,13.265,12.058,13.497,12.886,12.827,12.569,12.803,12.198,12.823,13.043,12.843,13.292,12.785,12.555,12.653,12.66,12.052,12.812,13.346,13.099,12.917,12.614,12.544,13.173,13.225,13.37,12.285,12.462,12.824,12.66,13.047,12.907,12.984,12.318,12.516,12.918,12.804,12.513,12.886,12.905,12.88,13.492,13.339,12.858,12.867,12.778,12.695,12.61,13.064,12.471,13.36,13.117,12.967,12.222,12.52,13.065,12.718,12.71,12.733,12.783,12.84,12.685,12.482,12.334,12.879,13.054,12.469,13.444,12.306,12.586,12.311,12.631,12.654,12.487,12.506,12.27,12.616,12.361,13.345,12.623,12.919,12.94,12.636,12.181,12.279,13.066,12.694,12.711,12.376
12.479,12.756,13.468,12.463,12.398,12.392,12.026,12.202,12.79,12.481,12.795,12.443,12.669,12.923,12.594,12.855,12.481,12.501,12.477,12.89,12.511,12.556,12.704,12.913,13.144,12.664,12.516,12.282,12.745,12.542,13.435,13.389,12.388,12.506,12.125,13.385,12.955,13.337,12.654,12.454,12.774,12.929,12.902,12.44,12.826,12.98,13.323,12.643,12.781,12.496,13.067,12.703,12.291,12.392,12.677,13.02,12.594,13.344,12.977,13.046,13.073,12.526,12.837,12.881,12.882,12.205,12.381,12.811,12.701,12.762,12.902,12.491,12.878,12.953,12.728,12.83,12.388,13.019,13.215,12.374,12.319,13.248,13.27,12.952,12.371,12.761,12.274,12.901,12.971,13.384,12.85,13.196,12.953,13.075,13.415,12.301,12.719,12.66,12.726,13.156
12.599,13.002,13.022,12.79,12.178,12.841,11.961,13.466,12.819,12.869,12.967,12.318,12.443,12.887,12.524,12.245,12.936,13.148,13.147,12.743,12.965,12.606,12.415,12.744,12.767,12.583,12.428,13.187,12.785,12.592,12.907,13.006,12.576,12.666,12.369,12.924,12.974,13.29,12.919,12.382,12.522,13.271,12.819,12.758,13.085,12.142,12.338,12.778,12.146,12.357,12.831,12.369,12.337,12.663,12.758,12.693,12.662,12.604,12.76,12.352,12.629,12.787,13.205,12.651,12.111,12.67,12.572,12.846,12.729,12.319,13.055,13.043,12.732,12.827,12.999,12.972,12.979,13.054,13.247,12.333,12.523,13.138,12.899,12.292,12.456,12.886,11.83,12.486,13.299,12.78,12.791,12.826,12.476,13.211,12.489,12.401,12.962,12.437,12.476,12.576
12.89,12.963,12.877,12.396,12.046,12.559,12.908,12.458,12.787,12.804,12.456,12.492,12.701,13.259,12.957,12.656,12.914,12.277,12.9,12.779,12.672,12.788,12.92,13.025,12.71,13.142,13.014,11.985,12.821,12.858,12.804,12.562,12.561,12.722,12.935,12.388,12.922,12.347,12.417,12.667,12.758,12.284,12.707,12.327,12.461,12.723,12.914,12.818,12.202,12.135,12.303,12.628,12.466,12.524,12.737,13.12,12.915,12.601,12.718,12.966,13.033,12.563,13.312,13.002,12.484,13.499,13.277,12.796,12.549,12.705,12.718,13.044,12.685,12.097,13.011,12.671,13.079,12.946,12.28,13.227,12.627,12.904,13.049,13.455,12.977,12.559,12.478,12.349,12.798,12.751,12.872,12.192,12.812,12.241,13.248,12.846,13.196,12.609,12.675,13.233
13.16,12.581,12.852,12.513,12.352,13.16,13.49,13.165,12.873,12.867,12.834,13.037,12.964,12.693,12.843,13.037,12.644,13.243,12.81,12.606,12.992,13.115,12.672,12.85,12.868,12.692,12.521,13.011,12.447,12.926,13.475,13,12.879,12.37,12.501,12.956,12.18,12.972,13.166,12.759,12.772,12.653,13.145,12.273,12.874,13.111,13.114,12.627,12.159,13.148,12.678,12.665,12.422,12.277,12.68,13.087,12.89,13.053,13.115,12.598,12.941,12.68,12.999,12.749,12.855,13.259,12.871,12.874,12.688,12.803,13.288,13.165,12.683,12.817,13.085,12.821,12.239,12.993,12.187,12.641,13.195,13.132,12.935,12.584,12.735,12.683,13.143,12.921,12.341,13.033,13.068,12.302,13.165,12.603,12.943,12.663,13.152,12.689,12.856,12.418
12.728,12.81,13.625,12.677,12.108,12.866,13.181,12.945,12.938,12.755,12.816,13.171,12.855,12.351,13.076,12.9,12.668,12.202,12.444,13.35,13.05,12.904,12.802,12.887,12.914,12.755,12.957,12.26,12.731,13.451,13.059,12.978,13.069,12.519,13.492,13.351,12.672,12.208,12.656,12.371,12.728,12.784,12.911,12.509,12.975,11.879,12.333,12.771,12.416,12.15,12.663,12.525,13.034,12.736,12.722,12.356,12.762,13.41,12.491,12.577,12.271,13.188,13,12.677,13.24,12.551,12.53,12.797,12.644,12.775,12.906,12.866,13.094,12.535,12.494,13.039,13.07,12.955,13.313,12.812,12.771,12.904,12.538,13.055,12.849,12.533,12.258,12.752,12.227,12.754,13.194,12.74,12.414,12.316,13.108,12.508,12.503,12.826,12.486,12.323
12.791,12.688,13.363,12.624,13.208,13.104,12.014,12.305,13.127,13.059,12.51,13.234,13.364,12.447,12.912,12.527,12.708,12.697,12.823,12.535,12.421,12.728,12.618,12.459,12.583,13.037,12.482,12.35,12.624,13.744,12.316,12.381,12.539,12.303,12.687,13.385,12.359,13.041,12.287,12.556,13.161,12.601,12.818,12.853,12.413,12.778,12.073,12.522,12.534,12.761,12.575,12.689,12.171,13.015,12.673,13.499,12.77,12.865,12.642,12.416,12.688,12.778,13.118,12.74,12.583,13.247,12.574,12.7,12.607,12.644,12.251,13.08,12.418,13.005,12.912,12.545,12.931,12.482,12.807,12.386,13.115,13.691,12.357,12.322,12.925,12.47,13.272,12.617,12.213,12.426,12.279,13.202,12.005,12.591,12.326,12.642,12.859,12.506,12.533,12.426
12.648,12.818,13.036,12.165,13.079,13.05,12.994,12.567,12.974,12.797,12.569,12.593,12.236,13.163,12.55,12.289,13.147,12.466,12.599,12.962,12.75,12.327,12.683,12.688,12.915,12.87,12.835,12.309,12.576,13.752,12.207,13.406,13.062,12.304,12.352,12.434,12.841,13.023,13.067,12.727,12.819,12.904,12.58,12.767,13.049,12.047,13.326,12.562,12.894,12.551,12.618,13.205,13.217,12.63,12.86,12.239,12.956,12.468,13.072,12.671,12.345,12.481,12.306,12.503,13.08,13.021,12.65,12.984,12.909,13.034,12.512,12.83,13.422,13.011,12.539,12.931,12.712,12.185,12.918,13.405,12.777,12.205,13.111,12.618,12.363,12.346,13.369,12.686,12.085,12.406,12.449,12.531,13.05,12.81,12.931,12.666,12.568,12.475,12.553,12.574
12.641,12.952,12.243,12.38,12.118,13.017,12.625,12.714,12.084,13.031,12.437,12.563,13.069,12.694,12.859,12.544,12.809,12.97,12.852,13.419,12.736,13.15,12.82,12.765,12.919,12.768,12.772,12.168,12.578,12.782,13.491,13.178,13.065,12.215,12.344,12.519,12.985,12.542,13.239,12.834,13.204,12.724,12.72,12.353,12.494,13.102,12.279,12.651,12.645,12.484,11.987,13.108,12.67,12.258,12.637,13.253,12.948,12.993,12.35,13.143,12.865,12.465,13.004,12.44,12.597,13.212,13.189,12.668,12.774,12.582,12.851,13.403,13.121,12.906,13.067,12.806,13.217,12.44,11.94,12.236,13.079,12.178,13.019,12.834,13.075,12.419,13.422,12.912,12.679,12.509,12.618,13.233,12.806,12.657,12.678,12.606,12.925,12.884,12.735,12.415
12.535,12.411,12.025,12.714,12.698,12.63,13.028,12.566,12.528,12.808,12.269,12.438,13.06,13.254,12.733,12.869,13.029,13.419,12.799,12.751,12.806,12.523,12.853,13.164,12.284,12.787,12.687,12.304,12.767,12.997,13.164,12.475,12.557,13.82,13.326,13.284,12.834,12.355,12.324,12.607,12.748,13.087,12.624,12.291,13.137,11.953,12.193,13.024,12.802,12.573,13.386,13.23,12.705,12.145,12.488,13.184,12.908,12.329,12.83,13.011,12.75,13.217,12.761,12.705,13.012,12.256,12.497,12.719,12.774,12.845,12.692,12.726,13.279,12.637,12.521,12.376,13.212,12.533,12.325,12.138,12.438,12.511,12.516,12.418,12.97,12.384,13.509,12.831,12.27,12.892,13.32,13.038,12.889,13.095,13.008,12.776,13.168,12.507,12.848,12.661
12.5,12.897,13.299,12.677,12.815,12.766,12.66,12.342,13.005,12.847,12.216,12.008,13.16,12.444,12.704,12.316,12.839,12.359,12.783,13.635,12.577,12.844,13.415,12.592,12.566,12.827,12.688,12.035,12.595,12.984,12.569,12.975,12.628,12.944,11.984,13.007,12.721,13.029,12.536,12.717,12.775,12.548,12.402,12.874,12.67,12.442,13.312,13.1,12.931,12.914,12.591,12.309,12.908,12.927,12.783,12.294,12.628,12.766,12.41,13.295,12.588,12.495,12.313,12.517,12.904,13.142,12.62,12.448,12.856,12.832,12.531,13.173,12.825,12.944,12.363,13.1,12.918,13.409,13.018,12.908,13.14,13,12.94,12.84,12.78,12.767,13.496,12.661,13.669,12.83,13.371,13.408,12.723,13.107,12.51,13.226,12.489,12.802,12.327,12.31
12.833,12.746,11.8,12.52,12.593,12.726,12.188,12.538,13.435,13.017,12.11,12.633,12.876,13.186,12.748,12.476,12.752,12.339,13.121,13.446,12.974,12.904,13.21,12.825,12.823,12.418,12.729,13.252,12.934,13.148,12.494,12.213,12.94,12.743,12.991,13.131,12.78,12.347,12.713,12.755,12.74,13.005,12.955,13.571,12.298,13.418,12.075,12.574,13.29,12.664,13.356,12.901,12.578,12.47,12.24,13.288,12.954,13.085,12.828,12.895,12.356,12.759,12.612,12.533,12.986,12.698,13.57,12.619,12.958,12.915,12.982,13.007,12.399,12.886,12.168,12.414,12.619,13.323,13.327,12.02,12.51,13.596,12.93,12.162,13.221,12.906,12.261,12.633,13.283,12.879,13.383,13.36,12.844,12.761,12.854,13.077,12.866,12.673,13.274,13.321
13.094,12.914,13.446,13.034,13.19,12.518,12.475,12.809,13.08,12.92,12.756,13.144,12.937,13.037,12.669,12.412,12.465,12.593,12.783,12.582,12.92,12.534,13.186,12.705,12.839,12.812,12.766,12.902,13,12.298,13.207,12.381,12.48,12.843,12.299,12.859,12.705,13.195,12.277,12.779,12.377,12.897,12.823,12.622,13.252,12.738,12.586,12.671,12.323,12.495,12.596,12.12,12.573,13.178,12.391,12.222,12.809,13.291,12.425,12.915,12.832,12.879,13.47,12.704,12.597,12.453,12.889,12.961,12.839,12.48,12.705,13.312,13.659,12.727,13.28,13.057,12.649,12.126,12.415,12.565,12.585,12.739,12.967,13.097,12.285,12.773,12.952,12.383,13.328,12.609,13.038,13.568,12.721,12.867,13.128,13.102,12.248,12.833,12.882,13.111
12.492,12.578,12.031,12.609,13.16,12.115,12.602,12.05,12.913,12.637,12.718,12.619,12.243,12.356,12.679,12.645,12.556,13.164,12.266,12.618,12.407,12.308,13.378,13.027,12.78,12.481,12.725,12.754,13.178,12.596,13.109,13.31,13.037,12.95,12.566,13.114,12.7,12.268,12.332,12.676,12.898,12.812,12.536,13.161,12.055,13.407,13.341,12.798,12.67,12.864,12.358,13.041,12.859,12.383,12.489,12.704,12.627,13.354,12.753,12.753,12.663,12.325,12.206,12.965,12.718,12.277,13.392,12.944,12.501,12.565,12.556,12.91,12.074,12.521,12.549,12.395,12.912,12.649,13.025,12.56,12.617,12.248,12.622,12.638,12.818,13.124,12.461,12.651,13.574,13.1,12.416,13.334,12.72,13.119,12.457,12.27,12.19,12.718,12.433,12.983
12.536,12.794,13.039,13.048,12.997,12.998,13.598,13.276,12.658,12.983,12.376,12.084,13.297,12.69,12.644,12.732,13.034,13.101,12.975,13.465,12.516,13.223,12.989,12.866,12.743,12.856,12.775,12.102,13.385,12.81,12.482,12.942,13.006,13.283,12.433,12.593,12.727,12.325,12.367,12.638,12.83,12.706,12.824,12.534,12.917,12.28,12.377,12.553,12.949,12.616,12.626,13.494,12.668,13.337,12.679,12.123,12.629,13.335,13.127,12.927,12.698,13.635,13.116,13.297,13.071,12.497,12.534,12.609,12.721,12.564,12.487,12.362,12.639,12.615,12.517,13.187,12.702,13.424,12.057,12.277,12.74,12.542,12.832,13.151,12.504,12.686,12.273,12.839,13.043,12.502,12.461,13.139,12.579,12.96,13.179,12.293,12.751,12.92,12.958,13.272
12.343,12.757,13.355,12.845,13.043,13.143,13.313,13.146,12.479,12.866,12.707,12.16,12.486,13.089,12.745,13.158,13.203,12.132,12.84,12.329,12.352,12.454,13.223,12.746,12.709,12.742,12.868,12.157,12.238,12.834,12.622,12.522,12.474,12.829,12.707,12.669,12.927,13.159,12.532,12.664,12.804,12.728,12.713,12.423,12.859,12.304,12.746,13.199,12.638,13.08,13.026,12.71,12.959,13.183,12.623,12.081,12.554,12.342,13.023,12.743,12.621,12.95,13.037,13.011,12.056,12.774,12.261,12.525,12.868,12.988,12.836,12.862,12.151,12.776,13.24,12.968,12.766,13.177,12.231,13.149,12.542,12.766,12.862,12.176,12.947,12.987,12.538,12.755,12.177,12.867,12.527,13.172,12.866,12.381,12.752,12.848,13.737,12.524,12.532,12.394
12.987,12.951,13.239,12.397,13.182,13.019,13.07,12.883,12.652,12.429,13.148,12.568,13.368,12.714,12.795,12.647,13.056,12.797,12.53,13.376,12.812,13.195,13.231,12.792,12.621,12.937,12.754,13.266,12.415,12.318,12.516,13.361,12.547,13.03,13.208,13.085,12.928,12.624,13.119,12.924,12.965,12.767,12.631,12.438,12.224,11.985,12.427,12.651,12.645,12.912,13.363,13.072,12.483,12.397,12.617,12.125,12.804,12.389,12.696,12.635,12.683,12.169,13.111,12.805,12.871,12.415,12.425,12.565,12.988,12.675,13.008,13.245,12.168,12.383,12.442,12.188,12.863,12.714,12.851,12.925,12.534,12.843,12.544,12.332,13.357,13.286,13.466,12.506,13.042,13.046,12.935,12.952,12.447,12.899,12.983,12.864,12.524,12.797,12.182,12.699
12.696,12.769,12.069,13.189,13.202,13.008,13.109,12.364,13.114,12.803,12.358,13.151,13.285,12.183,12.673,13.178,12.165,13.182,12.151,12.451,12.378,12.894,12.525,12.679,12.634,12.944,12.68,12.576,13.018,12.295,12.346,12.199,12.582,12.748,12.248,12.99,12.822,12.236,12.508,12.564,12.741,12.912,12.726,12.471,12.499,12.759,13.37,12.86,12.722,12.815,13.029,12.293,12.68,12.399,12.463,12.726,12.522,12.954,12.946,12.908,12.516,13.095,12.655,12.63,12.809,12.541,12.449,12.6,12.964,12.913,12.533,12.736,12.361,12.957,12.336,12.951,12.831,12.807,13.018,12.579,12.882,13.202,12.737,12.775,12.484,12.45,12.667,12.675,13.206,12.901,13.206,12.697,13.015,12.577,13.374,13.3,12.597,12.505,13.077,12.596
13.314,13.01,12.287,12.772,13.046,12.509,13.106,12.398,12.748,13.043,12.473,12.081,13.071,13.107,12.736,12.489,13.056,12.43,13.251,13.095,12.556,12.48,12.626,12.725,13.215,12.53,12.881,12.301,12.502,13.068,12.451,12.468,13.034,12.86,12.171,13.358,12.727,13.116,12.462,12.92,12.708,12.635,12.902,12.279,13.238,12.332,12.552,12.972,12.171,12.897,12.473,12.13,12.605,12.68,12.964,13.15,12.812,12.121,12.618,13.229,12.847,12.494,12.168,13.018,12.857,13.082,13.033,12.312,12.701,12.648,12.764,12.457,12.653,12.903,11.992,13.091,12.328,12.341,13.268,13.417,12.567,12.805,12.624,12.91,12.469,12.443,12.975,12.846,12.41,12.386,12.55,12.391,13.069,12.627,13.324,12.414,13.254,12.464,12.337,12.186
13.051,12.445,13.02,12.821,12.921,12.774,12.099,13.305,13.021,12.21,12.792,13.241,12.507,12.347,12.836,12.965,12.869,12.772,12.956,12.484,12.749,12.88,13.51,12.548,12.799,12.465,12.796,12.569,12.743,12.641,13.186,12.836,12.549,12.85,12.91,13.341,12.803,12.708,12.73,12.627,12.548,13.064,12.789,13.066,12.878,12.453,11.73,13.025,13.019,12.523,12.46,13.111,12.512,12.622,12.388,12.905,12.363,11.972,12.735,13.117,12.697,13.261,12.696,12.925,12.123,12.855,13.427,12.613,12.798,12.754,13.16,12.705,13.486,12.894,13.037,12.895,13.185,13.064,13.343,13.381,12.5,12.673,12.593,12.693,12.619,13.137,12.287,12.62,12.252,12.79,12.43,12.175,12.909,12.707,12.493,12.94,12.17,12.547,13.048,13.259
12.842,12.448,13.295,12.465,12.903,12.675,12.881,12.532,12.886,12.907,12.857,12.202,12.966,12.811,12.436,13.384,12.829,13.11,12.764,11.969,12.545,12.908,12.596,12.832,12.592,12.879,12.832,12.915,12.928,13.032,12.187,12.97,12.824,12.318,12.438,13.091,12.759,12.777,12.387,12.427,12.751,12.825,12.703,12.15,13.19,12.338,13.516,12.826,12.982,12.584,12.332,12.298,13.231,12.51,12.973,12.367,12.659,12.193,12.895,13.034,12.793,12.565,13.247,12.52,13.11,12.972,12.569,13.123,12.578,12.599,12.165,12.509,12.876,12.522,12.51,12.425,12.49,13.174,13.259,13.069,12.675,12.964,12.946,12.755,12.762,12.941,12.377,12.424,12.984,12.452,13.46,13.249,12.696,12.592,13.108,13.312,13.281,12.531,13.143,13.074
12.434,12.68,12.047,12.328,12.746,12.418,11.987,13.176,12.942,12.864,12.72,13.144,12.781,12.905,12.941,12.33,12.562,12.434,13.135,11.996,12.46,12.839,13.241,12.72,12.661,12.389,12.72,13.338,13.171,13.282,13.448,12.323,12.969,12.207,13.24,13.156,12.678,13.204,13.185,12.925,13.049,12.785,12.793,13.157,12.902,12.804,12.242,13.086,12.817,12.465,13.064,12.513,13.122,13.006,12.482,12.697,12.424,13.047,12.717,12.747,12.679,12.199,12.189,12.713,13.402,12.875,12.546,12.338,12.644,12.598,13.235,12.946,12.924,12.61,12.978,13.219,12.559,12.215,13.092,13.039,13.007,12.859,12.733,12.874,12.764,12.653,12.329,12.272,12.595,12.288,12.158,13.03,12.557,12.787,12.249,12.246,12.963,12.942,12.313,12.103
12.088,12.94,12.981,12.686,13.091,12.518,13.518,13.396,13.15,12.488,12.802,13.435,12.738,13.22,12.539,12.525,13.119,12.466,12.346,12.187,12.498,12.565,13.326,13.107,12.631,12.613,12.749,12.125,12.607,12.586,12.511,12.114,12.408,12.752,12.686,13.202,12.483,12.927,12.786,12.909,12.529,12.801,13.087,12.679,13.118,11.966,12.455,12.87,12.729,12.387,12.633,12.664,13.139,12.453,12.966,12.458,12.878,12.67,12.706,12.598,12.68,12.605,12.857,12.167,13.28,13.131,12.614,12.423,12.685,13.182,12.585,12.829,12.748,12.766,12.904,12.627,12.877,12.847,12.762,11.973,12.485,12.761,12.979,12.385,12.732,12.732,12.294,12.28,12.271,12.819,12.539,12.382,12.825,12.302,12.374,13.152,13.288,12.481,12.525,13.4
13.102,12.901,13.235,13.07,12.962,13.063,12.099,13.244,12.826,12.573,12.705,12.78,12.893,12.979,12.774,12.455,12.471,12.138,12.915,13.254,13.201,12.827,12.482,12.739,12.621,12.806,12.68,13.131,13.009,13.078,12.169,12.491,13.05,12.775,13.114,12.387,12.757,13.151,12.371,12.731,12.767,12.63,13.097,12.314,12.355,12.543,12.415,13.182,12.489,12.863,12.353,13.068,13.21,12.769,12.895,12.387,13.216,13.133,12.833,13.014,12.709,12.575,12.326,12.875,12.732,13.045,12.918,12.528,12.658,12.762,12.318,13.184,11.939,12.801,12.056,12.918,12.772,12.809,12.498,11.985,12.667,12.732,12.53,13.098,12.089,12.257,11.903,12.203,13.562,12.828,12.092,12.857,12.505,12.901,12.799,12.764,13.145,13.042,13.221,13.136
12.288,12.259,12.153,12.498,12.719,12.583,12.566,13.077,12.982,12.887,12.663,13.097,12.947,13.005,12.573,12.877,13.23,12.776,12.426,13.041,12.371,12.524,12.624,12.597,12.848,12.748,12.661,12.202,12.825,12.376,12.394,12.996,13.048,12.973,13.425,13.201,13.079,12.279,12.506,12.599,12.711,12.485,12.671,13.281,13.123,13.033,12.748,12.317,12.45,12.606,12.892,12.538,12.537,12.351,12.727,12.774,12.291,13.218,12.645,12.943,12.519,13.241,12.325,12.614,13.302,12.481,12.737,12.43,12.853,12.616,12.618,12.606,12.553,12.898,12.852,12.886,12.489,12.802,12.932,13.257,12.66,12.967,12.976,13.168,12.459,12.676,12.332,12.99,13.338,12.171,12.014,13.123,13.226,12.914,12.895,12.966,12.313,12.949,13.058,12.767
13.373,12.292,13.405,13.063,12.255,12.326,12.943,12.699,12.844,13.034,12.872,12.678,12.797,13.259,12.815,12.623,12.3,12.474,12.485,13.267,12.539,12.878,13.216,12.798,12.888,12.76,12.647,12.791,12.573,13.502,13.188,12.707,12.845,12.642,12.829,13.142,12.548,12.676,12.864,12.804,13.008,12.534,12.553,13.058,13.162,13.279,13.772,12.69,13.272,13.137,12.77,12.296,12.196,12.385,12.576,12.652,12.862,12.038,12.458,12.569,12.68,13.194,12.206,13.055,12.955,12.394,12.454,12.879,12.785,12.849,12.613,12.786,12.4,12.752,13.064,12.5,12.838,12.888,13.366,13.299,12.897,12.998,13.067,12.002,12.292,12.591,13.48,12.566,12.476,12.914,12.614,12.414,12.957,12.895,12.35,13.12,11.849,12.325,12.57,12.518
13.02,12.637,12.58,13.175,12.746,12.62,12.44,12.955,12.277,13.068,12.696,12.919,12.703,12.923,12.527,12.226,12.878,12.814,12.515,13.431,13.106,12.708,12.571,12.521,12.576,12.956,12.892,12.174,12.957,13.086,13.221,13.131,12.93,13.123,12.267,13.147,12.945,12.876,13.019,12.718,12.959,12.591,12.298,12.604,12.813,12.487,12.533,12.86,12.128,12.645,13,12.626,12.497,12.341,12.793,12.87,12.888,12.803,12.727,12.703,12.584,12.588,12.178,12.212,13.003,12.292,11.833,12.638,12.818,12.627,13.005,12.924,12.443,12.68,12.186,13.226,12.58,13.086,13.316,12.331,12.649,12.353,12.683,12.37,12.688,12.822,12.781,13.206,13.026,12.793,12.231,13.203,12.621,12.664,13.334,12.897,12.825,12.551,12.834,13.13
12.76,12.541,12.318,13.066,13.155,12.181,13.063,12.707,12.344,13.051,12.844,11.981,12.918,12.328,12.673,12.071,13.226,12.267,12.942,13.312,12.933,12.86,12.289,12.683,12.627,12.678,12.675,13.09,12.928,13.02,12.223,12.348,12.593,12.628,13.277,13.177,12.8,12.306,12.672,12.614,12.852,12.62,12.514,12.381,13.056,13.359,13.559,12.833,13.097,12.606,12.663,12.686,12.547,12.334,12.979,12.847,12.595,13.272,12.711,12.92,13.02,12.891,12.939,12.936,13.296,12.456,11.928,12.476,12.929,12.981,12.537,12.373,13.363,12.48,12.212,12.201,12.816,13.159,12.991,12.328,12.833,12.289,12.685,12.983,12.951,12.424,13.354,12.507,13.28,13.296,13.166,12.803,12.763,13.051,12.833,12.588,11.696,12.905,12.595,12.438
12.673,12.62,13.457,12.776,12.584,12.409,13.092,12.503,12.766,13.168,12.644,13.416,12.47,12.34,12.712,13.104,13.163,12.96,13.154,13.154,12.915,12.527,13.317,12.537,12.656,12.74,12.759,12.2,12.69,12.009,12.872,13.037,12.877,12.455,12.27,13.023,12.749,13.206,12.504,12.831,12.848,12.501,12.594,13.101,12.399,13.386,12.504,12.557,12.431,12.968,12.654,12.651,12.818,12.223,12.563,12.962,13.226,12.716,12.751,12.77,12.845,12.938,12.558,12.695,13.033,13.17,12.418,13.119,12.887,12.638,12.566,13.167,13.288,12.659,12.335,13.203,13.14,13.251,12.308,12.187,12.722,12.808,12.967,13.136,13.236,12.747,12.288,12.468,12.166,12.302,12.146,12.553,12.704,12.848,12.8,13.15,12.854,13.244,12.735,12.467
12.339,12.994,12.332,12.762,13.042,12.614,12.911,12.931,13.092,13.181,12.821,12.455,13.005,12.512,12.835,12.851,12.61,13.023,12.819,12.495,12.546,12.888,13.178,12.363,12.937,12.769,12.758,12.349,12.921,12.398,12.94,13.059,13.115,12.694,12.423,12.587,12.857,13.155,12.991,12.909,12.647,12.599,12.825,13.128,12.619,13.112,12.351,12.834,12.344,12.37,13.071,13.05,12.955,12.331,12.73,12.158,13.029,12.407,12.707,12.951,12.649,12.945,13.073,12.369,12.204,13.019,13.104,12.527,12.683,12.659,12.562,13.105,13.217,12.529,12.542,12.659,12.583,12.558,13.017,12.592,12.668,13.055,12.882,12.499,12.379,12.288,12.145,12.91,13.373,12.617,12.356,12.708,12.58,12.606,13.253,12.396,11.956,12.526,12.538,12.223
12.424,12.839,11.908,12.955,13.174,13.35,12.734,13.271,12.879,12.503,12.677,13.129,12.768,12.34,12.693,13.198,12.195,12.893,12.552,12.963,12.376,12.516,12.46,12.827,12.629,12.757,12.75,12.411,12.99,13.436,12.354,12.501,13.031,12.646,12.981,13.054,12.519,12.971,13.075,12.657,12.559,12.509,12.709,12.917,12.373,12.98,12.327,12.619,12.033,12.912,12.684,13.364,12.514,13.377,12.497,12.267,12.483,13.168,13.017,12.849,13.002,12.722,12.381,12.353,12.942,12.712,12.398,13.234,12.693,12.777,12.817,12.278,12.38,12.765,11.987,12.545,12.744,12.406,13.223,13.474,12.905,13.158,13.104,13.035,12.282,12.866,12.774,12.451,13.108,12.95,13.02,13.069,12.919,12.682,12.135,13.055,12.131,13.073,12.654,12.774
13.145,12.654,12.753,12.71,12.389,12.55,12.249,12.219,12.862,12.539,12.72,13.18,12.499,13.072,12.663,13.462,12.424,13.112,12.817,13.181,12.613,12.591,13.028,12.879,12.626,13.107,12.813,12.49,12.887,13.179,13.017,12.711,12.421,12.786,12.511,12.946,12.906,12.177,12.92,12.847,12.592,12.482,12.712,12.356,12.344,12.364,13.508,12.63,13.36,12.947,12.314,12.794,12.424,13.483,12.748,13.304,12.644,12.341,12.683,12.777,12.664,12.528,12.448,12.621,13.113,12.507,12.866,12.549,13.033,12.868,12.722,12.993,12.898,12.978,12.641,12.936,12.382,12.904,12.8,11.907,12.502,13.073,12.324,12.577,12.838,12.927,13.206,13.13,12.518,12.553,12.548,12.39,12.576,13.007,13.254,12.358,12.789,12.814,13.503,13.037
13.098,13.088,13.036,12.471,12.632,13.346,11.855,12.619,12.522,12.873,12.806,13.266,12.273,12.341,12.905,12.404,12.757,12.537,12.639,12.031,13.1,12.694,12.441,12.189,12.397,12.674,12.809,12.965,12.842,12.694,12.911,12.274,12.27,12.824,12.692,12.982,12.569,12.812,12.959,12.751,12.599,12.722,12.322,12.646,12.934,12.817,13.234,12.719,12.438,12.829,12.78,12.222,12.375,12.537,12.397,13.104,13.194,12.845,12.685,12.8,12.704,12.573,13.365,12.365,12.871,13.186,12.826,12.364,12.841,12.801,12.5,13.093,12.554,12.778,13.17,13.18,12.445,12.66,12.593,12.449,13.156,12.034,12.934,12.197,12.426,12.799,12.317,12.89,12.599,12.032,12.559,12.573,12.742,13.182,12.775,12.298,13.434,12.679,12.799,13.591
12.809,12.567,12.844,12.791,13.181,12.917,13.103,12.511,12.977,12.363,12.952,12.341,12.712,13.12,12.72,12.274,12.192,12.579,12.598,12.823,13.313,12.416,12.469,12.548,12.529,12.812,12.684,12.265,12.562,13.549,12.234,13.324,12.599,12.824,12.903,12.569,12.838,13.11,13.154,12.834,12.83,12.575,12.817,12.473,13.075,12.717,12.032,12.906,12.829,12.879,12.808,12.937,12.755,12.99,12.891,13.433,12.341,11.977,12.612,12.805,12.748,12.754,12.593,12.702,13.229,12.391,13.484,12.441,12.576,12.741,13.281,11.87,12.465,12.376,12.464,13.011,12.639,12.636,13.069,12.244,12.847,13.075,12.814,13.178,12.224,12.907,12.404,12.497,12.318,12.663,13.385,12.557,12.961,12.78,12.707,12.888,12.903,12.409,13.042,12.899
12.789,12.602,12.27,12.528,12.61,12.34,13.1,12.425,12.6,12.953,12.651,12.925,12.69,13.13,12.747,13.26,12.962,13.007,12.749,12.922,12.222,12.511,12.269,12.966,12.77,12.402,12.737,12.299,12.562,13.335,13.026,13.001,12.891,12.948,12.89,12.514,12.695,12.694,13.04,12.995,12.671,12.552,12.354,13.149,12.758,12.307,11.734,12.599,13.084,12.807,12.889,13.065,12.75,13.306,12.676,12.955,12.403,12.43,12.766,12.648,12.998,13.046,12.588,13.029,12.768,13.105,12.372,12.901,12.604,12.978,12.46,12.753,13.18,12.779,12.627,12.98,12.931,13.117,12.446,13.546,12.851,12.086,13.275,12.786,12.922,12.908,13.605,12.952,12.832,12.509,12.621,12.928,12.775,12.003,13.322,12.549,12.395,12.435,12.515,12.455
12.438,12.053,11.898,12.903,12.395,12.409,12.31,12.592,12.867,12.747,12.587,12.367,12.738,12.225,12.815,12.157,12.204,12.977,12.943,12.512,13.166,13.044,12.43,12.488,12.708,12.781,12.774,12.341,12.543,12.703,13.327,12.877,13.111,12.813,12.305,12.377,12.86,12.654,12.44,12.433,12.568,13.019,12.379,12.525,12.51,12.564,12.474,12.837,12.238,12.968,12.596,12.414,12.416,13.365,12.899,12.358,12.271,11.995,12.845,12.796,12.506,12.889,13.178,12.485,12.747,12.69,13.753,12.919,12.724,12.774,12.747,12.55,12.715,13.058,12.833,12.589,12.457,12.698,12.417,12.554,12.862,13.273,12.663,12.949,13.611,12.109,12.561,12.548,12.401,12.931,12.62,12.892,12.676,13.132,12.918,12.407,13.508,13.191,13.299,13.128
12.345,12.936,12.062,12.515,12.842,12.247,12.856,12.633,12.863,13.048,12.611,12.223,12.275,12.715,12.724,12.758,13.169,12.599,13.069,13.268,12.307,12.586,12.309,12.616,12.934,12.845,12.703,12.141,12.925,12.562,12.878,12.521,12.704,12.866,12.252,12.81,12.905,12.447,12.841,12.616,12.905,12.758,12.541,12.809,12.388,13.326,12.23,12.58,12.612,12.699,12.765,12.503,12.283,12.53,12.522,12.361,13.111,12.367,12.664,12.642,12.669,13.194,13.014,12.458,13.092,12.452,12.488,12.978,12.936,12.803,12.828,12.158,13.293,12.848,12.512,12.746,13.28,13.302,12.384,11.952,12.743,13.086,12.946,12.493,13.065,12.816,12.575,12.746,12.698,13.036,12.67,12.693,12.514,13.262,12.465,12.736,13.673,13.186,12.351,12.853
13.138,12.146,12.902,13.195,12.773,12.894,12.359,12.739,12.783,12.857,12.713,12.616,12.296,13.092,12.725,12.656,12.282,13.15,12.728,12.731,13.445,12.777,12.272,12.83,12.881,12.877,12.839,12.017,12.684,12.209,12.524,12.657,12.391,12.608,12.572,12.727,12.607,12.387,12.427,12.922,12.919,12.566,12.282,13.103,12.315,13.026,12.443,13.026,12.627,13.13,12.865,12.742,13.322,13.035,12.603,12.889,12.999,13.256,12.934,12.669,12.873,12.489,13.284,13.319,13.099,12.477,13.687,12.337,12.956,12.692,12.902,12.678,12.139,12.384,12.856,13.17,12.568,12.8,12.668,13.151,12.717,12.99,12.581,13.111,12.873,12.834,11.818,12.597,12.091,13.108,12.008,13.01,13.051,12.304,12.513,12.644,12.58,12.426,13.297,12.45
12.787,12.911,12.463,12.603,12.581,12.212,13.241,12.625,12.566,12.787,12.526,12.898,12.349,12.846,12.52,13.024,12.257,12.501,12.536,13.152,13.049,12.976,13.414,12.616,13.046,12.799,12.672,12.904,12.722,13.341,12.532,12.335,12.824,12.863,13.244,12.651,12.605,12.432,12.331,12.932,12.884,12.784,12.807,13.141,12.341,13.005,12.477,12.92,12.182,12.548,12.855,13.067,12.845,12.016,12.533,11.892,12.581,12.869,12.897,12.827,12.981,12.427,12.987,12.731,12.405,13.057,13.018,13.059,12.942,12.858,13.093,13.158,13.125,12.813,12.297,13.152,12.192,12.963,13.18,12.78,12.748,13.119,12.274,13.212,12.233,12.17,11.801,13.214,12.514,12.22,13.54,12.894,12.907,12.331,12.955,12.753,12.496,13.107,13.013,12.869
12.504,12.407,13.894,12.576,13.165,13.293,12.959,12.134,12.623,12.466,12.47,11.991,12.637,12.229,12.655,13.034,12.24,12.43,12.421,12.738,12.63,12.967,12.332,12.844,12.981,12.947,12.79,13.093,12.83,12.159,12.984,13.171,12.395,12.699,13.155,13.038,12.827,13.236,12.783,12.501,12.628,12.724,13.047,12.344,12.673,12.843,11.943,12.862,13.081,12.593,12.772,12.54,12.407,12.355,12.53,12.495,12.771,12.048,13.132,12.971,13.104,12.302,12.004,13.106,12.849,12.814,12.475,12.911,12.663,12.76,12.412,12.464,12.26,13.167,12.52,12.493,12.934,12.409,12.391,12.825,12.705,13.316,12.647,12.094,12.502,12.844,12.817,12.875,13.613,12.839,11.664,12.6,12.742,13.089,12.502,12.253,12.877,12.429,12.317,12.643
12.333,12.917,12.088,13.033,12.664,13.062,12.317,13.293,12.972,12.544,12.802,13.261,12.845,12.313,12.649,13.088,12.991,12.686,12.908,12.12,13.153,13.114,12.195,12.845,12.695,13.018,12.657,13.512,12.473,12.065,11.856,12.829,12.637,12.6,12.287,12.571,12.479,12.283,12.737,12.88,12.862,12.752,13.006,12.611,12.799,13.219,12.213,12.774,12.615,12.984,12.532,12.674,12.656,13.101,12.567,13.58,12.759,12.419,12.691,12.638,12.849,13.013,12.525,12.866,12.325,12.193,12.272,12.752,12.677,12.818,12.799,12.101,12.116,12.837,13.065,12.279,11.984,12.958,12.645,13.295,12.41,12.767,12.625,13.222,12.471,12.767,11.891,13.339,13.284,12.776,11.87,12.751,12.475,12.544,12.95,12.873,13.095,12.575,13.241,12.759
12.951,12.214,12.115,12.658,12.432,12.384,12.627,12.688,12.977,12.741,13.021,12.769,12.156,12.388,12.665,12.572,13.323,12.71,12.695,13.103,13.147,12.311,13.269,12.644,12.777,12.651,12.644,13.666,12.873,13.276,12.832,13.059,12.285,12.942,13,12.509,12.716,12.92,12.947,13,12.793,12.941,12.791,12.445,12.479,12.358,11.917,12.98,12.679,12.895,12.421,12.925,12.643,12.418,13.062,13.307,12.671,13.076,12.653,12.593,13.079,12.841,12.344,12.755,12.622,12.541,12.667,12.646,12.843,12.725,12.666,12.138,11.952,12.63,12.877,12.367,13.439,12.475,13.075,12.394,12.792,13.104,13.099,12.573,12.289,12.157,12.881,13.137,12.629,12.44,12.642,13.221,12.667,12.527,12.472,12.517,12.741,12.42,12.981,12.331
12.892,12.646,13.202,12.712,12.352,12.245,12.41,12.781,12.84,12.616,12.657,12.092,12.9,13.201,12.911,12.699,13.074,12.637,12.725,12.882,12.206,12.58,13.245,12.499,12.947,12.993,12.761,12.46,12.684,12.57,12.671,12.895,12.509,12.283,12.456,12.651,12.692,13.065,12.77,13.008,12.806,12.701,12.76,12.57,12.793,12.809,13.607,12.925,12.911,12.839,12.598,12.842,12.664,12.11,12.714,12.008,12.796,12.616,12.728,12.576,12.81,12.643,12.504,12.926,12.487,13.377,12.916,12.716,12.888,12.678,12.997,12.579,13.549,12.703,12.246,13.234,13.461,13.094,12.599,12.179,12.703,12.666,12.224,12.536,12.351,12.538,12.299,12.996,13.12,12.233,12.725,13.047,12.568,12.79,12.436,12.926,12.415,12.551,12.999,13.149
12.984,12.43,13.105,12.36,13.108,12.291,13.034,12.588,12.552,12.778,12.724,12.331,12.6,12.95,12.724,12.434,13.065,13.079,12.697,12.442,13.016,12.236,13.323,12.476,13.142,12.839,12.721,13.484,12.726,12.719,13.304,12.318,13.232,12.64,12.046,12.332,12.592,13.191,13.005,12.315,12.735,12.83,12.561,13.088,13.268,12.305,12.27,12.593,13.073,12.586,12.71,12.956,13.03,12.005,12.882,11.873,12.826,13.043,12.813,12.43,12.629,12.407,12.716,12.503,12.596,12.435,12.845,12.593,12.747,12.976,12.783,12.077,12.527,12.798,12.403,13.281,13.289,12.329,12.999,12.009,12.362,13.009,12.964,12.101,12.837,12.2,13.123,12.753,13.022,12.379,11.783,12.814,12.653,13.431,12.824,13.083,12.628,12.748,12.594,13
12.595,12.576,12.492,13.023,12.574,13.008,12.178,12.894,12.775,12.796,12.877,13.212,12.713,12.465,12.662,13.012,12.976,12.465,12.481,12.674,12.609,12.201,13.138,12.84,12.875,12.168,12.703,12.159,12.474,11.946,12.48,13.24,11.779,12.495,12.402,12.711,12.699,12.052,13.048,12.849,12.714,12.717,12.663,13.056,12.462,13.457,12.655,12.597,12.529,12.723,12.748,12.894,12.485,13.529,12.743,13.524,12.684,12.233,12.62,12.819,12.814,13.178,13.094,12.766,12.632,13.057,13.68,12.355,12.748,12.715,13.19,13.39,11.911,12.941,12.189,13.048,13.006,12.449,12.322,12.21,12.712,12.9,13.234,13.119,13.627,12.764,12.929,12.702,12.972,12.505,13.13,12.416,12.794,13.282,13.281,13.192,12.951,13.005,13.141,13.168
12.456,12.516,12.303,12.419,12.214,12.377,12.764,12.989,12.862,12.561,12.639,12.533,12.49,12.3,12.885,12.649,12.492,12.577,12.191,12.582,13.299,12.255,13.104,12.761,12.762,13.087,12.759,12.083,12.419,11.986,13.284,12.869,12.911,12.912,12.288,13.13,12.466,12.845,12.481,12.563,12.756,12.745,13.082,13.114,13.253,12.393,12.267,12.611,13.101,12.555,12.663,13.024,12.855,12.832,12.786,12.387,12.936,12.513,12.703,12.785,12.732,12.661,12.833,13.044,12.37,13.111,12.254,12.409,12.696,12.447,12.381,13.252,11.914,12.888,12.167,13.3,12.428,12.415,12.627,12.698,12.646,13.026,12.546,12.506,11.897,13.151,12.324,12.963,12.543,12.405,13.558,12.158,12.697,12.404,13.245,13.02,12.773,12.371,13.137,12.899
12.662,12.818,12.951,12.656,12.307,12.744,13.102,12.836,12.491,12.945,12.815,12.31,12.477,12.602,12.915,12.747,12.407,12.577,12.522,12.667,13.094,12.442,12.548,12.832,12.734,13.248,12.823,12.113,12.708,12.293,12.765,12.838,11.739,12.722,13.299,12.466,12.782,13.003,12.086,12.664,13.039,12.658,12.481,12.453,13.194,13.34,13.179,12.71,12.363,12.878,12.797,12.734,12.327,13.275,12.648,12.418,12.588,13.292,12.905,12.743,12.904,12.27,13.093,12.527,13.223,12.583,12.372,12.451,12.637,12.486,12.921,12.43,12.613,12.433,12.357,12.477,13.219,12.323,12.322,13.17,12.8,13.367,12.538,13.214,13.042,13.022,13.18,12.645,12.447,12.518,12.779,12.369,12.758,12.491,13.296,12.386,13.413,12.254,13.2,12.39
13.016,12.624,12.285,12.621,12.728,12.225,12.61,12.679,12.899,12.972,12.443,13.334,12.933,13.253,12.842,12.294,12.143,12.23,12.745,12.664,12.999,12.655,12.384,12.559,12.732,12.869,12.738,13.1,12.755,13.02,12.467,12.667,12.204,13.03,12.677,13.174,13.142,13.171,12.172,12.833,12.554,12.669,12.782,12.434,12.442,13.145,13.037,12.882,12.859,12.595,12.62,12.943,12.907,12.888,13.162,12.254,12.825,13.147,12.738,12.683,12.902,12.622,12.393,12.865,12.276,13.19,12.324,12.624,12.658,12.387,12.921,12.792,12.738,12.781,13.046,12.395,12.872,12.37,13.04,11.841,12.791,12.274,12.647,12.037,12.773,12.997,12.343,12.533,12.744,12.784,12.359,12.922,12.785,12.264,13.161,12.473,12.425,12.929,12.943,12.614
12.464,12.452,12.483,12.583,12.586,12.756,12.466,13.037,12.889,13.148,12.656,12.947,12.857,13.116,12.841,12.835,12.523,12.496,12.709,12.777,12.267,13.266,12.28,12.621,13.161,12.921,12.527,12.211,12.637,12.491,12.089,12.845,13.356,12.777,13.19,12.388,12.635,12.946,12.816,12.903,12.964,12.924,12.528,12.694,13.203,12.994,12.832,12.174,12.573,12.899,12.785,12.879,12.295,13.057,12.77,12.332,12.791,12.839,12.655,12.716,12.888,12.854,12.155,12.677,13.171,12.586,13.673,13.125,12.5,13.147,13.442,12.297,12.475,13.265,13.112,12.788,13.196,12.937,13.112,12.062,12.633,12.367,12.959,12.815,13.032,12.884,12.528,12.987,12.364,13.175,12.509,12.937,12.769,12.326,12.439,12.998,12.517,12.297,13.239,12.881
12.804,12.663,12.533,12.983,12.698,12.343,12.86,12.693,12.526,12.617,12.891,13.634,12.689,12.964,12.635,12.553,12.349,12.803,12.373,12.262,12.912,12.636,12.708,12.563,12.821,12.921,12.835,11.998,12.726,12.42,13.047,12.605,12.161,12.769,12.695,12.521,12.694,12.808,12.933,12.669,12.792,12.741,13.167,13.185,13.076,12.69,12.111,12.708,12.557,12.642,12.736,12.393,13.266,13.038,12.552,12.315,12.598,12.346,12.594,13.114,12.86,13.135,13.111,13.052,12.507,13.036,12.118,13.243,12.843,12.802,12.373,12.711,12.556,12.932,12.638,12.723,13.069,12.479,12.851,12.503,12.901,12.98,12.627,13.287,13.809,13.071,13.519,12.897,12.806,12.68,12.95,12.614,12.635,13.19,12.768,12.76,12.444,12.942,12.304,12.89
12.631,13.032,13.591,12.788,12.604,12.914,12.645,12.993,12.919,12.52,12.677,12.416,12.833,12.566,12.726,13.218,12.165,12.604,12.594,12.832,12.348,12.115,12.314,12.559,12.758,12.941,12.569,12.111,12.699,12.307,13.31,12.8,12.336,12.611,13.258,12.568,13.148,13.06,12.22,12.625,12.62,12.722,12.807,12.989,12.424,12.902,13.483,12.911,12.955,12.754,12.52,12.213,12.386,12.308,13.236,12.671,12.717,12.387,12.662,12.619,12.957,13.249,13.212,13.107,12.35,13.468,12.868,12.304,13.083,12.909,12.012,12.386,13.113,12.322,12.685,12.783,13.301,12.942,12.35,11.86,12.858,12.348,13.144,12.242,11.999,12.549,13.717,12.869,12.837,13.351,13.283,12.691,12.724,12.446,13.014,12.89,13.331,12.981,12.805,12.931
12.382,12.904,11.98,12.518,12.705,13.247,12.612,12.861,12.648,12.89,12.628,12.853,12.685,12.882,12.338,12.52,11.849,12.953,12.628,12.394,12.345,12.712,12.365,12.813,13.007,12.982,12.812,12.074,12.732,12.743,13.099,12.976,12.71,12.74,12.264,12.428,12.588,13.145,12.903,13.056,12.929,12.846,12.784,12.445,12.387,12.475,12.922,12.794,12.719,12.754,12.73,12.738,12.702,13.021,12.314,11.499,12.765,12.49,12.803,12.735,12.992,12.967,12.315,12.917,13.238,12.953,12.061,12.391,12.641,12.353,13.279,12.379,13.036,12.614,13.121,12.961,12.448,13.002,12.37,13.27,12.619,12.429,12.82,13.23,12.296,13.142,13.327,12.954,12.923,12.764,12.646,12.788,12.561,13.527,12.765,12.696,12.942,12.69,13.145,13.043
12.729,12.93,12.723,12.395,12.563,12.342,13.319,13.054,12.713,13.083,12.818,12.903,12.581,12.677,12.739,12.263,12.516,12.323,13.123,12.943,12.68,13.19,13.237,12.973,12.547,12.983,12.537,11.868,12.866,12.914,13.028,12.513,12.885,12.83,12.141,13.133,12.455,12.015,12.651,12.419,12.611,12.976,13.054,12.124,12.584,12.975,12.59,12.812,13.066,12.753,12.79,12.407,13.106,12.821,12.98,12.516,12.621,12.506,12.935,12.303,12.495,12.834,13.375,12.572,12.306,12.102,11.888,13.086,12.719,12.787,13.224,12.948,12.38,12.632,12.647,12.44,12.19,12.508,12.281,12.314,12.841,12.129,12.297,12.239,13.018,12.624,12.156,12.815,13.016,13.302,12.681,12.697,12.862,13.35,13.225,12.362,12.41,12.542,13.308,12.683
13.013,12.901,12.365,12.77,12.668,13.14,12.87,12.473,12.642,12.984,12.897,13.136,12.507,12.323,12.65,12.635,13.134,13.105,13.298,12.814,13.136,12.346,12.838,12.682,12.879,12.387,12.95,13.588,12.498,13.156,13.221,12.742,12.777,12.818,12.747,12.282,12.719,13.115,13.162,12.852,12.782,12.876,12.549,12.763,12.615,12.628,12.623,13.04,13.025,12.733,12.4,12.808,13.222,13.115,12.715,12.073,12.497,12.842,12.19,13.005,12.362,12.422,13.005,12.222,12.121,13.189,12.599,12.641,12.664,12.755,12.957,13.465,13.131,13.074,12.736,12.822,12.461,12.666,12.896,12.627,12.889,12.844,12.721,12.68,12.645,13.233,13.088,12.52,12.813,12.236,12.45,12.679,12.978,13.072,13.19,13.186,12.971,12.917,13.312,12.831
12.494,12.711,12.415,12.987,12.687,12.714,12.744,12.651,12.535,12.894,12.76,12.191,12.888,12.945,12.634,12.765,12.57,13.092,13.341,12.665,13.2,13,12.707,12.915,12.594,12.361,12.485,13.043,12.845,13.103,11.987,12.936,13.261,12.806,13.285,12.962,12.948,13.044,12.985,13.045,12.921,12.956,13.022,13.051,12.371,12.232,12.084,12.678,13.182,12.807,12.714,12.956,12.738,13.061,12.747,12.109,12.606,12.065,12.891,12.908,12.577,13.013,12.26,13.03,12.136,13.387,12.201,13.134,12.901,13.05,13.044,13.111,13.057,12.916,12.92,12.592,11.938,12.514,12.311,12.39,12.559,12.761,12.698,13.015,13.157,12.171,12.057,12.752,12.571,13.343,12.585,13.064,12.985,13.591,13.184,12.952,12.299,12.487,13.191,12.401
12.541,13.638,11.863,13.126,13.29,12.649,11.873,13.181,12.74,12.442,12.804,12.333,12.669,12.617,12.614,13.225,13.304,12.084,13.258,12.724,12.356,12.808,12.467,12.721,12.754,12.138,12.542,12.384,12.594,13.055,12.515,12.891,12.222,12.837,12.913,12.723,12.298,13.209,12.964,12.611,12.759,12.748,12.915,13.288,12.396,13.064,13.156,12.818,12.834,12.519,12.769,12.771,13.201,13.12,12.936,12.202,12.713,13.302,12.742,13.175,12.966,13.194,12.118,12.909,12.293,12.858,12.526,13.754,12.93,12.837,13.08,13.159,12.641,12.701,12.796,12.785,12.687,12.951,12.446,12.907,12.691,12.529,12.774,12.426,13.295,13.845,12.247,12.868,12.373,12.921,12.112,12.778,13.024,12.834,12.863,12.662,13.065,12.177,13.263,12.748
12.473,12.313,13.289,12.532,13.183,12.547,13.259,13.144,12.878,13.101,12.83,13.092,13.017,12.435,12.79,13.204,12.241,13.255,12.576,12.651,12.661,12.646,12.307,12.979,13.012,13.043,12.636,12.108,12.465,12.731,13.145,12.677,12.383,12.608,12.212,12.657,12.603,12.222,12.135,12.881,12.902,12.626,12.648,13.543,13.212,13.328,12.709,12.535,12.786,13.055,12.231,12.831,13.249,12.711,12.642,13.356,12.631,12.408,13.304,12.636,12.459,12.443,13.242,12.837,12.826,12.782,12.048,13.511,12.745,12.733,12.124,12.974,12.678,12.756,12.616,12.408,13.499,12.494,12.697,12.604,12.787,12.631,12.157,12.762,13.124,13.128,13.371,13.117,12.392,13.277,12.735,12.816,13.518,12.299,12.331,12.668,13.159,12.568,13.049,12.373
12.442,13.146,12.798,13.023,12.99,13.071,12.744,12.4,12.659,12.847,12.689,12.813,12.413,12.338,12.906,12.807,13.218,13.269,12.593,12.364,12.562,12.786,13.039,12.796,13.152,13.306,12.499,12.079,12.998,13.339,12.4,13.22,12.442,12.643,13.084,12.978,12.859,12.32,12.061,12.786,12.601,12.488,12.597,12.964,12.348,12.282,12.438,12.798,12.648,12.509,12.753,12.049,12.216,12.202,12.943,13.517,13.008,12.405,13.001,13.083,12.622,12.729,12.51,13.094,13.216,12.531,12.81,12.13,12.681,12.914,12.683,12.054,13.309,12.608,13.325,12.92,12.891,12.813,12.99,13.239,12.754,12.724,13.021,13.295,13.33,12.613,12.206,13.059,12.352,13.135,13.215,12.879,12.722,13.531,12.327,12.758,12.694,12.947,13.005,13.144
12.891,12.778,11.845,12.641,13.121,12.122,13.531,13.232,12.923,13.034,12.726,11.879,12.653,12.751,12.622,13.064,12.688,12.65,12.769,12.778,13.065,12.765,11.981,13.044,12.798,12.48,12.588,13.358,12.881,12.468,12.862,12.488,13.175,12.793,13.004,13.214,12.81,12.967,12.81,12.538,12.763,12.675,12.708,12.535,13.02,12.407,13.062,12.642,12.507,12.891,12.576,12.667,12.356,12.472,12.977,12.118,12.532,12.199,12.597,12.656,12.867,12.504,12.897,12.455,12.446,12.216,13.015,12.712,12.654,12.874,12.789,12.188,12.404,12.66,13.189,12.563,12.785,12.888,12.4,13.03,12.614,12.845,12.728,13.423,12.095,13.044,13.226,12.906,12.291,12.499,12.572,12.935,12.801,12.607,13.08,12.657,12.363,12.356,12.869,12.355
12.507,12.392,13.211,13.171,12.913,13.133,12.457,13.105,13.183,12.52,12.716,11.95,12.581,12.352,12.907,13.171,13.189,12.405,12.822,12.696,12.484,12.538,12.191,13.178,13.063,12.651,12.457,12.534,12.855,13.038,12.271,12.438,13.108,12.731,13.326,12.42,12.711,12.452,13.212,12.482,12.959,12.728,12.993,13.165,12.399,12.424,12.807,12.725,12.624,12.787,12.515,12.699,12.242,12.546,12.622,12.046,13.037,12.951,12.723,12.796,12.706,12.919,12.552,12.486,12.568,13.183,12.279,12.049,12.981,12.746,13.005,12.935,12.19,12.899,13.015,13.085,12.543,13.12,12.886,12.66,12.657,12.461,12.757,12.6,12.635,12.423,13.354,12.68,13.167,13.218,12.184,12.984,12.053,13.149,13.226,12.798,12.342,12.499,12.255,12.965
12.847,13.031,12.864,12.615,12.495,12.987,12.312,13.067,12.751,12.474,13.016,12.918,12.525,12.439,12.535,12.508,12.227,12.563,12.941,13.173,13.003,12.924,12.726,12.834,12.609,12.446,13.061,12.732,12.957,12.166,12.96,12.926,13.239,12.638,12.668,12.165,12.92,12.947,13.116,12.689,12.803,12.942,12.593,12.28,13.124,12.936,13.215,13.102,13.238,12.922,12.817,12.905,13.159,12.166,12.589,12.256,12.884,12.946,12.811,12.861,12.986,13.194,12.495,12.423,12.503,13.248,12.615,11.773,12.826,12.514,12.509,12.803,12.688,12.884,13.145,12.618,13.188,12.882,12.893,12.251,12.895,13.33,12.921,13.197,12.249,12.924,12.96,12.632,12.477,12.315,12.675,12.968,11.889,13.407,12.659,12.961,12.718,12.511,12.247,12.845
12.819,12.524,12.361,12.245,12.911,13.184,12.438,12.92,12.829,12.551,12.457,13.179,12.555,12.374,12.706,13.105,12.526,13.209,13.006,13.015,12.435,12.53,13.286,12.465,12.547,12.446,12.705,12.486,12.945,12.351,13.181,12.387,13.1,12.643,12.725,12.553,12.552,12.97,12.951,12.41,12.632,12.807,12.938,12.203,13.038,12.679,12.91,12.95,12.852,12.827,12.904,12.295,12.431,13.064,12.893,12.298,12.673,12.723,11.939,12.801,12.583,12.533,12.936,12.546,13.001,13.508,12.393,13.513,12.601,12.568,13.148,12.732,12.855,12.863,12.709,12.979,13.105,12.449,12.532,13.617,12.808,12.998,13.372,12.455,12.361,12.637,13.616,12.7,12.988,13.276,12.783,12.784,13.578,12.477,12.86,13.213,13.487,12.923,12.732,13.009
12.662,13.781,11.736,12.576,12.165,12.752,12.365,13.149,12.348,12.458,12.896,12.989,12.814,12.485,12.885,12.817,11.792,13.066,12.836,12.192,13.185,13.211,13.072,12.601,12.107,12.881,12.56,12.525,12.432,13.266,11.933,13.175,12.204,12.561,12.407,12.53,12.686,12.248,13.106,13.122,12.667,13.332,12.768,12.21,13.013,12.456,12.447,12.225,12.358,12.5,12.893,12.191,13.04,13.14,12.969,13.284,12.577,13.091,13.246,12.956,12.59,12.255,13.375,13.049,13.481,12.418,12.443,12.822,12.609,12.452,13.027,12.631,12.691,12.505,12.694,13.04,12.653,12.927,12.748,12.037,12.826,12.168,12.824,13.077,12.199,12.913,12.862,12.654,12.249,12.393,13.169,13.266,12.155,13.587,13.189,12.315,12.367,13.092,13.273,12.457
12.66,12.344,13.179,13.171,12.463,12.819,12.259,12.316,12.475,13.245,12.564,12.54,12.765,12.623,12.812,13.144,12.381,13.371,12.841,13.085,12.848,12.403,12.264,12.599,13.207,12.13,12.758,13.031,12.78,12.827,13.266,12.509,13.064,12.681,12.491,13.341,12.733,12.7,12.834,12.696,12.572,12.356,12.758,12.712,12.715,13.198,12.98,12.78,12.885,12.682,13.068,12.771,12.246,12.016,12.595,12.254,13.069,12.27,12.725,12.846,12.504,12.83,12.967,12.796,13.193,12.797,13.006,11.792,12.598,12.597,13.048,12.048,13.144,12.678,12.825,12.649,12.465,12.442,13.12,13.618,12.701,12.751,12.486,12.976,13.105,12.168,13.62,12.832,13.087,13.402,13.088,12.57,12.605,13.076,13.204,12.557,13.068,12.337,12.473,12.503
12.804,13.555,13.24,12.721,12.704,12.788,12.783,13.265,13.055,12.42,12.659,13.308,12.601,12.271,13.084,12.529,12.719,12.098,12.973,12.971,12.306,13.254,13.356,12.886,12.992,12.916,12.944,12.104,12.618,12.705,11.796,12.423,12.399,12.585,11.752,12.296,12.792,13.189,13.337,12.827,12.713,12.55,12.731,12.884,12.858,12.625,12.13,12.808,12.36,12.795,13.054,12.548,13.14,12.843,12.511,13.212,12.651,13.245,12.409,12.631,12.206,12.505,12.193,12.538,13.07,12.602,13.04,13.717,12.976,12.543,12.619,13.038,12.906,12.684,12.394,13.045,12.555,12.465,12.45,11.845,12.8,12.83,12.918,12.2,13.491,13.443,11.989,12.919,12.876,13.027,13.107,12.494,11.978,13.736,13.22,12.314,12.666,12.541,12.829,13.233
13.024,13.677,12.737,12.35,12.736,12.103,12.38,12.306,12.682,12.254,12.878,13.402,12.86,12.595,12.734,13.064,13.122,12.492,12.909,12.612,12.94,12.827,13.121,12.571,12.817,13.025,12.807,12.945,12.501,12.992,13.003,12.179,12.343,12.56,13.179,12.397,12.898,12.815,12.448,12.654,12.602,13.078,12.525,12.62,12.963,13.016,13.544,12.518,12.295,12.672,13.201,13.037,13.273,13.32,12.658,12.627,12.998,13.197,13.097,12.822,12.781,12.593,13.135,13.256,12.256,13.282,12.97,13.071,13.024,12.924,12.5,13.031,13.603,12.597,12.434,12.577,13.098,13.173,13.186,12.119,12.762,12.59,12.687,12.406,12.826,14.071,13.681,12.902,12.315,13.022,12.149,13.199,13.207,12.736,12.971,12.964,13.162,12.974,12.822,12.728
12.973,11.985,11.709,12.726,12.673,13.127,13.329,12.473,12.867,12.682,12.776,12.697,12.845,12.235,12.595,12.477,12.259,13.205,12.498,13.328,13.022,12.176,13.514,12.687,13.069,12.815,12.761,12.729,12.962,13.221,12.765,13.118,13.269,12.9,13.18,12.875,13.012,12.657,12.351,12.864,12.964,12.701,13.049,13.035,12.289,12.798,12.42,12.917,12.546,12.891,12.664,12.532,12.74,12.178,12.909,12.215,13.024,13.329,13.28,12.513,12.512,12.171,12.216,12.247,13.119,13.181,12.328,13.108,12.64,12.984,12.996,13.216,12.607,12.361,12.94,13.072,13.299,12.628,12.536,12.274,12.775,12.587,12.26,12.357,12.587,13.321,12.464,12.891,12.89,13.162,12.93,12.545,11.843,12.966,12.472,13.064,13.163,12.955,12.108,12.69
12.983,12.342,13.415,12.587,12.445,13.035,13.318,12.928,12.99,12.368,12.586,13.34,12.686,13.331,12.652,12.771,12.216,12.912,12.46,12.45,12.516,12.897,13.123,12.593,12.973,12.691,12.894,13.291,12.964,13.105,12.515,12.988,12.942,12.841,13.207,13.272,12.487,12.559,13.072,12.598,12.944,12.528,13.001,12.595,12.333,12.805,12.229,13.072,12.832,12.862,12.604,12.658,12.596,12.992,13.097,13.348,12.9,13.026,12.79,12.644,12.525,12.563,12.213,13.106,12.318,13.263,12.979,12.881,12.637,12.67,13.01,12.186,12.418,12.564,12.567,13.003,12.614,12.712,12.64,13.907,12.708,12.311,12.7,12.015,13.417,13.349,13.133,12.706,12.574,12.442,13.177,12.985,12.894,12.764,12.752,12.666,12.904,12.996,12.684,12.687
12.606,13.102,13.051,13.178,12.959,12.494,12.866,12.556,12.689,13.025,12.797,12.616,12.677,13.426,12.883,12.818,12.605,13.177,13.138,13.134,12.446,12.084,13.2,12.848,13.281,13.04,12.596,12.214,12.461,12.392,12.362,12.51,12.343,12.633,12.968,12.857,12.526,12.708,12.928,12.891,13.079,13.01,12.958,12.854,13.102,12.485,12.481,12.35,12.496,12.711,13.218,12.998,12.16,12.963,12.789,12.121,12.613,12.668,12.228,12.676,12.628,12.902,12.171,12.593,12.33,12.396,12.729,12.999,12.824,12.647,12.361,12.698,12.163,12.778,12.308,12.5,12.966,12.411,12.378,13.896,12.756,12.169,12.924,12.993,12.41,12.949,12.445,12.599,12.513,12.421,12.281,12.454,13.365,12.966,12.527,13.337,13.252,12.343,12.739,12.548
12.484,12.683,13.341,12.684,12.586,12.58,12.646,13.028,12.832,12.697,12.995,12.322,12.28,12.184,12.672,13.064,13.227,12.231,13.061,12.043,12.313,12.882,12.444,12.683,12.46,12.554,12.723,12.409,12.592,12.57,12.479,12.549,12.777,12.865,12.243,12.312,12.925,12.383,13.33,12.556,12.738,12.645,12.562,12.378,12.523,12.601,11.983,12.948,12.275,12.611,12.853,12.754,12.368,13.012,12.562,12.206,12.784,12.717,12.685,12.763,12.59,13.029,12.463,12.972,12.673,13.234,12.338,12.895,12.814,12.554,12.824,13.042,13.424,12.715,13.255,12.888,13.043,12.652,13.409,11.853,12.681,12.18,12.664,12.594,13.557,12.77,12.923,12.842,12.22,12.694,12.068,12.643,12.614,12.731,12.561,12.194,12.353,12.338,12.35,12.355
12.815,12.356,12.563,12.492,12.496,13.339,13.243,12.529,12.842,12.463,12.598,12.435,12.749,12.033,12.927,12.545,12.114,12.817,12.569,12.527,12.763,13.283,12.35,12.846,13.092,12.796,12.715,12.546,13.12,12.401,12.42,12.599,13.222,12.729,12.074,13.024,12.692,13.123,13.021,12.501,12.635,13.111,12.982,12.585,13.06,12.475,13.415,13.055,12.762,13.171,12.491,12.61,12.202,12.764,12.935,13.395,12.748,12.358,12.319,12.779,12.434,12.878,12.339,12.535,12.395,12.402,13.449,12.577,12.704,12.716,12.89,13.44,13.157,12.576,13.01,12.957,12.173,13.247,13.038,11.865,12.805,12.672,12.661,13.034,12.623,13.67,12.502,12.861,12.531,13.177,12.969,12.839,13.323,13.761,12.496,13.129,12.178,12.406,12.676,12.061
12.996,13.692,12.896,12.237,13.053,13.191,12.362,12.797,13.164,12.845,12.806,13.28,12.646,12.75,12.742,12.475,12.496,12.673,12.338,12.258,12.401,12.78,13.292,12.494,12.426,12.825,12.548,12.252,12.665,12.959,13.542,12.986,12.398,12.616,12.877,13.135,12.946,13.095,12.69,12.805,12.911,12.713,12.863,12.746,13.086,13.166,12.447,13.382,12.642,12.471,12.954,12.257,13.199,12.368,12.893,13.206,12.669,12.034,12.427,12.718,12.39,12.223,12.907,13.14,12.158,13.071,12.81,12.315,12.903,12.42,12.875,12.973,13.137,12.646,13.039,13.043,13.186,12.556,13.388,14.006,12.778,12.533,13.544,13.056,13.26,11.681,12.287,12.517,12.229,12.402,13.129,12.694,12.721,12.77,13.188,12.959,11.94,13.175,12.886,12.932
12.451,12.87,11.733,12.813,12.49,12.144,12.528,12.579,12.737,12.283,12.672,13.399,12.53,12.67,12.743,12.883,13.234,13.012,12.933,12.813,13.059,12.937,13.09,12.706,13.205,12.827,12.482,13.121,12.126,12.911,12.672,12.546,12.365,12.955,12.245,13.139,12.828,12.274,13.393,13.139,12.574,12.075,12.551,12.807,13.105,13.158,13.027,12.588,13.259,12.795,12.235,12.976,12.93,12.529,12.672,12.058,12.588,12.166,12.507,12.95,13.052,12.65,12.551,12.233,12.456,12.396,12.203,12.614,12.75,12.55,13.101,12.351,12.499,12.719,12.902,12.611,12.411,12.894,12.968,12.619,12.82,12.802,12.541,12.914,12.265,12.503,12.391,12.826,12.325,13.086,12.855,12.797,13.46,13.343,13.084,12.257,13.781,12.972,12.997,13.105
13.06,12.848,11.887,12.437,13.009,12.295,12.863,13.16,12.929,12.408,12.389,12.882,12.711,12.003,12.755,12.529,13.105,12.786,12.824,12.526,12.845,12.617,12.923,12.479,12.093,12.421,12.745,13.04,12.482,12.23,12.7,12.693,12.789,12.907,12.822,12.436,12.93,12.567,13.132,12.55,13.223,11.947,12.595,12.708,12.541,12.989,12.768,13.044,12.878,11.922,12.811,12.939,12.828,13.151,12.733,11.843,12.263,13.38,12.703,13.128,12.535,12.493,12.397,12.454,12.932,12.539,11.889,12.806,12.843,12.853,12.378,12.4,11.856,12.693,12.629,13.016,12.632,13.119,12.626,12.986,12.736,13.105,13.471,12.204,13.059,13.326,12.516,12.637,12.352,13.29,12.103,12.552,11.706,13.153,12.367,12.487,12.058,12.873,12.517,13.256
12.957,13.949,12.16,13.01,12.933,13.295,13.694,12.948,12.733,12.413,12.992,12.314,12.557,12.261,12.83,12.412,13.353,13.199,12.319,12.987,12.625,12.615,12.952,12.984,12.969,12.759,12.733,12.082,12.577,12.374,13.297,13.047,13.121,12.7,12.958,12.373,12.491,12.351,12.326,12.604,12.431,12.701,12.523,13.065,12.738,12.348,13.151,13.088,12.992,12.771,12.297,13.199,13.196,12.645,12.7,13.302,12.715,12.11,12.816,12.161,12.225,13.108,13.358,13.544,12.1,13.064,12.895,12.565,12.865,12.904,12.717,13.296,12.751,12.659,12.755,13.135,12.639,12.442,12.932,12.94,12.737,12.952,12.057,12.669,13.274,13.472,13.349,12.852,12.492,13.159,13.18,12.247,12.765,11.851,12.812,12.838,12.409,13.105,13.107,12.882
12.45,13.522,12.213,12.693,12.608,13.156,12.145,12.289,12.798,13.252,12.688,13.236,12.826,12.37,12.84,13.237,12.161,13.17,12.837,12.928,12.879,12.926,12.578,12.488,13.007,13.141,12.971,11.937,13.072,12.212,13.407,13.058,13.217,12.701,13.15,12.763,12.828,12.453,13.138,12.809,12.705,12.07,12.802,12.663,12.661,13.03,12.942,12.748,13.003,13.104,12.895,12.768,13.039,13.038,12.584,13.069,12.651,12.773,13.116,12.207,13.178,13.099,12.641,12.635,12.037,13.062,12.267,12.757,12.772,12.517,12.401,13.063,13.471,12.598,12.863,13.084,12.444,12.416,12.625,12.241,12.836,12.825,12.651,12.082,12.334,12.443,13.315,12.456,13.138,12.258,12.382,12.593,12.106,12.851,13.173,12.546,12.824,12.379,12.293,12.408
12.75,13.145,13.584,13.045,12.523,13.209,12.983,13.277,12.954,12.49,12.678,13.47,12.503,13.138,12.946,12.383,13.1,12.925,12.824,13.033,13.13,12.832,12.291,12.955,12.556,12.511,12.992,12.822,12.859,13.242,12.273,12.898,13.029,12.695,13.045,12.469,12.816,12.25,12.939,12.773,12.521,13.548,12.676,12.273,12.43,12.524,13.341,13.116,13.07,13.632,13.24,12.998,12.493,12.109,12.462,12.2,13.018,13.363,12.775,12.717,13.222,12.65,13.206,13.373,12.787,12.638,13.338,12.865,12.671,12.897,12.65,12.901,13.312,12.696,12.844,12.221,12.598,12.73,12.817,11.621,12.877,12.776,12.556,13.185,12.905,12.771,12.848,12.792,12.883,13.133,13.081,12.663,12.615,13.171,13.202,12.447,12.231,12.679,12.649,12.955
12.478,12.739,13.439,12.511,12.404,13.036,13.337,13.252,12.604,13.322,12.816,12.246,12.744,13.079,12.907,12.239,12.386,12.997,12.831,12.704,12.752,12.954,12.792,12.505,12.907,13.103,12.556,12.113,12.835,12.574,12.238,12.677,12.454,12.509,12.4,12.287,12.657,13.152,12.927,12.62,12.742,12.892,12.589,13.12,12.151,12.363,13.213,12.227,12.949,12.951,12.099,12.931,12.726,13.199,13.087,12.775,12.986,12.69,12.954,12.712,13.144,12.604,12.252,12.946,12.205,12.731,12.59,12.768,12.871,12.71,12.536,12.239,12.542,12.973,13.038,12.464,12.388,13.068,12.449,11.613,12.784,13.011,13.566,13.009,13.243,13.751,12.046,12.828,12.433,12.764,12.481,12.538,13.008,12.664,12.552,12.355,13.552,12.451,12.494,12.974
12.952,13.017,13.057,12.621,12.321,12.175,12.595,12.922,12.643,12.563,12.7,12.977,12.781,12.494,12.764,12.397,12.331,12.457,12.32,12.527,12.61,12.623,13.089,12.955,12.655,12.776,12.502,12.331,12.416,12.726,13.431,12.694,13.022,12.714,12.032,12.654,12.813,13.112,12.892,13.028,12.844,12.719,12.783,12.963,12.591,13.165,12.909,12.767,12.357,12.448,13.207,13.005,12.192,12.663,13.142,13.203,12.879,12.727,12.159,12.633,12.383,13.076,12.265,13.205,12.579,12.751,12.821,12.676,12.685,12.996,12.934,12.031,11.989,12.744,12.82,12.843,13.003,13.129,12.602,12.112,12.804,12.329,12.475,12.398,12.36,12.363,13.03,12.672,13.454,13.228,13.164,12.631,12.392,12.996,12.37,12.547,13.44,13.222,13.233,12.668
12.957,11.736,13.12,12.52,13.201,12.665,12.429,12.373,12.458,13.006,12.989,12.357,12.747,12.029,12.765,12.03,12.738,12.819,12.791,12.533,12.366,12.602,12.666,12.935,12.712,12.53,12.974,12.086,13.124,12.93,12.334,12.746,12.683,12.192,13.072,13.163,12.867,13.146,12.691,13.092,12.748,12.621,12.576,12.172,12.906,12.867,12.818,12.822,12.653,12.374,13.36,13.181,12.435,12.298,12.458,12.455,12.739,12.407,12.645,12.59,12.562,12.259,13.217,12.462,12.657,12.95,13.212,12.899,12.707,12.342,12.798,12.504,12.162,12.737,12.584,13.152,12.479,13.232,12.81,12.611,12.451,13.363,13.753,13.352,12.341,12.704,12.848,12.645,12.269,13.243,13.007,12.54,12.035,14.289,12.589,12.587,13.306,12.473,12.227,12.588
12.984,13.245,13.309,12.957,12.441,13.38,12.837,12.892,13.004,12.465,13.129,13.095,12.751,12.574,12.818,12.608,12.882,13.13,12.662,12.354,12.648,12.66,13.042,12.589,13.057,12.519,12.547,13.297,13.113,12.58,12.03,12.734,12.276,12.738,11.993,13.101,12.396,12.933,12.751,12.881,12.676,13.124,12.695,12.899,13.11,12.502,12.011,12.175,12.578,13.075,12.008,12.208,12.976,12.178,12.332,12.043,12.704,12.648,12.494,12.778,13.171,12.584,13.085,12.943,12.013,12.341,12.223,12.655,12.693,12.338,12.662,12.66,13.255,12.579,12.598,12.415,13.25,12.274,12.195,13.185,13.085,13.168,12.696,13.534,13.016,11.872,12.154,12.53,12.097,12.798,12.179,12.646,13.13,13.752,12.871,12.513,12.79,13.291,12.289,12.941
12.998,13.592,12.615,12.766,13.114,12.63,11.915,13.118,12.418,13.067,13.01,13.524,12.618,12.421,12.553,13.357,12.276,12.484,12.327,13.124,12.476,12.604,12.347,12.795,12.239,12.58,12.516,12.133,12.833,12.283,13.229,12.724,12.256,13.297,12.392,13.131,13.05,12.914,12.632,12.593,12.745,12.204,12.819,12.625,12.691,12.69,13,12.689,12.341,11.916,12.767,13.001,13.295,12.689,13.246,13.198,12.772,13.371,12.86,13.115,12.364,12.472,12.485,13.094,12.216,12.762,12.445,12.726,12.668,12.808,12.759,12.8,12.891,12.584,12.746,13.11,12.307,12.408,12.145,13.178,12.944,13.273,12.88,12.489,13.25,12.737,12.503,12.773,13.458,12.556,12.383,12.515,12.504,13.531,12.453,12.934,11.913,12.166,13.249,12.725
12.5,13.071,12.102,12.432,12.321,12.543,12.781,12.84,12.59,13.253,12.796,13.083,12.95,13.341,12.991,12.668,12.922,12.26,12.661,12.125,13.022,12.947,12.693,12.92,12.87,12.566,12.389,13.245,12.265,12.546,13.236,13.081,13.283,12.134,12.304,12.964,12.671,12.281,12.661,12.709,12.736,12.845,12.922,12.445,12.32,13.057,12.62,12.774,13.331,11.976,12.503,12.984,12.141,12.221,13.229,11.563,12.55,12.454,12.394,13.044,12.506,12.073,13.432,12.353,12.94,12.521,13.138,12.756,12.848,13.096,12.543,13.251,13.385,12.68,12.736,12.788,13.141,12.449,12.945,13.836,12.537,12.176,12.645,11.985,13.052,12.363,12.033,13.131,12.204,12.641,13.181,12.837,12.344,12.982,12.329,12.879,12.924,12.451,12.892,12.701
12.82,12.737,12.437,13.235,12.365,13.498,13.528,12.979,12.764,12.388,12.873,11.788,12.707,12.456,12.61,12.21,13.157,12.238,12.961,12.718,12.406,12.802,12.833,12.792,12.382,12.718,13.021,13.215,13.133,12.932,12.835,12.895,13.14,13.256,12.697,12.633,12.56,12.311,12.644,12.772,12.911,13.041,12.825,12.398,12.811,12.566,12.599,12.536,12.589,13.914,12.548,13.151,13.099,12.716,13.454,11.802,12.782,12.125,12.803,12.744,13.166,12.617,12.243,12.677,13.438,12.116,12.929,12.531,12.631,12.701,12.879,13.13,12.611,12.652,12.771,12.547,12.341,12.482,12.02,13.707,12.555,12.597,12.191,13.243,12.258,13.051,12.15,13.191,12.57,13.192,12.373,12.587,11.723,12.292,12.617,12.829,12.319,12.758,13.412,12.393
12.689,12.693,13.366,12.479,12.572,12.234,13.054,12.77,12.966,12.585,12.286,11.976,12.851,13.518,12.593,12.972,12.595,12.446,12.656,12.845,12.4,12.437,13.12,12.701,13.151,13.034,12.587,12.13,13.026,13.265,12.229,12.715,12.266,12.915,12.882,12.57,12.904,12.432,12.526,12.358,13.413,12.215,12.687,13.242,13.073,12.956,13.22,12.87,12.55,13.038,12.272,12.442,13.038,12.97,12.305,12.996,12.622,12.778,12.892,12.817,12.597,12.465,12.741,12.196,13.293,12.519,13.079,12.752,12.732,12.877,12.546,12.709,13.008,12.797,12.714,12.386,12.84,12.689,12.244,13.061,12.976,12.044,13.035,13.106,12.267,13.256,12.355,12.785,12.034,13.033,12.609,12.555,12.326,12.392,12.501,13.15,11.992,12.922,12.984,12.31
12.827,12.521,12.347,12.314,12.326,13.433,13.175,12.475,12.783,13.56,12.575,13.185,12.749,12.208,12.514,12.882,12.391,12.436,12.661,11.953,12.335,12.834,12.135,12.807,13.225,12.672,12.805,12.32,12.851,13.395,12.911,12.5,12.802,13.16,12.375,13.084,12.603,12.351,12.972,12.603,12.16,12.425,12.871,12.481,12.343,12.902,12.394,12.565,12.665,12.526,12.45,12.937,13.193,12.825,13.204,12.314,12.631,12.641,12.839,12.864,12.443,12.983,12.642,13.095,12.423,12.268,13.055,12.532,12.636,12.522,12.695,13.39,12.369,12.656,12.783,12.498,12.979,12.394,13.001,12.309,12.336,13.123,12.616,12.346,12.221,12.795,12.089,12.375,12.459,12.804,12.463,12.723,12.107,13.285,12.439,13.062,13.369,12.961,12.709,12.455
13.159,12.921,12.263,12.866,12.839,12.495,13.235,12.592,12.408,12.194,12.663,13.145,12.793,13.534,12.983,12.103,13.118,12.357,13.052,13.597,13.206,12.97,12.23,13.034,13.288,12.458,12.732,12.213,12.9,12.497,13.495,12.45,13.153,12.571,12.872,12.513,12.847,12.182,12.699,12.741,12.936,12.788,12.547,12.777,13.174,13.067,13.224,12.511,12.568,12.115,13.071,13.069,12.779,13.122,13.109,12.75,12.603,12.834,13.066,12.576,12.453,12.411,13.603,12.694,13.023,12.125,13.044,12.726,12.66,12.559,12.857,13.127,12.734,12.543,12.812,12.378,12.784,13.018,12.855,12.257,12.973,12.758,13.674,12.448,12.401,12.97,12.041,12.896,12.981,12.83,12.646,12.832,12.583,12.861,12.493,13.011,13.387,12.225,12.311,13.134
12.724,12.836,12.086,12.633,13.242,12.236,13.266,12.54,12.641,13.415,12.706,12.082,12.923,13.036,12.582,12.864,12.298,12.318,12.768,12.455,13.004,12.767,12.498,12.776,12.991,12.982,12.474,13.559,12.368,12.432,12.679,12.577,12.218,12.813,12.368,12.379,12.697,12.586,12.968,13,13.051,12.954,12.487,12.266,12.243,12.415,12.682,13.14,13.178,12.185,12.928,12.508,12.38,12.995,13.099,12.676,13.075,13.036,12.811,12.551,13.068,12.819,12.482,13.04,13.17,12.359,12.806,12.999,12.514,12.294,12.763,13.214,12.393,12.832,12.458,13.154,12.821,13.127,12.318,13.561,12.419,12.817,11.89,12.926,12.874,12.142,12.055,12.879,12.192,12.314,12.104,13.009,13.631,13.877,13,12.412,12.363,12.415,12.271,12.207
12.406,12.424,13.217,12.788,12.773,12.441,12.936,12.444,12.529,12.053,12.758,13.564,12.865,12.431,12.562,12.486,12.605,12.296,12.948,13.622,13.09,12.966,12.39,13.024,12.871,12.497,12.816,12.416,12.516,12.569,12.325,13.026,13.046,12.783,12.609,12.894,12.582,12.394,12.54,13.08,12.784,13.035,12.956,12.312,12.645,12.712,12.387,12.91,12.65,13.142,12.716,12.868,12.276,12.369,12.477,13.346,12.387,12.573,12.34,12.528,12.784,12.842,12.242,13.412,13.27,12.516,13.101,12.364,12.659,12.804,12.825,13.142,12.667,12.802,12.586,13.146,12.733,13.135,12.188,13.072,12.831,13.085,13.335,13.703,13.292,12.666,13.004,12.596,12.839,13.114,12.933,12.505,12.579,13.602,13.107,12.682,12.491,12.846,12.379,12.858
13.177,12.773,13.368,12.778,12.426,12.43,12.638,12.824,12.51,13.135,12.579,13.572,12.48,13.154,12.86,13.258,12.526,13.159,12.831,12.927,12.724,12.437,12.794,12.991,13.036,12.841,12.975,13.239,12.367,13.183,13.107,12.552,12.55,12.639,12.924,12.633,12.801,12.89,12.695,12.096,12.673,12.563,12.516,12.786,13.048,12.944,13.397,12.902,13.003,12.327,12.522,13.013,13.162,13.121,13.243,12.359,12.617,13.006,12.93,12.665,12.537,12.502,13.323,12.58,13.414,13.109,13.25,12.602,12.68,12.226,12.951,13.201,12.308,12.586,12.662,12.32,12.557,12.359,12.996,12.235,12.357,13.25,12.876,13.372,12.359,13.407,12.402,12.636,12.658,12.582,12.364,12.966,11.99,13.742,12.411,13.017,12.898,12.764,12.241,13.208
13.142,13.143,11.791,12.883,13.155,12.947,12.449,12.968,13.185,12.341,13.013,12.956,12.955,12.803,12.557,12.678,12.763,12.559,12.414,12.567,12.424,12.499,13.227,12.623,12.472,13.02,12.839,12.785,13.069,12.377,12.208,12.558,12.824,12.539,12.342,12.309,12.566,13.101,12.593,12.864,13.067,12.615,12.674,13.208,12.949,13.136,12.254,12.593,12.403,12.158,13.181,12.905,12.512,12.353,12.685,13.166,12.67,12.97,13.14,12.323,11.968,13.041,13.231,12.547,12.683,12.206,13.043,12.924,12.503,12.895,12.708,12.577,11.924,12.727,12.771,12.548,12.577,12.535,12.339,12.068,13.009,12.194,13.416,12.644,12.532,13.534,11.59,12.694,13.091,12.246,12.615,12.575,12.639,12.134,12.475,12.452,12.271,12.808,13.302,12.986
12.732,13.217,11.937,12.918,12.331,12.86,12.081,12.547,12.566,12.535,13.171,12.201,13.045,13.422,12.858,12.807,12.93,12.321,12.838,13.449,12.3,12.841,12.209,12.653,12.42,13.026,12.573,13.513,12.84,13.225,12.029,12.757,12.58,12.714,13.306,12.777,12.703,13.5,12.997,12.985,12.684,12.405,12.581,12.945,12.39,12.391,12.951,13.003,12.143,13.349,12.491,12.976,12.202,12.367,12.982,13.18,13.046,12.469,12.797,12.692,13.239,12.817,13.281,13.344,12.119,12.471,13.361,12.912,12.62,12.679,12.805,12.207,12.472,12.869,12.579,12.985,13.174,12.743,12.392,12.897,12.761,12.037,11.844,12.848,13.088,12.481,12.759,12.82,13.052,12.884,12.734,12.55,12.478,11.9,13.015,12.475,12.39,13.298,13.023,12.643
12.793,13.056,13.283,12.691,12.819,12.712,12.985,12.754,12.93,12.33,13.12,13.134,12.572,12.521,12.662,12.846,13.443,12.842,12.785,13.13,12.588,12.76,12.533,12.933,12.521,12.958,12.723,12.097,13.234,13.157,12.181,12.668,12.757,12.704,13.365,13.082,12.904,13.281,12.633,12.841,12.734,13.471,13.051,12.369,12.801,12.54,11.862,12.978,13.057,12.066,12.782,12.333,12.291,12.325,12.99,13.346,13.145,13.274,12.233,13.088,13.355,12.682,12.999,13.277,13.119,12.583,13.202,12.81,12.863,12.765,12.614,12.895,11.948,12.758,12.84,13.12,12.825,12.624,13.252,11.997,12.89,12.311,13.332,12.081,13.135,13.555,13.026,12.901,12.765,12.376,12.926,12.336,12.1,12.137,12.923,13.051,13.45,12.998,12.348,13.046
12.823,12.584,13.211,12.47,12.614,12.797,12.826,12.978,12.62,12.911,12.547,13.013,12.573,13.21,12.92,12.604,12.233,13.045,12.483,12.517,12.186,13.145,12.766,12.765,12.389,12.46,12.819,13.368,12.645,12.945,12.837,12.682,12.624,12.418,12.159,12.519,12.737,12.567,12.629,12.753,13.02,12.956,12.972,12.319,12.637,12.963,12.099,12.763,12.027,13.138,12.641,12.262,13.325,12.295,12.52,12.24,12.545,12.44,12.708,12.791,12.929,12.255,13.1,12.38,13.162,12.519,13.349,12.806,13.073,12.426,12.532,12.416,13.228,12.726,12.851,12.487,12.167,12.954,12.502,12.223,12.868,12.198,12.331,12.04,12.582,12.536,12.871,12.691,12.673,12.958,13.115,12.671,12.131,11.977,12.665,12.271,13.186,12.668,13.12,13.112
13.007,12.745,12.708,12.645,13.015,12.43,11.988,12.525,12.652,13.286,13.138,13.392,12.473,12.411,12.72,12.336,12.582,12.332,12.964,12.708,13.474,12.239,13.058,12.726,12.602,12.952,12.728,12.299,12.881,12.792,12.299,12.697,13.049,12.769,12.297,13.006,12.329,12.363,12.685,12.813,12.67,12.592,12.449,12.859,12.976,13.152,13.346,12.77,11.908,13.69,12.539,12.755,12.678,12.279,12.375,12.796,12.402,13.105,12.639,12.527,13.31,13.083,12.354,12.024,12.087,12.096,13.113,12.827,12.594,12.751,12.762,12.352,13.468,12.646,12.974,12.339,12.13,12.879,12.42,12.327,12.551,13.331,12.829,13.508,13.242,12.599,13.043,12.676,12.486,12.385,13.063,12.701,12.842,13.802,12.693,13.123,13.249,12.539,12.822,12.606
12.984,12.741,12.12,12.928,12.374,12.434,12.669,12.7,12.922,12.148,12.426,13.005,12.724,12.912,12.701,12.802,12.497,12.318,12.485,12.311,12.648,12.358,12.808,12.68,13.044,12.642,12.731,12.113,12.952,12.895,12.837,12.707,12.246,12.451,13.195,12.935,12.664,12.292,12.385,12.86,12.838,12.754,12.916,12.842,12.806,13.065,12.376,12.698,11.84,13.195,12.599,13.307,12.963,12.418,13.044,12.417,12.701,12.218,12.148,12.422,12.299,12.136,12.97,12.364,13.335,12.989,13.056,12.908,13.134,12.765,12.739,13.375,13.005,12.755,12.832,13.156,13.347,12.285,12.327,13.533,12.913,13.397,12.52,12.604,13.136,12.881,12.002,12.58,13.141,12.518,12.588,12.958,13.046,12.103,13.117,13.049,13.296,12.341,12.347,12.563
12.588,12.702,13.265,12.59,12.344,12.716,12.471,12.857,12.9,12.468,12.587,13.313,12.487,13.421,12.721,13.154,13.162,12.647,12.495,13.225,12.979,13.096,12.793,13.021,12.916,13.091,12.684,13.369,12.808,12.642,12.359,12.634,12.31,12.646,12.288,12.405,12.697,12.877,12.472,12.671,12.759,12.571,13.063,13.031,12.385,13.207,12.548,12.944,13.43,11.635,12.671,12.605,12.394,12.968,12.855,12.249,12.551,13.065,12.936,13.101,13.148,13.114,12.921,13.492,13.107,13.261,13.082,12.442,12.676,12.721,12.602,13.058,12.909,12.762,12.882,12.537,13.242,12.521,12.49,11.932,13.096,13.141,13.207,13.058,12.406,13.051,12.512,12.833,13.319,13.129,12.426,12.558,12.671,11.965,13.166,12.483,12.996,12.373,12.081,12.548
12.562,13.131,11.99,12.919,13.137,13.182,12.476,12.795,12.931,12.857,12.759,13.471,12.299,12.534,12.652,12.839,12.327,13.315,12.764,12.509,12.925,12.413,12.342,12.819,13.037,12.891,12.883,12.382,12.87,12.845,12.345,12.864,12.353,12.303,12.92,12.652,12.634,12.371,12.928,12.754,12.641,13.437,12.82,13.196,12.508,13.118,12.765,12.519,13.235,12.874,12.731,13.009,12.37,12.979,12.407,12.108,12.756,12.583,12.745,12.757,13.2,12.848,12.572,13.023,12.37,12.494,13.025,12.883,12.673,12.648,12.596,12.318,12.575,12.652,12.745,12.369,12.412,12.958,13.071,12.36,13.126,13.66,13.076,12.771,12.279,12.725,12.313,12.751,13.096,12.992,13.547,13.06,12.55,12.27,12.495,12.882,12.707,13.009,13.522,13.07
12.606,12.625,13.196,12.803,13.176,12.252,12.336,12.83,12.535,13.307,12.787,12.815,13.072,12.353,12.782,12.802,13.167,12.513,13.275,12.824,13.156,12.608,12.766,12.766,13.018,12.805,12.927,13.353,12.304,12.543,12.249,12.697,12.472,12.915,13.178,12.439,13.039,12.361,12.771,12.742,12.899,12.914,13.103,13.444,12.569,13.007,12.499,12.489,12.217,12.981,12.962,13.121,12.332,12.879,12.53,13.124,12.96,13.572,12.963,12.704,12.28,12.695,13.323,13.413,13.206,12.95,12.139,12.642,12.776,12.422,12.762,13.108,13.302,12.859,12.707,12.539,12.944,12.914,13.119,12.756,13.253,12.113,12.854,13.003,12.279,12.638,13.147,12.775,12.463,12.327,12.58,12.964,12.471,13.649,12.393,12.664,12.385,12.799,12.184,12.806
13.007,12.456,13.176,13.118,13.102,12.43,13.067,13.067,12.998,12.556,12.694,12.849,12.354,12.846,12.823,12.679,12.281,12.149,12.766,12.995,12.529,13.024,12.471,12.761,12.407,12.725,12.739,13.259,12.478,12.84,13.091,12.81,13.395,12.88,12.485,12.683,12.829,12.523,13.045,12.552,12.566,12.884,12.553,13.14,12.212,13.275,11.883,12.302,12.815,13.637,13.076,12.74,12.678,12.448,12.405,13.397,12.523,12.538,12.729,12.774,13.191,12.478,13.174,12.778,12.791,12.656,12.938,12.892,12.405,12.87,12.701,13.203,12.486,12.546,12.842,12.463,12.735,12.873,12.272,12.471,13.196,11.961,13.126,13.02,13.215,12.219,12.284,12.441,12.573,12.191,12.384,12.441,12.969,13.638,12.825,12.491,12.327,12.306,12.007,12.49
12.607,12.932,13.18,12.766,13.075,13.585,12.935,12.474,13.003,11.916,12.783,12.885,13.045,12.093,12.706,12.86,12.353,11.932,13.081,12.979,12.315,12.42,12.826,13.209,12.494,12.917,12.552,12.141,13.037,12.542,13.001,12.887,12.937,12.834,13.023,13.189,12.96,12.184,12.566,12.794,13.083,12.66,12.494,13.006,12.638,12.296,12.211,12.405,13.23,13.182,12.93,12.98,12.876,12.539,12.771,13.317,12.726,13.171,12.728,12.6,13.191,12.981,12.575,12.336,12.301,13.066,13.118,12.632,13.3,12.583,12.778,13.225,12.943,12.876,12.277,12.424,13.074,12.597,13.053,12.336,12.669,13.62,12.793,12.447,13.066,12.899,13.357,12.442,11.996,13.098,11.952,12.45,12.988,13.879,12.346,12.785,12.309,13.017,12.407,12.747
12.708,12.743,12.709,13.005,12.888,13.419,13.111,12.789,12.472,11.71,12.468,13.345,13.151,12.731,12.751,12.645,13.06,12.43,12.336,13.142,12.727,12.702,13.213,12.415,12.386,12.641,12.748,12.149,12.88,12.587,13.012,12.646,11.988,12.747,13.149,12.886,12.856,13.086,12.664,12.691,12.902,12.835,12.521,12.406,12.347,12.025,12.271,13.102,12.039,12.067,12.63,12.513,12.448,12.325,12.613,13.253,12.709,12.682,13.076,13.037,12.77,12.662,13.101,12.439,12.986,12.618,12.079,12.773,12.738,12.704,12.779,13.457,12.999,12.761,12.605,13.145,13.322,12.627,13.015,12.042,12.34,12.077,12.414,12.055,12.957,12.473,12.581,12.982,12.962,13.156,12.413,12.685,12.629,12.972,12.832,12.73,12.998,12.47,12.626,12.769
12.606,12.628,11.96,13.179,12.997,12.252,12.377,12.681,13.027,12.867,13.069,11.991,13.213,13.29,12.357,12.645,12.333,12.597,12.916,12.992,13.081,13.026,12.956,12.76,12.732,12.668,12.85,12.231,12.448,12.628,12.82,13.087,13.198,12.684,13.225,12.734,12.648,13.059,12.276,12.96,12.879,12.713,12.534,13.002,12.421,12.335,11.884,12.415,13.18,13.235,12.445,12.473,12.331,12.749,12.507,13.261,12.384,12.914,12.866,12.66,13.403,12.187,12.409,12.427,12.318,13.252,12.272,12.496,13.371,12.758,12.798,13.213,13.329,12.513,12.528,12.956,13.177,12.512,12.917,13.273,12.655,13.419,12.814,12.191,12.711,13.043,11.896,12.745,12.881,12.117,13.148,12.592,12.674,12.622,12.573,12.507,13.203,12.614,12.052,12.847
12.546,13.063,13.288,12.944,13.112,13.321,12.255,12.426,12.439,12.414,12.498,13.209,12.464,13.116,12.545,12.947,12.378,13.358,13.349,12.192,13.309,13,12.534,12.424,12.776,12.519,12.762,12.394,12.956,12.607,13.05,12.777,12.881,12.805,13.172,12.514,12.904,12.184,12.316,12.624,12.376,12.556,12.55,12.452,13.295,13.077,13.55,12.527,12.378,12.929,12.551,12.918,12.06,12.509,12.617,11.871,12.727,13.232,12.959,12.537,12.12,12.563,12.341,12.318,13.359,12.871,12.533,13.045,12.508,12.761,12.698,13.378,12.299,12.762,12.904,12.219,12.687,12.481,13.093,13.775,12.757,12.403,12.445,13.216,12.932,12.684,12.217,12.839,12.905,13.218,12.222,12.435,12.761,12.065,12.454,12.675,12.709,12.59,12.85,12.703
12.509,12.784,12.434,12.988,12.32,12.61,12.836,12.425,12.62,12.505,12.617,12.836,12.705,12.71,12.91,12.568,12.943,13.429,12.882,12.35,12.951,12.805,12.737,12.788,12.872,12.593,12.698,13.171,12.567,12.483,13.026,12.77,13.283,12.765,12.502,13.018,12.621,13.171,12.429,13.04,13.097,12.626,13.042,12.156,12.536,12.806,13.475,12.994,12.005,12.148,12.971,12.463,13.339,12.819,12.792,12,12.783,12.584,12.828,13.029,12.456,12.775,13.095,13.559,11.912,13.116,13.279,12.944,12.918,12.539,12.871,12.796,13.276,12.796,12.985,12.439,12.665,12.384,13.033,12.988,12.858,12.12,12.551,13.146,12.541,12.533,12.079,12.795,12.891,12.386,12.243,12.919,12.421,13.271,12.42,13.041,12.804,12.359,13.327,13.069
12.859,12.5,12.594,13.035,12.398,12.743,13.109,12.826,12.523,13.183,12.481,13.025,13.106,12.519,12.842,12.512,12.384,12.047,12.683,12.219,13.441,12.803,12.604,12.62,12.464,12.762,12.725,12.714,12.347,12.626,12.22,12.764,12.385,12.601,13.133,13.185,13.051,13.144,12.893,12.515,13.049,12.467,12.689,12.204,13.148,13.32,12.159,12.427,13.135,13.301,13.036,12.589,13.507,12.352,13.034,13.068,12.696,11.99,12.622,12.815,13.555,12.307,12.623,12.355,12.926,12.277,13.156,12.532,12.639,12.767,12.812,13.237,13.216,12.719,12.403,12.647,12.916,12.277,13.119,13.206,12.721,12.725,13.147,13.067,13.066,13.082,12.191,12.851,13.296,12.544,12.805,12.493,12.352,12.862,12.75,12.647,12.278,13.141,11.694,13.123
12.752,12.682,13.378,12.43,13.152,12.53,12.928,13.053,12.653,13.113,13.299,13.206,12.867,12.094,12.615,12.615,12.24,12.249,12.79,13.365,12.437,12.91,12.421,12.663,13.057,12.769,12.784,11.973,13.23,12.589,13.087,12.757,12.164,13.058,12.322,12.532,12.566,12.508,12.888,12.534,12.306,12.337,12.741,13.228,12.683,12.154,12.566,12.905,12.42,12.073,12.595,13.176,13.019,13.157,12.546,13.047,12.72,12.412,12.443,12.922,13.102,13.132,13.354,12.272,13.473,12.082,13.26,13.047,13.233,12.791,12.779,12.097,12.833,12.524,12.573,12.309,13.052,12.359,12.389,12.495,12.767,12.243,12.763,12.014,12.554,13.192,12.435,12.931,13.138,12.557,12.965,12.475,12.502,12.719,12.395,12.487,12.643,13.005,12.361,12.949
13.031,12.331,11.992,12.647,13.072,12.898,12.48,12.932,12.775,12.505,12.403,12.303,12.621,13.047,12.786,12.858,12.417,13.004,12.522,12.529,12.629,12.522,12.433,12.745,13.069,12.694,12.866,11.987,12.173,12.34,13.541,12.974,13.196,12.683,13.15,12.787,12.822,12.793,12.965,12.61,12.981,12.996,12.546,13.146,12.799,13.218,12.556,12.759,13.068,12.243,12.811,12.827,13.186,13.028,12.554,12.228,13.125,13.07,12.783,12.875,12.862,12.969,12.583,12.753,11.972,13.239,12.292,12.915,13.027,12.904,12.641,12.486,12.039,12.868,12.615,13.118,12.403,12.845,12.732,12.438,12.74,12.286,13.09,12.082,12.761,13.385,13.063,12.654,13.317,13.237,12.927,12.653,12.817,12.77,13.059,12.943,12.836,12.784,12.478,13.101
12.649,12.811,12.306,12.298,13.174,12.808,12.504,13.102,12.754,13.344,12.666,12.314,12.894,12.762,12.54,13.073,13.033,12.353,13.318,13.458,12.852,12.8,13.106,12.744,12.553,12.713,12.793,12.668,12.957,12.998,12.732,12.727,12.833,12.676,12.302,13.049,12.834,13.191,13.152,12.301,13.071,12.986,12.441,13.076,12.383,13.161,11.645,12.799,12.262,11.89,12.587,12.522,12.901,13.175,12.51,13.262,12.67,11.948,12.548,12.18,13.095,12.783,13.022,12.591,13.213,12.295,12.233,12.369,12.064,12.852,12.609,12.439,12.71,12.614,12.87,12.389,12.869,12.343,13.306,12.103,12.749,12.739,12.981,12.498,12.932,12.609,12.057,13.028,13.245,12.265,13.223,12.84,12.347,12.946,12.523,13.181,12.746,12.811,12.603,12.615
12.64,12.931,12.112,12.635,12.621,12.417,12.491,12.617,12.638,12.711,12.393,13.329,12.444,12.715,12.827,12.524,13.263,13.68,12.932,12.522,12.765,12.592,12.319,12.751,12.688,12.778,12.597,13.32,12.642,12.531,11.959,12.341,12.263,12.513,13.02,12.588,13.028,13.195,12.899,12.145,13.05,12.702,12.244,12.351,13.069,13.085,13.542,12.764,13.108,12.42,12.841,13.297,12.69,12.08,12.887,12.29,12.7,12.224,12.775,12.894,13.032,12.941,12.312,12.736,12.305,12.547,13.024,13.023,12.084,12.912,12.578,12.807,13.34,12.662,12.377,13.172,12.853,12.825,12.649,12.244,12.843,12.345,12.562,13.161,12.413,13.052,12.148,12.632,12.289,13.27,12.355,12.859,12.429,11.989,12.434,12.418,12.355,12.515,12.834,12.73
12.823,12.13,12.247,12.519,12.315,12.459,13.063,12.598,12.545,12.691,12.88,12.929,12.819,12.43,12.744,12.881,13.274,12.917,12.195,12.411,13.375,12.683,12.363,12.56,12.933,13.001,12.547,13.59,13.091,12.828,12.673,12.67,13.279,12.52,12.341,12.907,12.588,13.117,12.786,13.24,12.662,12.94,13.158,13.13,12.792,13.15,12.613,12.975,13.205,12.242,12.695,13.092,13.384,12.526,12.736,12.252,12.53,12.214,12.923,12.984,12.328,12.837,12.894,12.04,12.76,12.362,12.871,12.992,12.798,12.806,12.542,12.874,13.128,12.817,13.279,13.087,12.98,12.859,13.125,12.992,12.531,12.95,12.731,13.436,12.528,12.503,12.915,12.827,13.428,12.446,13.233,13.123,13.019,12.913,12.696,12.452,12.041,12.61,12.179,12.429
12.833,12.255,13.048,13.118,12.517,13.039,13.032,12.938,12.955,12.688,12.139,13.034,12.794,12.803,12.713,12.758,12.252,12.395,12.233,12.952,12.332,12.965,12.372,12.713,12.467,12.71,12.817,12.569,12.248,12.404,11.958,12.908,13.093,12.709,12.896,12.328,12.7,12.211,12.115,12.618,12.983,13.103,13.068,12.63,12.538,13.315,12.73,12.717,13.03,12.843,12.897,12.667,13.603,12.491,12.66,13.251,12.658,12.795,12.823,12.45,12.879,12.504,12.333,12.952,13.236,12.268,13.417,12.358,12.972,12.749,13.111,12.9,13.055,12.927,13.416,12.668,12.798,12.675,13.015,12.494,12.676,12.775,13.061,12.716,12.532,12.821,12.288,12.927,12.582,12.803,12.527,12.855,13.032,13.511,12.39,12.863,12.917,12.9,12.891,12.442
12.98,12.523,13.278,13.045,13.103,12.375,12.801,12.665,12.843,13.016,12.633,12.92,13.011,12.676,12.878,12.427,12.801,12.81,12.272,12.979,13.259,12.833,12.367,12.722,12.908,12.854,12.646,12.182,11.909,12.843,13.429,13.113,13.207,12.938,12.487,12.52,12.5,12.471,12.741,12.903,12.638,12.817,12.293,13.076,12.13,12.257,11.855,12.877,13.087,12.32,12.672,12.564,12.593,13.084,12.815,12.115,12.7,13.411,12.737,12.822,12.358,12.958,12.039,13.168,12.768,12.673,13.261,12.29,12.678,12.526,12.928,12.49,12.387,12.922,12.476,13.124,12.984,12.952,12.644,12.601,13.109,13.147,12.611,12.303,12.507,12.875,12.347,12.463,13.522,12.776,11.896,13.063,12.607,12.753,12.938,12.502,13.123,12.635,13.159,12.906
12.607,12.514,13.229,12.949,12.292,12.904,13.125,12.517,12.752,13.264,12.694,13.244,13.171,13.176,12.793,12.837,12.816,12.762,12.583,13.069,12.284,12.56,12.314,12.697,12.894,12.798,12.702,12.093,12.588,12.567,13.387,12.733,12.327,12.342,12.506,12.801,12.79,13.196,12.706,12.664,12.598,13.07,12.796,12.526,12.491,13.172,12.264,12.624,13.29,13.416,12.817,12.421,13.557,12.102,12.412,13.107,12.651,12.827,12.797,12.392,13.066,12.65,12.96,13.044,12.191,12.95,12.794,12.432,12.996,13.352,12.842,13.13,12.702,12.577,12.444,12.318,13.32,13.014,12.767,12.335,12.941,13,12.925,12.32,12.536,11.845,12.162,13.116,12.174,12.31,12.495,12.448,12.597,12.129,12.335,12.55,13.003,12.914,13.356,12.341
12.515,12.752,12.673,12.514,12.83,12.726,13.229,12.506,12.862,13.191,12.549,13.031,12.735,12.557,12.616,12.719,11.832,12.009,12.425,12.427,12.477,12.697,12.883,12.786,12.617,12.772,12.781,12.031,13.289,12.563,12.009,12.993,12.629,12.686,12.496,13.315,12.956,12.459,13.282,13.097,12.899,12.79,12.987,13.079,12.648,12.093,12.492,12.996,13.133,13.056,12.782,12.863,12.273,13.052,12.349,13.328,12.471,12.219,12.444,12.829,13.051,13.101,12.768,12.471,12.045,12.426,12.424,12.361,13.051,12.764,12.362,12.673,13.287,12.799,12.506,12.807,13.02,12.805,12.842,13.524,12.712,13.16,12.812,12.462,12.5,12.583,13.281,12.832,13.294,12.261,12.546,12.424,12.884,12.929,12.616,12.541,12.818,12.85,13.044,13.029
12.657,13.24,12.526,12.577,13.079,13.046,12.863,12.594,12.428,12.761,12.67,13.128,12.725,12.583,12.791,12.671,12.596,12.353,13.253,12.947,12.631,12.473,12.121,12.628,12.66,12.707,12.782,13.312,13.03,12.771,13.422,12.5,12.728,12.887,12.803,12.8,12.729,12.173,13.235,12.457,13.078,12.382,12.382,12.649,12.958,12.395,13.386,12.988,13.083,13.731,13.009,12.904,13.486,12.593,13.1,12.284,13.128,12.314,13.044,12.402,13.012,12.883,12.748,13.155,13.405,12.259,12.215,12.511,12.774,13.342,12.682,12.997,12.014,12.605,13.022,13.24,12.476,12.907,12.525,11.984,12.848,12.358,12.701,12.541,12.994,12.776,12.151,12.93,13.059,13.439,11.803,12.774,12.204,12.403,12.743,12.434,12.834,12.683,13.146,13.19
12.643,12.124,13.449,12.663,13.11,12.433,12.345,13.001,12.296,12.797,13.196,12.451,13.229,12.19,12.709,12.483,12.729,13.166,12.597,12.814,13.187,12.58,12.839,12.69,12.71,12.724,12.814,13.286,12.85,12.472,13.302,12.88,12.39,12.748,12.292,12.515,12.549,13.329,13.005,12.793,13.076,12.976,12.936,12.431,13.451,12.704,12.989,12.441,12.357,12.761,13.132,12.689,12.251,12.857,12.856,12.364,12.755,12.444,12.713,12.721,12.462,13.205,13.28,12.35,13.41,12.458,13.209,12.76,12.58,12.129,12.824,12.745,13.462,12.545,12.803,12.807,12.43,12.747,12.573,13.478,12.787,12.157,12.871,13.108,13.039,12.69,13.101,12.884,12.39,12.911,12.616,12.983,12.873,12.305,13.023,12.985,13.287,12.986,11.907,13.014
12.409,12.896,12.787,12.591,12.341,12.916,12.299,12.934,13.007,12.522,13.116,12.653,12.516,13.526,12.651,12.371,12.58,12.29,12.291,12.396,12.829,12.765,13.043,12.533,12.841,12.795,12.752,12.185,13.525,12.693,11.995,12.505,12.264,12.788,12.636,12.504,13.007,12.54,12.735,12.966,12.607,12.539,12.533,12.805,12.572,13.185,12.493,12.925,12.149,12.612,12.256,12.807,12.251,12.092,12.424,13.322,12.854,13.547,12.543,12.665,12.453,12.805,12.757,12.311,13.402,12.357,13.205,12.94,12.724,12.988,12.56,12.326,11.926,12.777,12.964,12.379,13.004,12.466,13.006,12.622,12.818,12.458,12.787,12.659,13.189,13.072,13.366,12.787,11.958,12.451,11.932,12.313,12.28,12.8,12.522,12.465,12.145,12.332,12.752,12.226
12.69,13.043,12.321,12.842,12.322,12.763,13.078,12.537,12.505,12.714,12.803,13.007,12.432,12.122,12.495,12.925,12.765,12.481,13.122,12.867,12.362,12.683,12.234,12.89,12.522,12.695,12.596,13.434,12.783,12.289,13.17,13.152,13.012,12.686,13.132,12.253,12.908,13.33,12.646,12.753,12.474,12.905,12.936,12.443,13.297,13.081,12.417,12.256,12.71,12.218,12.609,12.545,12.295,12.607,13.12,13.421,12.511,12.274,12.999,12.888,12.698,12.929,12.56,11.885,13.245,13.429,12.285,12.763,12.468,13.039,12.99,13.193,13.457,12.704,12.716,12.117,12.431,12.425,12.378,12.866,12.859,13.309,12.804,13.154,12.427,12.844,12.744,12.899,12.543,12.842,13.04,12.777,13.386,12.55,13.07,12.685,13.095,12.449,13.468,13.071
12.567,11.992,12.49,12.908,12.601,12.371,12.465,12.564,12.66,13.082,12.698,13.031,12.527,12.114,12.929,12.64,13.194,12.709,13.044,13.365,12.914,12.482,13.098,12.704,13.088,12.892,12.886,12.904,12.891,12.454,12.97,12.811,12.254,12.85,13.319,13.25,12.833,12.333,12.67,12.733,13.066,12.687,12.992,13.12,13.105,12.976,12.654,12.496,12.635,13.03,13.246,12.568,13.694,13.327,13.296,12.199,12.88,13.288,12.698,12.736,13.044,12.186,13.194,13.147,11.981,12.38,13.097,12.572,12.725,13.39,12.961,12.806,13.014,12.801,12.489,12.654,12.793,12.888,12.614,12.066,12.639,12.027,12.86,12.813,12.482,13.173,12.995,13.16,12.239,12.646,12.312,12.859,12.925,12.874,12.934,12.468,12.483,13.068,13.026,12.69
12.963,12.665,12.699,12.444,12.638,12.92,12.231,12.916,12.431,12.582,12.673,12.448,13.251,12.733,12.699,12.667,13.437,12.299,12.881,12.545,12.9,12.933,13.545,12.724,13.019,12.747,12.641,13.059,12.634,12.742,12.215,12.531,13.122,12.72,12.429,12.601,12.711,12.919,12.785,12.946,12.979,12.893,12.814,13.216,13.164,12.413,13.252,13.021,12.009,13.464,12.671,13.099,13.104,12.447,12.429,12.584,12.763,13.274,12.803,12.926,12.911,13.193,12.628,12.808,12.213,13.338,13,12.717,12.704,12.755,12.527,12.381,12.676,12.885,12.792,12.473,12.641,12.65,12.676,12.778,12.767,13.236,12.991,12.962,12.4,13.216,12.901,12.469,12.983,12.457,12.08,12.763,12.505,12.605,12.743,13.137,12.404,12.801,12.456,12.341
12.732,12.276,12.415,12.574,12.873,12.825,12.785,12.652,13.151,12.318,12.882,12.723,12.545,12.954,12.811,12.513,11.995,12.096,12.905,12.189,13.308,12.939,12.407,12.73,12.765,12.665,13.073,13.342,12.721,12.869,13.131,13.22,13.194,12.88,12.811,12.292,12.562,13.336,12.922,12.542,12.604,12.852,12.61,13.196,13.041,12.382,12.361,13.022,13.282,12.13,12.51,13.022,12.78,12.456,13.311,13.284,12.946,13.061,12.732,12.864,12.385,12.938,13.084,12.453,12.846,12.938,12.497,13.124,12.856,13.126,12.79,13.198,12.11,12.714,12.794,12.334,12.551,12.441,12.267,13.238,12.776,12.858,12.63,13.333,12.336,12.975,12.224,12.163,12.508,12.271,12.166,12.551,12.648,12.812,12.954,12.981,13.071,13.008,12.59,12.49
12.778,12.977,12.803,12.933,12.825,13.341,12.84,12.671,13.024,12.25,12.762,12.481,12.257,12.696,12.636,13.102,13.236,13.184,12.243,12.672,12.529,12.444,12.514,12.85,13.037,12.656,12.802,12.779,12.6,12.771,12.499,12.96,12.321,12.594,12.686,12.554,12.293,12.602,12.828,12.665,12.485,12.937,12.684,12.522,12.547,12.594,12.379,12.888,12.217,12.29,12.53,12.68,12.463,12.923,13.189,13.721,12.618,12.796,12.427,12.752,13.118,12.406,12.453,12.22,13.024,12.567,12.384,12.608,12.851,12.544,12.724,12.62,12.061,13.021,12.676,13.118,12.69,13,12.3,12.548,13.019,12.471,12.746,13.118,13.264,12.21,12.912,12.97,13.029,12.382,11.989,12.919,13.087,13.193,12.502,12.932,13.042,12.386,13.153,12.441
12.955,12.575,13.432,12.471,12.718,13.279,12.31,13.013,12.305,13.194,12.605,13.13,12.501,13.409,12.519,12.88,12.071,12.654,12.257,12.53,12.857,13.048,13.355,12.757,13.119,12.785,12.494,12.91,12.397,12.704,13.222,12.688,13.311,12.793,13.247,12.627,12.538,13.31,12.664,12.614,12.943,12.93,12.543,12.366,12.752,13.225,13.044,12.944,13.671,12.301,12.639,12.565,11.87,12.979,12.934,11.766,12.606,12.601,12.692,12.71,12.583,13.113,12.607,12.283,12.484,13.039,13.007,13.125,12.408,12.222,13.055,12.776,13.185,12.474,12.51,12.449,12.955,12.267,12.86,13.174,12.706,13.114,12.436,12.447,12.517,12.847,12.795,12.719,13.112,12.948,12.077,12.532,13.097,12.428,13.082,12.399,12.948,12.989,13.079,12.541
12.509,12.881,12.069,12.446,12.505,12.351,12.758,13.136,12.497,12.259,12.812,13.092,12.665,12.099,12.489,12.755,12.431,13.164,12.599,13.252,12.429,12.585,13.144,12.89,12.398,12.731,12.849,13.546,12.937,13.05,13.116,12.823,12.555,12.725,13.192,12.943,13.208,12.368,12.744,12.811,12.731,12.743,12.909,12.316,12.301,12.343,12.974,12.442,11.9,12.816,12.627,12.977,13.52,12.412,13.172,12.392,12.721,12.696,12.596,13.141,12.568,13.016,11.948,13.027,12.719,12.605,12.559,12.571,12.907,12.628,12.684,13.126,13.239,12.917,12.648,12.349,13.296,13.003,13.305,13.147,12.621,12.591,12.586,13.008,12.811,13.454,12.085,13.104,12.377,12.465,13.192,13.233,12.539,12.627,12.457,12.811,13.102,13.021,13.403,12.589
12.606,12.353,11.806,13.017,12.942,12.115,12.688,13.119,12.01,12.352,13.151,13.065,12.981,13.584,12.863,12.904,12.838,13.042,13.106,12.612,13.188,13.1,12.622,12.344,12.559,13.172,12.829,12.005,13.638,12.738,12.584,12.326,13.11,12.515,12.431,12.97,12.54,12.549,12.633,12.924,12.917,12.675,12.834,12.851,13.191,12.974,12.788,13.046,12.134,13.121,12.563,12.568,11.983,12.443,12.682,13.075,12.778,12.229,12.843,12.661,12.245,12.751,13.498,12.696,13.028,13.235,12.98,12.911,12.83,12.078,12.894,12.509,12.394,13.044,12.463,12.575,12.38,12.958,12.885,13.185,12.627,13.175,12.907,13.078,12.328,13.237,12.933,12.329,12.637,13.216,12.363,12.427,12.851,13.166,12.357,12.766,12.653,12.351,12.328,12.395
12.874,12.697,13.497,12.721,13.039,13.069,12.36,13.07,12.489,12.907,12.984,12.35,12.74,12.78,12.544,12.627,12.017,12.545,11.956,13.077,12.441,12.584,13.02,12.874,12.568,12.754,12.704,13.345,12.797,12.709,13.712,12.747,13.014,12.727,12.402,13.071,13,12.451,12.812,12.586,12.609,12.517,12.878,13.081,13.079,13.124,12.604,12.764,12.891,12.548,12.666,12.495,12.263,12.414,12.785,13.553,12.666,12.359,12.966,12.997,12.897,12.651,13.241,12.629,13.049,13.191,13.317,12.376,13.328,12.574,12.891,12.368,12.766,12.78,13.15,13.083,12.699,12.937,12.352,13.231,12.624,12.962,13.117,12.642,12.418,12.513,13.025,12.553,12.222,12.367,12.912,12.947,13.192,12.959,12.43,12.839,12.807,12.426,13.286,12.466
12.418,12.751,12.158,13.085,12.783,12.468,12.34,12.317,13.186,12.335,12.535,13.309,12.299,12.318,12.604,12.855,13.287,13.097,12.237,12.535,12.301,13.084,12.398,12.877,12.824,12.766,12.858,12.876,12.454,13.002,13.373,13.013,13.219,12.845,12.241,13.203,12.19,12.404,12.783,12.439,12.843,12.728,12.806,12.295,13.294,12.405,12.576,12.966,12.24,12.688,12.763,12.669,13.2,12.965,12.525,13.554,12.52,12.649,13.179,12.73,13.115,13.507,12.277,13.345,12.456,13.282,12.224,12.455,13.031,12.735,12.621,13.219,12.064,12.72,12.95,13.235,12.783,13.054,13.108,12.533,12.626,12.339,12.871,12.886,12.016,12.867,13.303,12.921,12.364,12.893,12.532,12.159,12.71,12.224,12.414,12.725,13.378,13.155,13.086,12.902
12.523,13.05,12.467,12.568,12.982,13.147,12.052,12.934,12.273,12.209,12.726,12.584,12.966,13.309,12.697,12.97,13.463,13.079,12.32,13.244,13.037,13.068,13.162,12.675,12.756,12.67,13.06,12.923,12.687,12.384,13.19,12.674,13.205,12.636,13.205,12.961,12.863,13.073,12.916,12.817,12.515,12.631,12.906,12.85,12.8,13.111,13.183,13.105,13.326,12.252,12.463,12.83,12.406,12.527,13.128,12.728,12.467,12.349,12.734,12.607,13.211,13.076,11.948,13.385,13.079,13.077,12.361,13.071,12.434,13.014,12.921,12.273,13.373,12.568,12.417,12.737,12.461,12.63,13.021,12.333,12.621,12.39,13.026,12.727,12.938,12.188,12.068,12.559,13.218,12.915,12.239,12.923,13.081,12.796,12.759,12.61,13.041,13.08,12.463,12.859
12.616,12.967,12.772,12.277,12.958,12.528,11.965,12.407,12.187,12.434,12.819,12.923,12.759,12.104,12.65,12.737,13.238,11.967,12.36,12.14,13.149,12.753,12.699,12.822,12.526,13.161,12.63,12.898,13.198,12.687,12.257,12.634,13.084,12.607,12.894,12.979,12.972,12.439,12.932,12.701,12.966,12.816,12.786,13.076,12.364,12.991,12.935,12.985,12.665,12.21,13.219,12.832,12.78,12.851,12.463,13.219,13.139,11.947,12.585,12.9,12.599,12.777,12.902,12.73,12.659,12.474,12.39,12.6,12.776,12.164,12.431,13.198,13.368,12.929,12.829,12.368,12.456,12.69,12.511,12.264,12.524,12.79,12.877,12.468,13.156,12.856,12.913,12.537,12.628,12.982,12.919,12.424,12.402,12.344,13.098,12.86,13.204,12.475,12.439,13.009
12.611,12.826,12.665,12.605,12.626,13.284,12.338,12.969,12.564,12.456,12.83,12.956,12.186,12.654,12.759,12.855,13.226,12.094,12.204,12.84,12.779,12.812,12.644,12.64,13.026,12.784,12.108,12.18,12.838,12.618,12.659,12.684,13.139,12.688,13.133,12.972,12.625,13.121,12.733,12.592,12.77,12.518,12.704,12.679,12.465,12.397,12.469,13,11.822,12.435,12.831,12.959,12.21,13.367,12.617,12.735,12.625,12.876,12.549,12.516,13.045,12.566,13.382,13.481,12.67,12.192,12.302,12.588,13.283,12.366,12.696,12.607,13.023,12.837,12.285,13.05,12.736,12.924,12.91,12.671,12.834,13.264,12.54,12.945,12.985,12.167,13.387,13.074,13.322,13.25,12.456,12.302,12.947,13.067,13.088,12.374,12.847,12.47,13.258,12.44
12.768,12.417,11.993,12.959,12.549,12.853,12.487,12.972,12.973,13.159,12.77,13.089,12.471,13.235,12.862,12.725,13.205,12.438,12.495,12.934,12.385,12.766,12.179,12.917,12.59,12.678,12.89,13.247,13.086,13.137,13.075,12.679,12.535,12.714,12.376,12.944,12.616,12.752,12.982,12.557,12.385,12.734,12.549,12.588,12.98,12.936,12.786,12.746,13.703,12.473,12.668,13.084,12.667,12.98,13.041,12.716,13.109,13.118,12.466,12.599,13.084,13.203,12.309,13.215,12.373,12.864,13.295,12.62,12.815,13.112,13.156,12.964,12.831,12.512,12.545,12.33,12.942,12.941,13.252,13.085,12.89,12.585,12.562,12.861,13.015,12.791,13.271,12.911,12.27,13.036,12.635,12.715,12.809,13.656,12.349,12.808,12.186,12.926,12.834,12.44
12.795,12.442,13.416,12.373,13.281,12.322,12.418,12.338,12.061,13.276,12.547,13.149,12.616,13.059,13.012,12.516,13.783,12.253,13.163,12.344,12.325,12.889,13.227,12.959,12.467,12.789,13.168,12.483,12.792,13.143,12.247,12.687,12.724,12.675,13.113,12.681,12.613,12.686,13.01,12.81,12.913,12.612,12.815,12.663,12.31,13.002,12.674,12.937,12.9,12.747,12.855,12.641,12.021,12.666,13.086,13.536,12.273,12.923,12.603,13.034,13.066,13.211,13.62,12.171,13.079,13.42,12.609,12.591,12.791,12.95,13.301,12.317,12.681,12.904,12.236,13.452,12.788,12.952,12.882,12.234,12.609,13.014,12.821,12.862,13.176,12.404,12.59,12.612,12.9,12.691,12.986,13.162,13.142,13.274,13.092,12.59,12.33,12.296,12.793,12.72
12.51,13.106,13.617,12.547,11.978,12.618,12.768,12.796,12.616,13.2,12.456,12.485,12.923,12.794,12.966,13.112,12.048,12.449,12.6,12.766,12.352,12.552,12.899,12.866,12.844,12.711,12.611,12.402,12.946,12.584,13.224,12.532,12.327,12.796,13.088,12.225,12.883,13.081,12.793,12.675,12.337,12.557,12.606,12.668,13.038,12.431,12.33,12.977,13.228,12.175,12.503,12.382,13.051,12.3,12.407,12.312,12.583,12.106,13.102,12.962,12.95,13.496,13.935,12.519,12.875,12.549,12.227,12.935,12.718,12.576,12.866,12.758,13.326,12.957,12.46,12.812,13.014,13.003,12.466,12.737,12.872,12.41,12.987,12.715,12.147,12.649,12.539,12.82,12.078,13.393,13.489,12.846,12.607,12.519,12.791,12.266,12.412,12.863,13.043,12.995
12.808,12.476,12.908,12.456,12.979,12.202,13.096,12.992,12.861,12.074,12.772,12.161,12.574,12.155,12.635,12.538,12.667,13.514,13.125,13.353,12.883,12.365,13.124,12.875,12.305,12.773,13.093,13.332,12.771,13.005,13.455,12.729,13.339,13.02,13.167,12.994,12.899,12.956,12.763,12.363,12.939,12.565,12.309,12.47,12.457,13.004,12.87,13.064,12.207,12.961,12.428,12.682,12.702,12.192,12.948,12.954,13.059,12.194,13.48,13.022,12.507,13.014,13.383,12.539,12.708,12.427,13.364,13.191,12.819,13.111,12.497,12.734,12.813,12.651,12.456,12.286,12.947,12.639,13.011,12.334,12.916,12.336,12.926,12.382,12.161,13.341,13.342,13.228,13.264,13.366,12.249,13.162,12.522,12.579,12.371,12.863,12.082,13.166,13.04,12.542
12.658,12.831,11.745,12.487,12.34,12.689,13.201,12.547,12.365,12.202,12.861,13.305,13.005,11.881,12.524,12.927,12.865,12.599,12.929,12.521,13.161,12.803,12.254,12.922,12.701,12.706,12.941,12.099,12.627,12.383,12.206,12.586,12.758,12.827,13.063,12.867,12.328,12.914,12.91,12.84,12.591,12.651,13.087,13.025,12.552,12.947,12.951,12.888,13.479,12.922,12.974,13.134,12.707,12.494,12.332,12.118,12.932,11.988,13.226,12.5,12.678,12.298,11.761,12.24,12.513,12.337,13.051,12.336,12.678,13.364,12.225,12.421,12.666,12.87,13.294,12.384,12.513,13.12,12.434,13.033,12.532,12.252,12.507,12.48,12.165,12.8,12.581,13.124,13.154,12.933,13.316,12.909,13.075,13.285,12.455,12.691,12.832,13.036,13.096,12.715
12.51,12.513,13.412,12.779,12.413,12.709,12.322,13.24,13.276,12.42,12.738,13.066,12.739,13.528,12.828,13,12.544,13.331,12.293,12.969,12.363,12.606,13.148,12.903,12.969,12.641,12.627,13.255,12.397,12.419,12.249,12.895,12.867,12.764,12.541,12.866,12.568,12.583,12.706,12.552,12.887,13.19,12.662,13.112,13.077,12.461,12.942,12.482,13.4,12.55,12.612,12.269,12.787,13.078,13.113,13.349,12.595,13.264,12.853,12.645,12.703,12.657,12.098,12.339,12.629,12.603,12.405,12.508,12.736,12.418,13.145,12.509,12.544,12.516,12.563,12.472,12.636,12.905,12.604,13.124,12.422,13.433,12.77,12.524,12.906,13.319,12.268,12.767,12.547,13.064,12.248,12.381,12.712,13.12,12.835,12.656,12.919,12.546,12.663,12.611
12.821,13.008,13.453,12.868,12.933,13.037,13.249,12.636,13.272,13.205,12.604,13.087,12.839,12.795,12.787,13.058,12.473,12.333,12.507,12.264,13.145,12.977,12.755,12.903,13.005,12.638,13.259,13.357,12.801,12.71,12.036,12.574,12.713,12.805,12.167,12.803,12.476,12.573,12.922,12.591,12.682,12.924,12.729,12.458,12.579,12.824,12.689,12.579,13.679,12.271,12.759,12.726,12.71,12.642,12.317,12.771,13.012,13.345,12.297,12.832,12.208,12.09,12.697,11.949,13.169,12.215,12.34,13.209,12.695,13.111,12.655,13.085,13.419,12.505,12.682,12.956,12.775,12.854,12.355,12.359,12.525,12.661,12.66,13.026,12.738,13.137,12.219,12.316,12.667,12.716,12.952,12.481,12.968,12.925,12.424,12.751,12.996,12.616,13.028,12.509
12.319,12.891,12.997,12.569,12.446,12.886,12.688,12.46,13.511,12.616,12.902,12.304,13.242,13.516,12.8,12.636,12.848,12.107,12.133,12.929,12.683,13.218,12.266,12.928,12.642,12.603,12.987,12.883,12.379,12.156,12.813,12.481,12.243,12.889,12.941,12.963,12.819,13.174,12.672,13.006,12.93,12.808,12.536,12.968,13.083,13.002,12.65,12.487,12.187,13.096,12.937,12.504,12.56,12.233,12.683,12.908,12.568,12.244,12.024,12.889,12.36,12.099,13.234,12.066,12.565,12.26,12.482,12.232,12.88,12.37,12.909,12.781,12.769,12.648,12.895,12.53,12.517,12.916,13.044,13.061,12.573,13.125,12.475,12.474,12.745,13.266,13.294,12.421,13.34,12.919,13.423,12.86,12.509,12.463,12.37,12.215,12.636,12.787,13.141,13.103
12.85,12.383,12.24,13.323,12.725,13.116,12.464,12.704,12.744,13.178,12.784,12.406,12.398,11.945,12.545,12.743,13.445,12.459,13.666,13.152,12.365,12.174,12.425,12.724,12.935,13.599,12.957,12.041,12.725,12.99,12.583,12.684,13.329,12.59,12.582,12.882,12.395,12.974,12.485,12.459,12.82,12.552,12.924,12.644,12.432,12.96,12.566,12.612,12.212,12.511,12.957,12.489,12.47,13.348,12.125,12.909,12.962,13.063,12.73,12.711,13.028,12.349,12.135,12.122,13.398,12.512,12.113,12.466,12.767,13.236,12.603,13.185,12.633,12.785,12.569,12.953,12.703,12.87,13.197,13.049,13.102,12.456,12.828,12.55,13.316,13.018,12.764,12.864,12.64,13.16,12.65,12.497,12.455,12.429,12.96,12.928,12.617,12.954,13.023,12.441
12.931,12.381,13.335,12.909,12.413,12.85,12.353,12.847,12.091,12.767,12.775,13.063,11.966,12.904,12.65,12.453,12.883,13.067,12.354,12.143,12.339,13.007,13.527,12.78,12.688,13.25,12.724,12.236,12.391,13.052,13.094,12.894,13.288,12.488,12.418,12.509,12.818,12.329,12.906,12.451,13.016,12.621,12.556,12.424,12.256,12.946,12.925,12.685,11.76,12.359,12.511,12.198,12.185,13.122,13.391,13.136,12.865,12.137,12.691,12.385,12.332,12.989,13.259,12.294,12.399,12.692,13.243,12.289,12.721,12.291,12.997,12.237,13.013,12.886,12.557,12.481,12.82,12.878,12.686,12.676,12.6,12.619,13.102,13.166,12.907,13.278,12.121,13.161,13.045,12.42,11.984,12.309,12.575,13.075,13.11,12.188,12.597,12.895,12.664,12.851
12.618,12.562,12.791,12.104,12.97,13.016,12.181,12.775,13.121,13.395,13.037,12.441,12.257,13.027,12.678,12.874,12.616,13.06,12.448,12.869,12.766,12.884,12.625,12.852,12.577,12.555,13.075,12.839,12.488,12.808,12.431,12.856,12.922,12.807,13.198,12.846,12.664,12.663,12.855,12.288,12.535,12.694,12.544,12.19,13.144,12.531,13.121,12.469,12.308,12.797,12.864,12.929,12.818,12.801,13.262,12.893,12.718,13.192,13.113,12.238,12.301,13.167,13.94,12.205,12.767,12.763,12.995,13.129,12.86,12.491,12.497,12.307,11.839,12.61,12.785,12.388,12.837,12.929,13.093,13.126,12.56,12.486,13.213,12.455,12.127,13.507,12.248,12.447,13.225,13.403,12.773,12.909,12.957,12.415,12.803,12.112,13.1,12.881,12.122,12.065
12.52,12.613,13.276,12.864,12.829,12.797,12.368,12.738,12.5,13.365,12.446,13.202,12.022,13.281,12.546,12.709,12.388,11.818,12.192,12.349,13.174,12.891,12.318,12.768,12.943,13.07,13.014,13.352,12.729,12.474,13.417,12.497,12.84,13.119,12.725,12.264,12.654,12.75,12.343,12.667,12.669,12.648,12.558,12.955,12.926,12.755,13.354,12.874,13.394,12.242,12.622,13.152,12.772,12.026,13.046,12.275,12.681,12.906,12.313,12.395,12.927,12.19,12.274,13.677,12.841,12.882,13.11,12.501,12.761,13.079,12.483,12.856,12.866,12.921,12.847,12.963,12.88,12.952,13.12,12.346,12.897,13.101,12.621,12.404,13.317,12.465,12.119,12.693,12.669,12.011,12.714,12.957,13.008,12.937,13.011,12.85,12.985,12.832,13.361,12.413
12.464,12.764,12.014,12.988,12.79,12.604,13.258,12.557,12.98,12.824,12.713,12.23,13.246,12.387,12.82,12.699,12.053,12.988,13.228,12.425,12.999,13.375,13.171,12.488,12.728,12.794,12.844,12.428,12.819,13.1,12.596,12.898,12.597,12.782,13.073,12.869,12.864,12.794,12.733,12.921,13.228,12.594,12.377,12.842,12.234,12.645,12.544,12.99,12.381,11.932,12.88,12.867,13.231,12.832,12.335,13.168,12.829,12.069,12.815,12.773,12.674,13.032,11.73,12.51,12.331,12.848,12.798,12.94,12.768,13.19,13.162,12.979,12.841,12.927,12.7,12.566,12.393,12.756,13.038,12.611,12.896,13.081,12.215,13.166,12.411,13.36,11.968,12.394,12.761,13.307,12.393,12.652,13.018,12.588,13.009,12.229,12.431,12.705,12.71,13.16
13.155,12.509,12.518,12.803,12.492,12.798,12.613,12.256,12.299,12.173,12.53,12.5,12.592,12.301,12.63,12.725,13.249,13.376,12.681,12.807,12.758,12.708,12.401,12.846,12.915,12.301,12.453,13.317,12.342,12.476,13.089,12.583,12.466,12.789,12.743,12.853,12.402,12.708,12.69,13.089,12.452,12.77,12.93,12.499,13.139,12.513,12.522,12.756,12.449,12.079,12.647,13.347,12.942,12.16,13.03,12.897,12.717,11.952,12.38,13.216,12.296,13.087,13.537,13.456,13.197,13.137,13.258,12.355,12.742,12.862,12.576,12.281,13.153,12.662,13.315,12.461,12.6,12.699,13.161,12.626,12.883,12.311,13.104,12.571,12.143,13.527,13.281,12.357,12.851,13.02,13.093,12.374,12.318,12.699,12.469,12.518,12.495,12.801,12.833,12.698
12.894,12.763,11.993,12.701,12.75,12.46,12.074,12.312,12.296,11.948,12.461,12.408,12.648,12.423,12.928,12.676,13.285,12.783,11.991,12.85,12.158,12.497,12.237,12.443,12.97,12.379,12.962,12.232,12.882,12.66,13.216,12.684,12.688,12.677,12.403,12.496,12.556,12.949,12.732,12.736,12.488,12.937,12.496,12.492,12.503,12.497,12.554,12.947,13.374,12.312,12.442,13.371,12.737,13.133,12.613,13.19,13.078,13.213,12.212,12.421,12.364,13.057,13.153,13.083,12.395,12.891,12.48,12.574,12.52,13.127,12.65,13.081,11.834,12.884,12.198,12.712,13.038,12.599,13.166,12.962,12.642,13.027,12.798,13.059,12.209,12.619,12.777,12.919,13.096,12.33,12.275,12.42,12.954,12.634,12.444,12.966,12.695,12.562,13.076,12.533
12.863,12.664,12.807,12.737,13.219,12.394,13.61,12.233,12.795,12.137,13.24,12.89,12.32,13.002,12.863,12.783,12.635,12.251,12.304,12.288,12.986,12.844,12.849,12.926,12.915,12.699,13.28,12.238,12.271,12.878,12.51,12.598,12.601,12.384,12.499,12.481,12.815,12.466,12.638,12.567,12.688,12.682,13.029,12.187,13.088,12.887,12.981,12.301,12.809,13.563,12.551,12.995,12.584,12.383,12.33,13.343,12.924,12.065,12.72,12.359,12.54,12.629,12.432,12.844,13.197,12.499,13.051,12.94,12.741,12.85,12.989,13.014,12.888,12.74,12.983,13.055,12.786,12.52,13.114,13.106,12.468,12.653,13.016,12.598,13.197,12.848,13.482,12.846,13.244,13.021,12.874,12.64,12.712,12.309,12.498,12.919,13.414,12.524,12.716,12.084
13.08,12.382,12.29,12.653,12.942,13.037,13.13,12.459,13.203,13.216,12.327,12.758,13.122,12.632,12.703,12.908,13.242,12.129,12.153,12.342,12.046,12.54,12.457,12.89,12.769,13.412,12.819,12.438,12.946,12.558,13.226,12.87,13.119,12.58,12.586,12.322,12.663,13.007,12.95,12.87,12.522,12.464,12.599,12.535,12.617,12.939,12.388,12.559,13.282,12.239,12.586,13.292,12.294,13.295,13.009,13.48,12.997,11.806,12.689,12.771,12.715,12.901,11.935,12.093,12.849,12.351,13.144,12.17,12.995,13.116,12.568,12.864,13.605,12.669,12.898,13.141,12.513,12.927,12.385,12.726,12.784,12.207,13.067,12.872,13.029,12.128,12.273,12.405,12.93,12.468,11.934,12.972,12.854,12.655,12.69,13.093,13.132,12.983,12.531,12.372
12.363,12.628,12.706,13.343,12.978,13.048,13.56,12.88,12.431,12.268,13.153,12.602,13.243,12.201,12.657,12.644,12.492,12.249,12.842,12.726,12.339,13.007,12.425,12.669,12.528,12.74,12.937,12.389,11.957,13.311,13.482,12.551,12.29,12.604,13.117,12.494,13.085,12.71,12.461,12.495,13.024,12.491,12.844,13.266,12.352,12.336,12.801,12.492,13.266,12.774,12.495,13.464,12.324,12.108,12.84,12.601,12.351,13.586,13.22,12.126,13.307,13.041,12.917,13.187,12.304,13.079,13.364,13.092,12.855,12.441,12.692,12.417,12.829,12.828,12.643,12.6,12.652,12.991,13.084,12.851,12.569,12.245,12.902,12.853,12.409,12.505,13.196,12.534,13.204,12.446,12.58,13.024,12.478,13.351,12.246,13.265,12.383,12.787,12.485,13.312
12.927,12.736,13.236,13.154,13.135,12.743,13.109,13.016,13.294,12.633,12.849,12.815,12.612,12.861,12.516,12.514,13.155,13.399,13.226,12.487,13.395,12.815,13.518,12.606,12.886,12.515,12.466,13.114,12.728,13.307,13.058,12.599,12.379,12.98,12.515,12.375,12.959,12.99,12.622,12.936,12.556,12.833,12.916,12.486,13.162,13.094,12.675,13.044,12.743,12.644,13.01,11.876,12.485,13.461,12.694,12.697,12.398,11.931,13.021,12.386,13.098,13.32,12.382,13.277,12.052,12.427,12.032,12.541,12.709,12.236,12.386,13.221,11.908,12.83,12.561,12.643,12.786,13.151,12.55,12.518,12.7,13.401,12.723,13.087,12.97,12.43,11.947,13.191,12.56,12.502,12.258,12.886,12.841,12.454,12.928,12.88,12.399,12.764,12.292,12.538
12.473,12.922,12.939,12.554,12.927,12.682,13.257,12.438,13.221,13.141,12.608,12.689,13.29,13.564,12.581,12.708,12.32,12.418,13.41,12.575,13.102,12.598,11.841,13.224,12.358,12.047,12.757,12.553,13.367,12.836,12.916,12.659,12.947,12.634,13.079,12.333,13.286,12.694,12.703,13.003,13.323,12.677,12.64,13.06,13.002,12.992,12.643,12.921,12.303,12.788,12.527,12.31,12.786,12.356,12.785,13.332,12.445,11.774,12.812,12.217,12.268,13.356,13.357,12.724,13.331,12.787,12.88,13.289,12.583,12.478,12.941,12.296,13.259,12.808,12.247,12.961,12.813,12.222,13.108,13.318,12.856,13.119,12.723,12.836,12.504,12.431,12.67,12.559,13.322,13.068,12.93,12.886,12.573,12.902,12.885,12.504,12.046,12.789,12.386,12.377
12.384,12.917,12.536,12.9,12.9,12.834,12.86,12.578,12.124,12.147,12.561,12.896,12.616,12.516,12.488,12.583,12.064,13.326,12.481,13.16,13.051,13.184,13.541,12.921,12.747,12.913,13.013,12.301,12.001,12.258,12.405,12.825,12.373,12.616,12.883,12.856,13.245,12.986,12.687,12.645,12.525,12.787,12.804,12.251,13.265,12.671,12.667,12.981,12.309,12.378,12.232,13.233,13.036,12.576,12.503,12.225,12.389,12.068,12.454,12.618,13.228,13.36,13.346,12.706,12.672,12.811,13.289,12.976,12.487,12.809,12.621,13.14,12.807,12.713,12.71,12.92,12.936,12.373,12.748,13.159,12.495,12.381,12.713,12.557,12.487,13.407,13.265,12.927,12.9,13.179,12.544,12.62,12.785,12.748,12.667,12.792,12.731,12.495,12.652,12.98
12.46,12.459,13.299,12.956,13.203,12.46,12.967,12.353,12.843,11.957,12.647,12.468,12.3,12.177,12.818,12.695,13.011,12.351,12.621,12.752,12.596,12.851,12.612,12.207,12.58,12.2,12.371,13.355,12.541,12.807,12.928,12.592,13.135,12.701,13.042,12.74,12.699,12.489,12.618,13.062,13.289,12.612,12.726,12.933,12.768,12.577,12.842,12.755,13.048,12.419,12.583,12.54,13.145,12.755,13.105,12.049,12.224,12.601,13.226,12.85,12.957,12.698,12.868,12.765,12.75,12.869,13.245,12.643,12.973,12.635,12.762,12.789,12.6,12.72,12.867,12.569,12.738,12.948,12.628,12.606,13.142,13.245,12.664,12.466,12.343,13.015,13.289,12.657,12.935,12.891,13.56,12.652,12.713,12.448,13.046,12.548,12.253,12.633,12.516,13.056
12.551,13.008,13.63,12.688,12.764,13.019,13.239,12.921,13.053,13.029,12.221,12.73,11.813,12.176,12.606,12.781,12.075,11.848,12.079,12.301,13.014,12.527,12.274,12.663,12.49,12.418,13.139,12.5,12.137,12.769,12.626,13.039,13.207,12.615,13.315,12.869,12.821,12.287,12.708,12.575,12.526,12.478,12.721,13.137,12.312,12.661,13.085,12.938,12.817,12.795,12.466,12.658,13.245,13.292,12.885,13.559,12.88,13.249,13.495,12.441,12.362,12.302,13.087,12.731,13.005,12.286,12.415,12.939,13.069,12.956,12.8,13.042,12.705,12.609,13.179,12.622,12.568,12.511,12.926,12.627,12.453,13.1,12.776,12.511,12.357,12.903,12.643,12.574,13.125,13.118,13.179,12.681,12.789,12.595,12.798,12.769,12.994,12.466,12.712,12.858
12.818,13.121,12.162,12.783,12.397,12.608,13.092,12.337,12.513,13.489,12.825,12.701,12.194,12.506,12.79,13.001,12.598,12.069,13.252,12.59,13.067,12.53,13.139,12.978,12.589,12.445,13.531,13.143,12.986,12.194,12.988,12.716,12.526,12.688,12.349,12.586,13.185,12.272,12.909,12.288,12.419,12.409,12.807,13.214,13.044,12.813,12.638,12.91,13.552,13.49,13.026,13.014,12.165,12.701,12.402,12.993,13.224,12.217,13.067,12.489,13.342,12.954,13.096,12.412,13.317,13.206,12.153,12.555,13.067,12.758,13.07,12.289,12.894,12.637,12.479,12.806,12.498,12.99,12.474,13.516,12.663,12.458,12.708,12.376,12.941,12.44,12.213,12.872,12.588,13.173,12.103,12.465,12.428,12.784,12.351,12.476,12.995,12.849,12.274,12.576
12.407,12.656,12.355,12.598,12.779,12.928,12.084,12.644,12.593,12.822,12.574,12.745,12.421,13.385,12.818,12.952,12.794,12.616,12.488,12.917,12.372,12.902,12.787,13,12.899,12.157,12.534,12.621,13.241,13.199,12.767,12.746,13.016,12.618,13.133,12.845,12.3,12.919,12.738,12.823,12.507,12.626,12.574,13.046,13.306,12.671,12.748,12.799,13.161,12.711,12.323,12.727,12.508,12.406,12.966,12.106,13.015,13.218,12.144,13.254,12.727,13.077,12.273,12.545,12.497,12.48,12.796,12.604,12.887,12.76,12.491,13.168,12.995,12.959,13.147,12.59,12.799,12.331,12.782,12.45,12.78,12.281,12.888,13.164,13.2,12.006,12.311,12.699,13.047,12.914,12.478,12.501,13.115,12.63,12.549,12.489,13.096,12.696,13.02,13.148
12.829,12.969,12.941,12.866,13.16,12.878,12.471,12.593,12.955,13.178,12.498,12.634,12.862,12.253,12.921,12.619,12.925,12.276,12.893,12.546,12.778,12.873,12.982,12.687,12.936,13.246,12.908,13.121,12.51,12.409,12.373,12.517,12.769,12.621,12.708,12.375,12.661,12.809,12.674,13.02,13.066,12.602,13.042,12.617,12.33,12.342,12.879,13.091,12.114,12.974,13.029,12.512,12.492,12.267,12.713,12.364,13.224,11.975,12.281,12.826,13.223,12.383,12.263,13.293,12.226,13.154,12.39,12.803,12.759,12.912,13.078,12.459,12.68,12.841,12.522,12.434,12.753,12.557,12.477,13.516,12.936,12.633,12.619,12.849,12.656,12.732,12.248,12.66,13.055,12.491,12.421,12.493,12.627,12.247,12.541,12.436,13.198,12.592,13.074,12.927
13.056,12.505,12.477,12.589,12.468,12.555,12.301,12.519,12.724,12.557,12.993,12.388,12.299,12.611,12.53,12.874,12.228,12.268,12.375,12.461,12.21,12.57,12.664,13.127,12.929,13.347,13.164,12.378,12.463,12.575,13.404,12.799,12.937,12.782,12.836,12.617,12.568,12.523,12.762,12.716,12.473,12.565,12.88,12.785,12.339,13.135,12.905,13.04,12.412,12.659,12.451,12.366,13.162,12.336,12.81,12.842,12.61,12.939,12.857,12.738,12.019,12.189,11.642,12.701,13.004,12.672,12.786,12.5,12.855,12.346,13.298,12.861,12.395,12.621,12.294,12.86,12.671,12.94,13.081,13.33,12.931,13.104,12.597,13.066,13.032,12.898,12.757,12.72,12.322,12.78,13.083,12.924,12.459,12.867,12.941,13.102,12.742,12.793,12.584,12.614
13.216,12.723,13.221,12.945,13.157,12.941,12.972,12.704,12.593,12.423,12.408,13.312,12.623,12.153,12.632,12.945,13.578,13.341,12.396,12.48,12.479,12.972,13.222,13.06,12.84,13.239,12.048,12.379,12.65,12.375,12.515,12.631,12.416,12.62,12.693,12.585,12.734,13.031,12.734,12.658,13.051,12.773,12.925,12.787,12.335,12.503,13.029,12.521,12.327,12.518,12.313,13.225,13.151,12.647,13.247,13.092,12.379,12.569,13.634,13.535,13.087,12.392,11.508,12.365,12.298,12.446,13.252,12.987,12.385,12.89,12.326,13.104,12.648,12.966,12.807,12.245,12.54,12.609,12.598,12.264,12.768,13.013,12.755,12.477,12.716,12.622,13.477,12.721,13.185,12.768,12.203,12.585,13.229,12.505,12.698,12.066,12.389,12.641,13.064,12.811
13.014,12.375,11.955,12.614,12.261,12.631,12.967,12.778,13.58,11.886,12.859,12.579,12.857,11.872,12.839,12.748,13.384,13.11,11.953,12.867,12.82,12.278,12.636,12.702,12.657,13.094,12.317,13.085,12.831,13.044,13.044,12.657,12.551,12.464,13.172,12.762,12.854,12.644,12.637,12.902,13.013,12.791,12.294,12.434,12.66,12.422,12.723,12.329,12.383,11.969,12.539,12.55,13.136,12.985,12.358,13.106,12.488,13.185,13.703,12.657,13.371,12.037,12.843,11.858,12.586,12.868,12.807,12.73,12.709,12.688,12.983,12.926,13.504,12.696,12.991,12.727,12.86,12.673,13.028,12.233,13.107,12.808,12.692,12.786,12.563,12.68,13.371,12.651,12.61,13.155,13.407,12.71,13.099,12.956,12.855,13.197,12.577,12.566,12.267,12.92
12.4,12.847,12.561,12.953,12.609,12.584,12.654,12.47,12.481,12.705,12.323,12.803,12.565,13.427,12.611,12.741,12.26,12.976,13.003,12.655,13.013,13.124,12.286,12.655,12.682,12.009,13.267,12.945,12.901,12.77,12.666,12.687,12.487,12.694,12.918,12.446,13.106,12.925,12.629,13.279,13.256,12.658,12.798,12.918,12.676,12.238,12.495,12.383,13.354,12.894,12.746,13.048,12.853,13.319,13.012,12.368,13.35,12.432,13.16,12.637,12.662,12.153,12.847,12.591,13.346,12.68,12.205,12.948,12.777,12.34,12.736,12.422,12.632,12.729,12.436,12.859,12.552,12.935,12.469,12.356,12.397,13.25,12.678,12.969,13.069,12.838,13.389,12.936,13.198,13.029,13.242,12.519,12.176,12.934,12.825,12.788,12.508,12.97,13.242,12.649
12.959,12.357,12.359,12.581,12.347,12.624,12.825,12.901,12.374,12.637,12.938,13.002,12.067,12.483,12.837,12.741,12.587,13.351,13.559,12.264,13.043,12.43,12.441,12.935,12.594,13.126,12.982,12.477,12.372,12.842,13.047,12.757,12.819,12.685,12.028,13.358,12.892,12.625,12.713,13.258,13.077,12.482,12.937,12.919,12.886,12.286,12.954,12.657,12.042,13.176,12.758,12.701,12.527,12.274,12.975,12.822,12.29,13.428,12.101,12.666,12.762,12.077,12.228,12.256,12.129,12.621,12.371,12.675,12.463,12.664,12.973,12.369,13.476,12.66,12.534,12.473,12.811,12.436,12.703,12.917,12.522,12.442,12.719,12.684,12.878,13.428,12.811,12.678,12.719,12.993,12.998,12.733,12.281,12.823,12.273,12.244,12.926,12.73,12.473,12.953
12.66,12.56,12.873,12.795,13.151,12.553,12.701,12.98,12.407,12.434,12.59,12.633,13.402,13.711,12.809,12.582,13.105,13.291,12.744,12.788,12.449,12.649,12.581,12.535,12.516,12.684,12.596,12.206,12.977,13.131,13.1,12.932,12.533,13.099,13.118,12.873,13.126,12.677,12.768,13.173,12.617,12.773,12.876,12.487,12.535,13.094,12.647,12.85,12.819,13.55,12.736,12.606,12.293,12.026,12.292,12.83,12.275,12.135,12.545,12.448,12.684,12.582,12.548,12.5,13.038,13.015,13.265,12.924,12.858,12.577,13.128,13.135,13.441,12.536,12.502,12.605,12.934,12.672,12.36,12.397,12.808,12.269,12.835,12.654,12.659,13.089,11.937,13.09,12.794,13.137,12.743,12.744,13.317,12.148,12.478,12.579,12.563,12.998,13.052,12.98
13.015,12.661,12.138,12.603,12.354,12.616,12.93,12.91,13.308,12.416,13.009,12.902,11.783,12.309,12.511,12.606,13.281,12.135,12.484,12.481,12.889,13.099,12.208,12.663,12.552,12.685,12.658,12.275,13.062,12.555,12.338,12.298,13.084,13.089,12.997,12.381,12.331,12.569,12.754,12.356,13.283,12.795,13.283,12.877,12.638,13.142,12.485,12.663,12.902,13.063,12.826,12.732,12.723,12.288,13.031,12.624,12.461,13.46,13.563,12.898,12.363,12.863,12.385,13.056,13.194,12.619,12.802,12.846,12.777,12.599,13.022,13.101,12.249,12.96,13.037,12.355,12.524,12.709,13.022,13.437,12.823,12.777,12.562,12.436,12.942,13.182,13.344,12.453,13.252,12.957,13.155,12.727,12.165,12.565,12.958,11.93,12.253,12.599,12.532,12.576
12.712,12.829,13.571,12.763,12.754,12.114,12.464,12.391,13.057,13.042,12.952,12.848,12.277,11.847,13.103,12.641,12.135,12.105,13.427,12.673,12.738,12.927,12.681,13.056,12.98,13.302,12.629,12.449,12.711,12.752,12.955,12.719,13.096,12.27,12.343,12.315,12.673,12.694,12.697,12.89,12.497,12.721,12.702,12.793,12.804,12.252,12.46,12.512,13.256,12.464,13.076,13.734,13.117,12.36,13.306,12.109,12.539,12.769,13.405,13.188,13.421,12.442,12.393,13.188,12.197,12.812,12.348,12.907,12.599,12.813,13.33,13.19,13.338,12.564,12.564,12.505,12.729,12.4,12.733,12.299,12.734,12.403,12.73,13.046,12.526,12.67,12.532,12.78,12.246,12.769,13.527,12.869,12.361,12.243,12.252,12.545,13.011,12.894,12.264,12.601
13.116,13.017,13.033,12.74,12.359,12.847,12.443,12.923,12.359,12.871,12.432,12.626,13.387,11.613,12.522,12.979,12.049,13.098,13.408,13.027,13.123,13.505,12.564,13.405,12.993,12.776,12.853,12.112,12.229,12.622,12.258,12.854,12.26,12.39,12.35,13.071,12.554,12.887,12.698,13.439,12.217,12.96,12.451,12.843,13.01,12.831,12.729,13.043,12.516,12.461,12.675,13.049,12.251,12.257,12.968,12.086,12.557,13.419,12.532,12.999,12.725,12.526,13.239,12.513,13.293,12.859,12.327,12.594,12.708,12.764,12.752,12.653,12.948,12.892,12.948,12.891,12.596,12.986,12.9,12.468,12.681,13.395,12.526,12.718,12.526,13.541,12.62,13.038,13.046,12.335,12.154,12.699,12.801,12.989,12.554,12.526,12.921,12.679,12.45,12.625
12.278,12.563,12.401,12.657,13.004,12.81,12.857,12.54,12.789,12.115,12.821,13.087,12.208,12.101,12.614,12.919,13.442,12.063,12.422,12.743,12.498,12.836,13.49,12.997,12.711,13.271,12.305,12.294,13.294,12.66,13.24,12.611,13.032,13.374,13.288,12.373,13.114,12.845,12.926,12.591,13.222,12.527,12.771,12.981,13.116,12.965,12.744,12.919,12.234,13.114,13.042,13.237,12.231,12.336,12.752,13.344,12.669,12.773,12.069,13.551,13.152,13.096,13.134,13.447,12.859,13.012,12.693,12.977,12.895,12.822,12.346,13.118,13.007,12.716,13.306,12.345,12.978,13.22,12.7,12.661,12.671,12.396,13.091,13.02,12.37,13.041,12.429,12.515,12.43,12.724,13.394,12.781,13.119,13.189,12.406,12.136,12.58,12.987,13.125,12.68
12.504,12.962,13.166,12.707,12.936,12.646,13.121,12.703,13.112,13.154,12.996,12.518,13.315,13.177,12.602,12.834,12.24,12.07,12.405,12.85,12.431,12.952,12.754,12.468,12.403,12.743,12.19,12.281,12.246,12.371,12.563,12.769,12.601,13.315,12.566,13.188,12.461,12.479,12.698,12.281,12.788,12.902,12.526,12.661,12.995,13.075,12.841,12.914,13.231,12.197,12.452,12.241,12.465,12.902,13.139,13.396,12.619,13.278,13.264,12.795,13.13,12.663,13.677,12.814,12.311,12.902,12.21,13.083,12.597,12.904,13.087,13.284,12.252,12.682,12.612,13.324,12.962,12.36,13.1,12.929,12.775,12.41,12.817,12.402,12.466,12.573,12.833,12.878,13.146,12.353,12.334,12.744,13.081,12.304,12.564,12.651,12.644,12.888,13.021,12.437
12.338,12.946,12.933,12.745,12.811,12.449,12.89,12.335,12.54,12.154,12.443,12.559,13.027,12.46,12.415,12.765,12.499,13.534,13.118,12.857,12.78,11.941,12.442,13.118,12.987,13.009,13.26,13.378,12.938,12.342,12.787,12.808,12.606,12.921,12.633,13.031,12.854,12.309,12.808,12.686,12.519,12.966,12.626,13.026,13.38,12.687,12.445,13.091,13.474,13.696,12.447,13.123,12.95,12.682,13.064,12.595,13.58,13.213,13.326,12.404,12.98,12.661,12.132,12.261,13.137,12.998,12.933,12.851,12.606,12.804,12.495,12.935,13.206,12.738,12.55,12.738,12.894,12.575,12.434,12.606,12.746,12.731,12.737,12.983,12.702,12.755,13.188,13.156,12.744,12.989,12.528,12.701,12.823,12.929,12.846,12.367,12.619,12.648,13.198,12.597
12.561,12.703,13.048,12.707,12.69,12.193,12.459,12.838,12.772,13.215,12.223,12.799,13.349,13.117,12.813,12.96,12.959,13.012,13.174,13.225,12.282,12.832,13.237,12.685,12.538,12.429,12.109,12.24,12.306,12.411,12.931,12.823,12.647,12.867,13.424,12.363,12.848,12.635,12.794,13.021,12.236,12.702,12.598,12.881,12.747,12.672,12.685,13.037,13.387,11.58,12.456,12.784,12.766,12.32,12.934,12.668,12.347,12.209,12.824,12.891,12.57,12.656,13.403,12.19,12.254,12.816,12.139,12.687,12.535,12.775,12.469,13.223,12.302,12.802,12.567,12.343,12.707,12.482,12.841,12.621,12.777,12.648,12.616,13.018,12.901,12.199,13.185,12.995,12.162,12.346,12.007,12.729,12.943,12.192,12.584,12.884,12.609,12.701,12.55,12.732
12.494,13.125,13.081,12.8,12.419,12.923,12.283,12.918,12.897,13.048,13.029,13.267,12.37,12.345,12.658,12.596,12.139,13.704,12.78,12.573,13.049,11.973,12.413,12.875,12.52,12.335,12.729,13.4,13.258,12.684,12.836,12.715,12.364,12.707,13.098,12.578,12.855,13.077,12.796,12.615,13.165,12.899,12.699,12.796,12.817,13.273,13.079,13.253,12.674,12.163,12.895,13.376,12.889,13.056,12.941,12.658,12.251,12.624,13.152,12.76,12.868,13.115,13.034,13.018,12.476,13.098,12.337,12.593,12.615,12.87,12.594,12.252,12.553,12.752,13.015,13.053,12.835,12.379,12.965,12.811,12.628,12.81,12.827,12.755,12.874,12.815,12.259,12.622,13.108,12.416,12.973,12.579,12.74,12.534,12.906,12.74,12.82,12.605,12.331,13.357
13.019,12.857,13.084,12.967,12.513,13.257,12.997,12.554,12.712,12.433,13.326,12.883,12.334,12.348,12.702,12.707,12.469,12.15,12.436,12.894,12.829,13.847,13.375,13.14,12.906,12.721,12.841,12.367,13.283,12.392,13.413,12.834,12.491,12.921,12.342,12.471,12.387,13.317,12.654,12.645,12.975,12.856,12.327,12.779,12.349,12.335,12.192,12.678,11.919,12.393,12.978,12.017,12.992,12.835,12.935,12.181,11.946,12.781,12.881,11.97,13.01,12.953,13.235,13.062,12.567,12.164,13.576,12.817,13.061,12.786,12.286,12.364,13.155,12.767,13.201,12.285,12.675,12.36,12.308,13.237,12.927,13.198,12.927,12.629,12.432,12.627,12.596,12.964,12.507,12.366,12.031,12.529,12.941,12.241,12.786,12.754,12.774,12.826,12.434,13.125
13.078,12.815,13.68,12.532,12.873,12.834,13.053,12.905,13.02,12.969,12.473,12.184,12.106,12.183,12.779,12.809,11.993,13.04,13.184,13.142,12.806,11.786,12.403,13.339,12.685,12.105,12.484,12.24,12.613,12.983,12.896,12.967,12.944,12.638,12.923,12.48,12.715,12.987,12.792,13.103,12.946,12.749,12.892,12.755,13.093,13.069,13.007,13.163,13.433,11.767,13.008,12.98,12.453,13.042,13.083,12.56,12.037,13.477,12.649,12.717,12.593,12.902,12.679,12.382,12.361,13.341,13.203,12.884,12.903,12.763,13.142,12.601,12.753,12.651,13.246,12.186,12.456,12.905,12.884,12.419,12.894,12.651,13.081,12.339,12.673,12.333,12.144,12.866,13.135,12.491,12.436,12.988,13.134,13.666,12.958,12.746,12.586,12.986,12.557,13.044
12.436,12.706,13.025,12.617,12.647,12.428,12.996,12.781,12.521,12.379,13.234,12.681,13.388,13.368,12.867,12.995,12.657,13.447,13.132,12.172,12.791,12.439,13.059,12.217,12.768,13.357,12.883,13.122,12.767,12.804,12.68,12.784,12.979,12.583,12.45,12.513,12.292,12.015,12.806,12.537,12.483,12.741,12.494,12.846,12.57,13.211,12.962,12.36,12.36,13.21,12.896,12.626,13.182,13.332,12.372,12.674,12.418,12.474,12.52,12.402,12.851,12.493,12.53,13.115,13.164,13.312,13.284,12.706,12.771,12.601,12.455,12.566,12.176,12.767,12.67,13.192,12.7,12.881,12.372,12.443,12.875,13.006,12.83,13.169,12.379,12.597,13.137,12.911,12.371,13.181,12.47,13.005,12.06,13.694,12.768,12.531,12.731,12.447,12.952,12.905
12.479,12.741,12.12,13.022,12.401,13.259,12.37,12.76,12.729,11.778,13.567,12.355,12.399,12.623,12.616,12.749,12.908,13.579,13.098,12.844,12.883,12.643,12.592,13.077,12.865,13.051,12.92,13.166,12.524,12.848,12.544,12.982,13.03,12.844,13.105,12.421,12.232,12.382,13.04,12.584,12.51,12.681,12.564,12.62,13.402,12.802,12.872,12.288,12.952,12.518,12.621,13.056,13.147,12.73,12.963,13.164,12.648,12.278,12.207,12.693,12.919,12.934,13.893,13.556,12.259,13.116,12.302,12.902,12.752,12.65,13.221,12.738,12.78,12.73,12.715,13.386,12.994,12.819,12.987,13.152,12.822,12.41,12.904,13.022,12.511,13.094,12.462,12.967,12.313,12.87,13.121,12.923,13.142,11.94,12.595,12.814,12.597,12.545,12.981,12.763
13.02,12.459,13.079,12.658,12.448,12.446,12.991,12.988,13.173,12.536,12.195,12.984,12.216,12.954,12.789,12.524,12.661,13.37,12.683,12.517,13.107,13.172,13.232,13.064,12.888,13.04,12.664,12.684,13.146,12.805,12.92,12.609,13.08,12.373,13.256,12.713,13.255,12.632,12.612,12.807,12.604,12.682,12.72,12.936,13.278,12.627,12.512,12.274,13.185,12.985,13.081,13.684,12.985,12.23,13.01,12.198,13.326,12.153,11.917,12.238,12.716,12.938,13.279,12.398,12.23,12.953,13.205,12.709,12.801,12.659,12.195,13.006,13.081,12.822,13.218,12.439,12.406,13.043,13.284,12.646,12.784,12.635,12.632,12.63,12.441,13.386,13.388,12.314,12.14,12.867,12.07,12.449,12.311,13.522,12.799,12.771,12.834,12.643,12.411,12.561
13.053,12.748,11.993,12.951,12.348,12.268,12.967,12.281,13.106,12.073,13.023,12.72,12.49,11.986,12.573,13.031,12.626,12.356,13.26,12.412,12.777,13.432,12.571,12.546,12.479,13.095,12.541,13.19,12.584,12.285,12.773,12.777,13.004,13.17,12.283,13.025,12.556,12.796,12.818,12.561,12.579,12.741,13.36,12.705,13.4,12.526,12.559,12.79,13.506,11.908,12.696,12.93,13.112,12.382,12.571,12.258,12.823,13.196,13.722,12.447,12.642,12.544,13.067,13.028,12.114,13.173,12.865,12.865,12.719,12.708,13.115,12.356,13.208,13.027,13.112,12.912,12.515,12.976,12.7,13.284,12.777,13.212,12.847,12.883,13.008,12.293,12.098,13.313,12.863,12.446,13.02,12.794,13.462,12.259,13.177,12.739,12.982,12.999,13.244,12.574
12.677,12.518,12.62,12.652,12.594,12.687,12.767,12.926,13.098,12.501,12.932,12.358,12.589,12.089,12.904,12.522,12.839,12.19,12.218,12.997,12.4,13.555,13.097,13.038,12.644,13.191,13.658,12.462,13.712,12.43,12.741,12.822,12.542,12.259,13.137,12.514,12.618,12.322,12.601,12.666,12.967,12.626,12.891,12.871,12.407,12.363,12.408,12.388,12.536,12.772,12.57,11.881,13.026,12.312,13.211,12.402,13.307,13.241,12.771,12.945,12.783,13.108,12.129,12.425,12.395,12.267,12.803,12.763,12.497,12.958,13.378,12.733,12.954,12.619,13.126,12.529,12.944,12.74,12.297,12.819,12.721,12.463,13.023,12.768,12.884,13.342,12.418,11.947,12.528,12.923,12.644,12.951,12.925,13.18,12.661,12.711,12.925,12.396,13.11,13.197
12.764,12.421,12.813,13.058,12.525,12.683,13.038,12.975,12.096,13.759,13.303,12.612,13.381,12.202,12.839,12.761,13.016,12.281,12.074,12.437,13.27,13.009,13.042,13.035,12.566,13.109,13.165,12.228,13.406,12.538,12.623,12.836,12.169,12.517,12.341,12.431,12.535,12.267,12.466,12.757,12.617,12.527,13.063,12.818,13.154,12.884,12.332,12.923,12.844,13.336,12.619,13.232,13.045,12.353,12.396,12.459,13.666,12.38,11.922,12.161,12.873,13.112,13.614,12.501,13.082,12.235,12.715,12.859,12.711,12.528,12.631,12.798,12.242,12.701,12.48,12.322,12.651,13.03,13.437,13.144,12.758,12.434,12.691,12.67,12.928,12.271,12.819,12.799,13.142,12.674,12.374,12.746,12.504,12.356,12.853,12.81,12.712,12.45,12.857,12.762
12.314,12.926,12.822,12.291,13.017,12.831,12.334,12.57,12.451,12.162,12.822,13.201,12.554,13.194,12.863,12.937,12.349,13.418,13.067,12.734,13.064,12.442,12.915,12.054,12.56,12.823,12.53,12.674,13.017,12.547,12.579,12.858,12.958,12.762,12.633,12.515,13.156,13.584,13.004,12.695,12.706,12.73,12.358,12.696,12.175,12.309,13.126,12.529,12.577,12.734,13.032,12.725,13.33,12.155,12.136,13.256,12.405,13.346,12.174,12.12,12.5,12.228,12.772,12.399,13.025,12.94,12.35,12.724,12.874,13.156,12.849,12.423,12.535,12.97,12.564,13.132,12.545,12.894,13.277,13.053,12.403,13.117,12.843,12.765,12.571,11.945,13.136,12.107,13.096,12.555,12.694,12.616,13.161,12.327,12.853,12.996,12.536,12.99,12.536,13.125
13.322,12.223,12.119,12.437,12.362,12.383,13.194,12.776,12.908,13.639,12.854,13.007,12.265,13.207,12.717,12.597,11.642,13.321,13.323,12.51,12.677,13.088,13.048,12.146,12.651,12.057,12.95,12.154,12.25,12.588,12.943,12.862,13.349,12.918,13.029,12.94,12.398,13.072,12.656,12.774,12.41,12.702,12.725,12.754,12.869,12.35,12.409,13.166,12.675,13.154,12.54,12.191,12.279,13.398,12.609,13.151,13.234,12.672,11.93,12.904,12.786,12.408,12.84,13.123,12.675,12.057,13.284,12.962,12.765,12.488,13.266,12.764,12.363,12.72,12.127,12.536,12.45,12.694,12.23,12.576,12.837,12.269,12.819,13.078,12.757,11.871,12.497,12.246,12.596,12.427,12.852,12.785,12.503,13.349,12.362,12.476,12.711,12.88,13.127,12.878
12.733,12.792,12.54,12.864,12.383,12.585,13.129,12.818,13.213,12.546,12.387,12.86,12.158,11.859,12.869,12.93,12.824,12.381,12.557,12.568,12.38,13.065,12.981,12.502,12.81,11.94,13.378,12.493,12.836,12.576,12.529,12.99,12.356,12.644,13.06,12.939,12.572,12.475,12.872,12.909,12.945,12.729,12.515,12.689,13.112,13.034,13.342,12.259,13.302,13.226,12.331,12.581,13.223,13.561,12.829,12.127,12.985,12.638,12.683,12.574,12.472,12.56,13.062,12.786,13.136,12.449,12.517,12.72,13.124,12.805,12.521,12.74,12.452,12.522,12.099,12.699,12.529,12.572,13.345,12.674,12.636,12.288,12.866,12.981,12.512,13.682,12.038,13.247,13.019,12.458,12.665,12.774,13.164,12.962,12.618,13.25,12.59,12.472,13.155,12.654
12.536,12.913,13.25,12.91,12.321,12.925,12.559,12.922,13.145,12.777,12.487,13.037,12.853,13.197,12.681,12.619,11.948,13.289,13.079,12.159,12.399,12.747,12.832,13.145,12.897,12.106,13.56,12.333,12.04,12.212,12.503,12.63,12.884,13.221,13.087,12.715,13.099,12.035,12.247,12.69,12.387,12.801,12.548,12.752,12.7,12.373,13.038,12.336,12.319,12.501,12.863,12.262,12.677,12.272,12.771,13.474,12.245,12.246,13.694,12.265,13.127,13.127,12.318,12.221,13.218,12.67,13.117,12.752,12.208,12.774,12.274,12.448,12.961,12.662,12.219,13.164,12.726,12.541,13.069,13.032,12.69,13.125,12.623,12.459,12.751,12.452,12.772,13.185,13.223,13.051,12.259,12.92,12.342,12.622,12.581,12.387,12.68,12.548,12.776,12.644
12.898,12.755,13.1,12.492,12.188,13.002,13.091,12.684,12.907,12.305,12.747,12.544,12.978,12.589,12.796,12.939,13.217,12.819,12.462,12.23,12.587,13.463,12.573,12.71,12.708,12.867,12.995,12.416,12.972,12.979,12.779,12.93,13.115,12.963,12.362,12.404,12.644,13.357,12.942,12.677,12.376,12.951,13.014,12.849,12.126,13.384,12.547,13.154,12.194,12.873,12.857,12.56,13.196,12.52,12.554,12.347,13.301,12.12,12.067,12.963,12.414,12.444,12.187,12.159,13.107,12.917,12.982,12.693,12.968,12.977,12.947,12.965,12.6,12.533,12.871,12.731,12.177,12.607,13.232,12.427,12.752,12.623,12.603,13.037,12.031,11.789,12.837,11.897,13.241,12.728,12.228,13.26,12.885,13.309,12.945,12.663,13.093,12.627,12.774,12.691
12.995,12.72,12.463,12.723,12.12,12.285,12.314,12.884,12.9,13.19,11.897,12.957,12.257,13.147,13.01,12.846,12.366,12.471,12.288,12.489,12.356,13.443,13.066,12.443,12.847,12.915,12.628,12.466,12.737,12.61,12.96,12.809,12.33,12.967,12.822,13.057,12.771,13.395,12.456,12.819,12.625,12.681,12.622,12.774,12.178,13.218,12.88,12.362,12.018,13.433,12.918,11.969,13.13,12.17,13.053,13.419,12.265,13.682,11.903,13.126,12.991,12.392,12.432,13.291,12.802,13.339,13.046,12.643,12.695,13.251,12.533,12.74,12.679,12.787,12.573,12.555,12.381,12.785,12.684,12.255,12.63,13.152,12.551,12.384,12.447,13.14,11.988,13.252,13.095,12.865,12.309,12.747,12.21,12.581,12.444,12.663,12.265,12.463,12.663,12.591
12.444,12.708,12.856,12.613,13.542,13.456,12.813,12.254,12.583,12.222,13.379,12.335,12.487,12.614,13.047,12.401,12.282,12.544,12.545,13.485,13.11,12.564,13.179,12.411,12.547,12.476,12.966,13.358,12.222,12.379,12.843,12.676,13.142,12.962,12.344,13.076,12.272,12.686,12.684,12.7,12.599,12.799,12.579,12.869,13.332,12.641,12.514,12.714,13.369,12.407,12.867,12.491,12.943,13.088,12.393,12.771,13.403,13.406,13.158,13.91,12.474,12.297,12.881,13.223,12.786,12.462,12.405,12.581,12.462,12.987,12.653,12.507,12.133,12.748,12.35,13.295,13.119,12.41,13.143,12.533,12.827,13.046,12.46,12.799,13.491,12.45,13.687,12.374,12.505,12.769,12.765,12.02,12.515,12.668,12.398,12.214,12.658,12.819,13.043,13.045
12.296,12.964,12.333,12.73,12.31,12.806,12.475,13.183,12.003,11.758,12.539,13.087,12.141,12.475,13.028,12.867,12.669,12.652,12.885,12.32,13.286,12.873,13.058,12.395,12.868,12.707,12.443,12.144,12.407,12.613,12.921,12.702,13.132,12.946,13,13.114,13.2,13.316,12.527,12.819,12.601,12.239,13.174,12.686,12.573,13.177,12.42,12.461,12.118,13.369,12.899,12.62,12.67,12.327,12.042,12.991,12.38,12.187,13.232,13.399,13.2,12.324,13.132,12.413,12.481,12.737,12.816,12.326,12.807,12.702,12.787,13.053,12.41,12.598,12.716,13.111,12.616,13.006,12.515,12.738,12.85,12.795,12.685,12.64,13.445,12.523,13.584,12.219,13.227,12.924,12.961,11.963,12.731,12.24,12.946,12.554,12.322,12.912,12.898,12.561
12.926,12.936,13.046,12.876,12.53,13.107,12.23,12.391,12.808,12.318,12.554,12.787,12.904,12.818,12.614,12.205,12.733,12.056,13.295,12.486,12.519,13.527,13.336,12.954,12.795,12.725,12.857,13.157,12.589,12.676,12.778,12.826,12.544,12.542,12.428,13.016,12.351,12.527,12.799,12.533,13.086,12.965,12.909,12.604,13.013,12.815,12.478,12.982,13.232,12.419,12.441,12.567,12.504,12.248,12.725,12.108,12.825,13.064,13.755,12.993,12.485,12.357,12.247,12.747,12.292,13.017,12.43,12.909,12.716,12.568,12.576,12.51,12.06,12.996,12.597,12.566,12.993,12.4,12.708,13.286,12.654,12.559,12.518,13.176,12.318,13.389,12.099,12.294,13.241,13.278,12.243,13.106,13.034,12.635,12.766,12.742,13.02,12.448,12.755,13.057
13.127,12.403,13.647,12.878,12.614,12.201,13.348,13.207,13.252,12.036,12.665,12.54,12.996,13.211,12.595,12.616,13.39,13.689,12.519,12.036,13.045,11.621,13.22,12.159,12.725,12.711,12.029,13.225,12.748,12.524,12.678,12.408,13.061,12.928,13.021,12.202,12.72,13.114,12.501,12.906,13.41,13.065,12.688,12.644,13.013,12.846,12.924,12.932,12.717,12.118,12.619,12.797,12.288,12.075,12.238,12.388,12.872,12.658,13.479,12.146,12.458,12.933,13.584,12.94,12.569,13.225,13.016,13.016,12.496,13.087,12.636,12.469,12.709,12.736,12.385,12.734,12.548,12.896,12.997,12.969,12.647,13.171,12.758,12.137,12.008,11.976,12.304,13.348,12.601,12.97,12.694,12.926,12.769,12.965,12.521,12.803,12.778,12.915,12.824,12.989
12.379,12.821,12.027,12.871,13.171,12.276,12.294,12.344,12.283,12.873,12.569,12.54,12.79,13.638,12.804,12.539,12.341,13.622,12.922,12.342,12.687,12.184,12.135,12.361,12.551,12.544,11.846,12.159,12.912,12.744,13.169,12.747,12.483,12.677,13.042,12.164,13.09,12.745,12.475,12.393,13.003,13.017,12.574,12.787,12.55,12.597,12.445,13.02,13.029,12.825,12.357,12.311,13.23,12.444,13.024,13.038,13.079,12.795,12.26,12.418,13.242,12.779,13.339,12.539,13.072,12.728,12.798,12.834,12.332,13.498,12.582,12.789,13.31,12.324,12.523,12.435,13.459,12.438,12.432,12.709,12.614,13.06,13.003,12.725,11.851,13.445,13.279,12.938,13.215,12.439,12.549,12.777,13.352,12.728,12.515,13.05,12.947,12.928,12.455,12.525
12.443,12.961,12.408,12.779,12.988,13.082,12.166,12.554,12.46,12.23,12.954,12.662,12.095,12.096,12.593,12.736,12.817,12.831,12.447,12.262,13.138,13.001,13.226,12.496,12.787,12.86,12.243,13.004,12.555,12.337,12.637,12.788,12.697,12.553,12.636,13.121,12.842,12.042,12.64,12.318,12.899,13.233,12.861,12.699,12.254,12.366,13.271,12.414,13.058,13.717,13.087,12.918,13.329,13.154,13.003,12.978,12.758,13.122,13.171,12.833,13.201,13.378,13.339,13.189,12.633,13.536,12.191,12.744,13.164,13.444,12.305,13.181,12.755,12.814,12.288,12.736,13.27,12.97,12.217,12.984,12.78,12.51,12.554,12.578,13.148,12.217,13.316,12.481,13.45,13.083,12.972,13.201,12.49,12.613,12.695,13.007,12.933,12.966,13.039,12.932
12.356,13.004,13.557,12.923,12.561,12.833,13.159,12.275,12.558,12.234,12.649,12.832,13.16,13.322,12.957,12.818,13.204,12.934,13.084,13.4,12.978,11.821,12.528,12.704,12.501,12.6,11.928,12.52,12.546,12.735,12.476,12.91,12.466,12.644,13.063,12.628,13.047,12.675,12.241,12.99,12.278,12.867,12.646,12.542,12.252,12.152,12.555,12.522,13.378,12.723,12.831,13.017,13.296,13.408,12.346,12.798,13.205,12.375,13.47,13.408,12.324,12.518,13.177,12.233,12.32,12.737,13.247,12.906,12.75,13.366,12.9,12.934,12.908,12.626,12.265,12.633,12.879,13.033,13.234,12.471,12.749,13.07,12.53,12.728,12.52,13.189,12.104,12.423,12.148,12.78,12.95,12.203,12.41,12.615,12.68,12.583,12.388,12.511,12.613,13.044
12.741,12.495,11.978,12.624,12.47,12.424,12.324,13.195,12.057,12.226,12.731,12.655,13.502,11.902,12.973,12.663,12.176,12.206,12.967,12.47,13.031,12.734,13.18,12.42,12.864,13.015,12.04,13.276,12.195,12.769,13.248,12.611,13.139,12.665,12.474,13.176,13.081,13.334,12.69,12.942,12.559,12.866,12.592,12.813,12.19,12.217,12.41,12.453,12.357,13.602,12.693,13.518,12.214,12.403,12.028,12.213,13.59,12.869,12.717,12.991,12.919,13.129,13.201,13.06,12.587,12.849,12.479,13.028,12.971,12.932,12.658,12.463,12.608,12.781,12.707,12.676,12.765,12.398,13.251,12.665,12.898,13.015,12.684,12.452,12.878,13.025,12.127,12.442,12.564,12.73,12.444,12.711,12.343,13.068,12.621,12.16,13.209,12.67,12.666,12.994
12.433,12.96,12.308,12.597,13.286,12.92,12.356,12.562,12.84,13.192,12.821,12.826,12.86,12.626,12.761,12.622,13.429,12.82,13.329,12.909,12.491,12.28,13.22,12.946,12.592,12.771,12.826,12.667,12.286,12.485,13.011,12.898,12.389,12.533,12.498,12.758,12.961,12.093,12.818,12.726,12.615,12.571,12.749,12.565,12.9,12.738,11.941,12.956,12.735,12.809,12.945,13.168,13.098,12.619,12.469,12.67,13.452,12.316,12.737,12.72,12.476,12.879,12.843,12.405,12.274,12.849,12.258,12.869,12.915,12.953,13.319,12.496,12.282,12.798,12.914,13.161,12.544,12.691,12.378,12.805,12.79,13.162,12.45,13.22,13.001,12.784,11.934,13.209,13.115,12.633,12.294,12.643,12.635,13.047,12.672,13.049,13.002,12.836,13.174,12.387
12.808,13,12.72,12.581,12.513,12.925,13.442,12.322,13.132,12.838,12.885,12.441,12.637,13.451,12.882,12.679,12.407,12.387,12.891,12.699,12.915,11.778,13.245,12.843,12.574,12.718,12.762,13.169,12.655,12.812,12.72,12.878,12.327,12.644,12.993,12.336,12.325,12.105,12.671,12.555,12.366,12.888,12.558,12.815,12.909,12.783,12.452,12.466,13.432,12.075,12.783,13.281,12.316,12.48,12.849,12.325,13.559,13.33,13.216,12.612,12.506,12.989,12.445,12.974,12.464,12.166,12.451,12.433,12.779,12.48,12.479,12.502,12.595,12.715,12.797,12.615,12.708,12.999,12.245,12.467,12.876,12.873,12.908,12.991,12.273,13.469,11.801,12.633,13.294,13.006,12.901,12.149,12.498,13.199,12.895,12.722,13.149,12.535,12.438,12.412
12.441,12.803,13.08,13.052,12.096,12.904,12.303,12.752,12.82,12.061,13.063,12.765,12.509,13.05,12.926,12.556,13.206,12.173,12.52,12.847,13.047,13.713,13.361,12.69,12.715,12.009,12.572,12.14,13.229,12.916,12.48,12.6,12.92,12.946,12.937,12.519,12.208,13.362,12.657,12.767,12.886,12.909,12.648,12.58,12.41,12.107,12.183,13.069,13.022,12.749,12.951,12.578,12.689,12.535,12.509,12.716,13.366,13.271,13.154,12.793,12.927,12.68,12.596,13.196,12.806,13.263,13.04,12.894,12.587,12.64,12.394,13.021,12.809,12.664,12.614,12.344,12.562,12.593,12.45,12.973,12.668,12.5,13.031,12.332,12.212,11.948,12.14,13.651,13.341,12.413,12.58,12.637,12.846,12.22,12.889,12.274,12.935,12.472,12.274,13.055
12.41,12.726,13.129,12.496,13.275,13.212,12.226,12.803,12.411,12.514,12.382,13.221,12.679,12.876,12.927,12.804,12.346,12.253,12.386,12.676,12.964,12.45,12.719,12.955,12.913,12.763,13.035,12.288,13.49,12.613,12.985,12.732,13.141,12.435,13.129,12.45,12.748,13.37,12.867,12.668,12.342,13.249,13.061,12.731,13.327,12.407,12.615,12.367,13.484,13.5,12.502,13.035,12.991,12.827,12.913,12.809,12.615,12.699,12.45,12.518,13.082,12.9,13.069,13.077,13.007,12.786,13.251,12.743,12.455,13.081,12.581,12.761,12.708,12.818,13.286,12.418,12.777,12.88,12.37,12.495,12.771,12.58,12.584,12.194,12.322,12.657,12.138,12.555,13.254,12.439,12.413,12.625,12.202,13.162,12.834,12.775,12.827,12.847,12.867,12.892
13.45,12.848,12.996,12.464,12.56,12.925,12.321,13.044,12.207,13.076,13.202,12.665,12.409,13.041,12.533,13.038,13.123,13.667,12.716,13.388,13.08,12.176,12.127,12.504,12.764,13.064,12.37,12.153,12.785,12.788,12.614,12.692,12.407,12.716,12.334,12.455,12.547,12.556,12.734,12.897,12.963,12.768,12.57,12.792,12.114,12.536,12.772,12.335,12.468,12.438,12.993,12.527,12.834,12.482,12.699,12.458,12.419,12.613,12.307,12.539,12.542,12.748,12.478,12.231,12.383,12.396,12.88,12.363,12.846,13.171,12.461,13.127,13.232,12.558,13.001,13.368,13.27,12.856,12.186,13.014,12.7,13.001,13.09,12.595,11.906,12.049,13.292,13.082,12.561,12.876,13.009,11.986,12.815,12.657,12.894,12.791,12.734,12.844,12.947,12.461
13.023,13.009,12.484,12.793,13.049,12.601,12.252,12.812,12.618,13.173,12.477,13.063,13.068,13.39,12.8,12.746,13.054,13.174,12.192,12.721,12.688,11.779,12.021,13.192,12.492,12.774,12.9,13.273,12.223,12.861,12.522,12.757,12.737,12.442,12.255,12.9,12.514,12.118,12.748,12.544,12.896,13.06,12.753,12.613,12.153,12.344,12.263,13.115,12.84,12.122,12.932,12.617,12.984,13.152,12.141,12.422,13.488,13.074,13.38,12.112,13.061,13.362,12.714,12.521,12.28,13.342,13.134,12.478,12.397,12.364,12.552,12.653,12.262,12.862,12.505,12.277,13.048,12.559,13.189,12.53,12.738,12.927,12.844,13.205,12.364,12.486,12.686,12.215,12.136,12.932,12.769,13.004,12.643,12.913,12.854,12.909,12.466,12.748,12.533,12.452
13.02,12.874,12.436,12.914,12.896,13.091,13.218,12.401,12.527,13.546,12.805,12.392,12.293,12.337,12.582,12.839,12.504,12.551,12.203,12.878,12.966,11.837,12.525,12.378,12.857,12.451,12.307,12.343,12.667,12.471,13.137,12.519,12.455,12.839,12.558,12.916,12.6,12.619,12.746,12.659,12.495,12.634,13.084,12.773,12.144,12.119,12.368,12.589,13.308,12.558,12.603,12.673,12.628,12.701,13.231,12.673,11.704,13.558,13.126,13.405,12.533,12.275,12.414,12.249,12.444,13.129,12.571,12.996,12.391,12.5,12.77,12.371,13.214,12.758,13.271,13.027,12.499,12.77,12.123,12.761,12.858,12.601,12.942,12.928,12.185,11.842,13.454,12.307,13.207,13.017,12.566,12.788,13.07,13.041,12.27,12.732,12.452,12.512,12.637,12.884
12.452,12.6,13.18,12.61,13.082,12.357,12.584,12.894,12.149,13.401,13.058,13.169,12.918,12.84,12.582,12.33,13.528,13.073,13.36,12.281,13.053,12.394,12.386,12.642,12.878,12.959,12.333,12.231,12.82,12.52,12.489,12.834,12.896,13.087,13.001,12.412,12.32,13.394,12.718,12.498,13.051,12.845,13.044,12.825,12.71,13.139,12.377,12.579,11.865,13.148,12.677,12.592,12.714,12.586,12.453,12.764,12.621,13.469,13.052,13.366,13.121,12.482,12.632,13.201,12.183,12.252,12.82,13.051,11.897,12.427,12.22,12.373,13.121,12.68,13.038,12.348,12.743,13.051,12.667,13.246,12.684,12.802,12.628,12.251,13.24,12.408,12.579,12.545,12.76,12.666,13.182,13.195,12.879,13.05,12.935,12.648,12.464,12.583,12.387,12.974
12.089,12.623,13.054,12.878,12.677,12.903,13.244,12.402,12.527,13.6,12.698,12.886,13.076,12.332,12.72,12.646,12.454,13.597,13.279,13.422,12.592,13.331,12.563,12.584,12.513,12.657,12.642,12.509,12.891,12.861,12.704,12.85,12.396,12.218,13.109,12.478,13.327,12.163,12.638,12.833,12.749,12.204,13.16,12.668,13.311,12.356,13.382,12.365,12.253,13.544,12.983,12.768,12.433,11.939,12.297,13.474,13.157,13.259,13.081,12.027,13.003,12.066,12.644,13.024,12.784,13.288,12.513,12.475,13.553,12.808,12.926,13.208,12.603,12.916,12.796,12.55,12.418,12.992,13.186,12.526,12.59,13.001,12.597,12.72,12.921,13.287,12.536,13.509,12.134,12.597,12.147,12.703,13.042,12.418,12.47,12.621,13.262,12.931,12.853,12.63
12.268,12.858,13.504,12.854,13.134,12.772,12.641,12.391,12.933,13.466,12.348,13.14,13.24,12.503,12.644,12.436,13.059,12.296,12.804,12.237,13.186,12.803,12.95,13.09,12.95,12.793,12.64,12.954,12.702,12.468,12.349,12.65,12.335,12.88,12.294,12.279,13.058,12.057,12.738,12.687,12.461,12.639,13.062,12.73,12.856,12.368,12.976,13.036,13.401,12.295,12.726,12.127,12.989,13.361,12.807,13.103,12.298,13.453,12.432,12.645,12.7,12.623,12.513,12.76,13.097,12.996,12.495,12.587,12.941,12.954,12.735,12.546,12.943,12.446,12.135,13.331,12.37,13.016,12.259,12.446,12.756,12.553,12.914,12.567,13.018,12.084,12.289,12.058,12.18,12.575,12.808,12.719,12.439,12.842,12.666,12.639,13.175,12.657,12.707,12.705
12.92,12.858,12.904,12.753,12.867,12.751,13.291,13.344,13.218,11.939,12.573,12.235,13.274,12.945,12.871,12.89,13.562,12.159,12.261,12.653,12.76,13.052,12.448,12.582,12.958,12.574,12.578,13.306,12.522,12.815,12.588,12.911,12.384,13.207,13.273,12.937,12.207,13.623,12.746,12.772,13.191,12.865,12.307,12.881,12.11,13.181,13.349,13.304,12.657,12.737,12.615,12.57,13.124,12.859,13.079,12.231,11.803,12.03,13.295,12.437,12.369,12.214,12.95,12.994,12.991,13.092,12.464,12.862,12.887,12.261,12.625,12.303,12.212,12.754,12.353,12.93,12.581,12.471,13.389,12.47,12.883,13.015,12.812,12.922,13.863,13.465,12.726,12.049,12.206,12.805,12.92,12.939,12.686,13.005,12.469,12.673,12.864,12.566,12.28,12.75
12.61,12.463,13.194,12.573,13.083,12.638,12.931,12.929,13.128,13.341,12.433,13.178,12.878,13.003,12.512,12.814,13.108,13.205,12.287,12.206,12.918,13.335,12.506,12.526,12.534,12.702,12.382,12.952,13.141,12.466,12.769,12.835,12.698,12.983,13.13,12.228,13.024,12.919,12.656,12.928,12.843,12.785,12.764,12.631,12.271,12.418,12.158,13.295,12.963,13.488,12.8,12.483,12.934,13.006,12.404,12.874,12.067,13.511,12.662,12.343,12.416,12.816,12.268,12.477,13.156,12.734,12.306,12.35,13.326,12.643,12.8,12.329,12.88,12.536,12.271,12.419,12.657,12.892,13.356,12.958,12.812,12.608,12.668,12.443,12.384,12.832,12.648,13.36,12.362,12.692,12.524,12.249,12.79,13.29,12.633,12.679,12.375,12.544,12.649,12.877
13.056,12.455,12.361,12.815,12.694,12.743,12.39,13.172,13.162,12.448,12.668,13.223,12.256,12.397,12.756,13.135,12.532,13.402,12.688,12.118,12.789,12.782,12.955,12.407,12.4,12.97,12.237,12.106,13.042,12.734,12.544,12.951,12.278,12.675,13.233,12.578,12.814,12.465,12.629,12.601,12.764,12.616,12.796,12.719,13.291,13.102,12.793,12.956,12.205,12.535,12.573,13.152,12.636,13.023,12.967,12.842,13.026,12.32,13.086,13.761,12.993,13.139,12.599,12.201,12.613,12.535,13.143,12.664,12.958,12.474,13.1,12.973,12.59,12.476,12.411,13.284,12.524,12.788,12.222,12.78,12.891,12.628,12.645,12.908,12.399,13.461,12.184,12.924,12.311,12.668,12.335,12.481,12.371,12.426,12.662,12.837,12.381,12.926,12.85,12.626
13.072,12.501,12.521,12.836,12.117,12.254,13.154,12.155,12.273,12.999,12.715,12.509,13.266,13.112,12.976,12.793,12.89,12.674,11.973,12.562,12.517,12.43,12.816,12.508,12.959,12.217,12.456,12.869,12.512,13.006,13.223,12.71,13.022,12.673,13.276,12.59,12.549,12.983,12.811,12.805,13.023,13.035,13.331,12.908,12.133,12.594,12.547,12.14,12.361,13.196,12.704,12.446,13.179,13.263,12.261,11.954,12.298,11.938,12.801,12.198,13.103,13.38,12.6,13.082,12.627,12.346,12.803,12.81,12.677,12.78,13.06,12.819,12.712,12.584,13.276,12.405,12.604,12.579,12.068,13.082,12.66,12.794,12.662,12.386,13.112,12.02,12.227,12.514,12.43,12.656,12.249,12.404,12.695,11.881,12.786,12.773,12.451,12.531,13.379,12.406
12.809,12.949,12.838,12.597,13.198,12.839,12.724,12.964,12.837,12.75,12.671,13.12,12.213,12.836,12.614,13.214,12.84,12.696,13.041,11.809,12.88,13.466,13.211,13.252,12.774,12.932,12.919,11.99,12.548,12.843,12.041,12.611,13.017,12.775,12.215,12.77,13.141,12.671,12.706,12.874,12.639,12.632,13.264,12.668,13.053,12.177,13.02,12.219,12.112,12.71,12.862,12.904,12.292,13.001,13.094,12.22,12.193,13.43,12.264,12.867,12.339,13.46,12.668,12.351,13.278,12.816,12.306,12.807,12.706,12.72,12.766,12.66,12.606,12.934,12.539,13.015,12.539,12.991,13.19,12.896,12.692,12.981,12.809,12.929,13.03,12.555,12.652,12.816,13.326,12.406,12.838,12.554,13.334,12.868,12.733,12.667,12.857,12.618,12.819,12.709
12.434,12.645,12.399,12.45,12.644,12.724,12.417,13.114,12.424,12.941,12.725,13.183,13.343,13.05,12.864,12.882,12.576,13.413,13.139,12.608,12.463,12.967,12.916,13.267,12.762,12.863,13.141,12.706,11.821,12.684,12.818,12.463,12.307,12.833,12.435,12.46,12.412,12.97,12.771,12.685,12.651,12.83,13.522,12.788,13.17,12.383,12.823,13.189,12.084,12.529,12.579,12.941,13.271,12.144,12.399,13.372,13.124,13.567,12.579,12.772,13.019,12.425,12.175,12.86,12.624,12.54,12.728,12.79,13.096,12.848,12.419,12.774,12.95,12.929,13.266,12.325,13.164,12.455,12.426,13.008,12.605,12.397,12.847,12.925,12.84,12.073,12.199,12.141,13.347,13.264,12.662,12.561,12.899,12.343,12.765,12.784,12.614,12.96,12.728,12.175
12.945,12.752,12.905,12.597,12.309,12.62,12.84,12.329,13.117,12.008,12.525,13.123,12.416,13.186,12.46,12.553,12.928,13.591,12.727,11.845,12.802,12.213,12.251,13.161,12.674,12.882,12.628,13.251,12.878,12.969,12.513,12.638,12.326,13.065,13.197,12.435,13.028,12.331,12.647,12.821,12.702,12.443,12.363,12.739,13.283,12.895,12.912,13.166,12.852,11.767,12.561,12.483,12.247,13.242,12.75,13.091,12.674,12.48,12.764,13.352,12.328,12.971,12.58,13.035,13.179,12.668,12.355,12.464,13.244,12.726,12.638,12.438,12.726,12.93,12.122,12.918,12.458,12.398,12.687,12.761,12.825,12.768,12.954,12.848,11.724,12.646,13.187,13.665,12.075,12.349,13.069,12.613,12.504,12.398,12.72,12.644,12.676,12.696,12.795,12.978
13.015,12.491,13.33,13.015,12.233,12.839,12.557,12.77,12.909,12.041,12.933,12.467,12.249,12.975,12.887,13.222,13.232,12.594,12.932,13.577,12.801,12.802,13.18,13.016,12.584,13.231,12.616,12.965,11.986,12.659,13.013,13.164,12.786,12.614,13.451,12.639,12.161,12.1,12.702,12.658,12.65,12.842,12.816,12.632,12.428,12.321,13.375,12.146,13.146,11.825,12.901,12.401,12.729,12.251,12.719,12.969,13.491,11.992,13.498,12.52,12.609,13.134,13.245,12.645,12.716,13.182,12.711,13.099,12.252,12.804,12.983,13.05,13.018,12.155,12.417,13.25,12.905,12.932,12.464,12.591,12.615,12.839,12.785,12.96,13.053,12.49,12.275,12.223,12.81,12.4,12.499,12.305,13.032,12.892,12.635,12.797,13.232,12.675,12.776,12.364
12.885,12.655,13.121,12.918,12.841,12.55,13.147,12.829,12.842,12.007,13.05,12.476,12.787,13.251,12.713,12.365,12.442,13.253,13.02,11.992,13.035,12.941,13.407,12.736,12.253,13.041,12.954,12.203,12.138,13.053,12.754,12.615,12.423,12.696,12.557,12.56,12.186,12.378,12.772,12.652,12.714,12.923,12.456,12.675,12.362,12.322,12.288,12.239,12.62,12.55,12.75,11.953,13.183,13.265,12.275,12.372,13.077,12.233,13.21,13.501,12.21,12.515,12.374,12.633,12.537,12.792,13.216,12.865,12.278,13.115,12.32,12.512,12.478,13.2,12.607,12.699,12.928,12.924,13.029,12.565,12.739,12.365,12.672,13.12,13.057,12.644,12.568,12.482,13.006,13.156,13.206,12.996,12.62,12.958,12.761,12.718,12.936,12.776,12.674,12.731
12.736,12.931,11.895,12.933,12.475,13.02,13.26,12.245,12.77,13.867,12.648,13.204,11.984,12.963,12.697,12.621,12.367,12.349,13.058,13.005,12.649,12.522,12.811,12.267,12.962,12.989,12.897,13.327,12.84,12.596,12.887,12.8,12.687,12.57,13.26,12.807,12.43,12.863,12.515,12.675,12.432,12.761,12.504,12.823,12.134,12.677,12.348,13.011,13.277,13.009,12.876,12.891,13.056,12.15,13.031,12.5,13.204,12.069,13.457,12.289,12.188,12.358,12.698,13.025,13.096,12.351,12.517,12.714,12.719,12.905,12.57,13.078,12.89,12.823,12.827,13.28,12.734,12.896,13.052,13.158,12.851,12.502,13.012,12.722,13.114,12.767,13.63,11.894,13.352,12.806,12.526,12.366,12.835,12.869,12.718,12.817,12.085,12.597,12.903,13.032
12.786,12.57,12.513,12.641,13.096,12.538,12.627,12.481,12.498,13.496,12.863,13.187,12.609,12.324,12.478,12.084,13.236,12.676,13.134,13.139,12.518,12.881,12.566,13.274,12.519,12.653,12.221,12.1,12.689,12.886,13.221,12.705,12.596,12.716,12.422,12.98,13.025,13.685,12.903,12.814,12.735,12.827,12.978,12.863,12.234,12.479,12.719,12.668,13.325,13.05,12.887,12.737,13.299,13.341,12.218,13.054,13.598,13.033,13.167,12.265,13.165,12.996,12.581,12.618,12.827,12.687,12.208,12.942,13.014,12.793,12.583,12.414,12.552,12.481,13.309,12.902,12.662,12.409,12.387,12.569,12.746,13.233,13.079,12.436,13.598,12.553,12.049,13.053,12.663,13.115,12.87,12.404,12.399,12.623,12.736,12.891,13.31,12.512,12.672,12.489
12.899,13.03,12.749,13.028,12.22,12.974,12.152,12.476,12.615,11.936,12.793,13.195,12.392,13.066,13.044,12.34,12.747,12.626,12.579,12.722,12.536,12.765,13.193,12.446,12.825,13.012,13.147,12.084,12.79,12.745,12.577,12.94,13.115,12.899,12.567,12.728,11.802,12.922,12.754,12.609,13.083,12.552,12.193,12.689,12.899,12.558,13.528,12.519,11.936,13.266,13.108,12.53,12.762,12.894,12.951,13.198,12.135,12.597,12.338,12.959,12.891,13.312,13.038,12.654,12.973,12.52,12.19,12.645,13.175,12.677,12.845,12.905,13.103,13.044,12.949,12.489,13.343,12.9,12.214,12.989,12.796,13.019,12.502,12.306,12.04,12.741,12.047,12.935,12.207,12.381,13.023,12.573,12.27,12.831,12.567,12.78,12.955,12.483,12.785,12.852
12.541,12.441,12.762,12.944,13.107,12.653,12.294,12.749,13.082,12.778,12.729,13.201,12.931,12.779,12.63,12.856,13.208,12.569,12.559,11.98,12.497,11.484,12.299,12.961,12.777,12.526,13.243,12.394,12.493,12.687,13.094,12.352,13.048,12.465,12.57,13.151,12.863,12.542,12.607,12.47,12.971,12.739,13.06,12.442,12.447,13.274,12.186,12.575,13.026,12.162,12.865,12.244,12.983,12.963,12.465,12.997,11.799,11.654,13.387,13.448,12.607,12.989,12.569,13.057,12.926,12.45,13.14,13.089,13.059,12.946,12.585,13.053,12.901,12.677,12.907,12.952,12.938,12.971,13.053,12.873,12.777,13.162,12.837,12.267,12.93,13.057,12.068,13.312,12.332,12.337,11.946,12.765,13.16,12.842,12.805,12.872,13.407,12.528,13.009,12.429
12.45,12.954,13.362,12.669,12.965,12.736,12.749,12.192,13.185,12.281,12.492,12.281,13.059,13.08,12.542,13.341,12.437,12.337,12.978,12.377,12.802,12.586,13.28,12.379,12.882,12.896,12.924,13.114,12.703,12.63,12.707,13.06,12.38,12.607,12.738,13.118,13.229,12.437,12.624,12.729,12.495,12.69,12.738,12.999,12.712,12.202,12.805,12.307,12.255,12.942,12.61,12.498,12.255,12.481,12.488,12.984,13.257,12.934,13.086,13.737,12.729,12.251,13.322,13.027,12.251,13.143,12.688,12.906,12.609,13.024,12.964,13.157,12.707,12.376,12.687,12.498,12.884,12.315,12.163,13.401,12.546,12.59,12.705,12.282,12.579,13.207,13.453,13.373,12.958,12.608,13.249,12.617,12.819,12.531,12.681,12.804,12.771,12.971,12.561,12.724
12.835,12.989,13.509,12.886,12.607,12.378,12.37,13.163,12.835,13.379,12.854,12.887,12.938,12.591,12.822,12.997,13.144,13.58,12.313,12.677,12.833,13.025,12.495,12.677,12.426,12.887,12.63,11.934,11.833,12.93,12.651,13.106,12.324,12.692,12.605,12.357,12.432,13.301,12.659,12.494,13.04,12.734,12.61,12.682,12.832,12.895,13.298,12.61,13.376,13.901,13.04,12.747,13.112,12.677,12.328,13.417,12.879,13.727,12.359,11.813,12.455,12.404,12.123,12.051,12.623,12.419,13.331,12.72,12.933,12.7,12.891,12.457,13.039,13.228,12.166,12.959,12.388,12.665,12.457,13.395,12.659,12.749,12.536,12.514,12.388,13.289,13.356,13.332,12.964,12.517,12.812,12.736,12.915,12.915,12.955,12.798,12.558,12.86,13.085,12.396
12.944,12.722,13.307,12.913,12.963,12.944,13.028,13.286,12.375,12.275,12.459,12.257,12.572,12.864,12.757,11.939,13.262,13.209,12.96,13.027,12.969,13.509,12.428,12.626,12.909,12.664,13.292,13.793,13.204,12.597,12.664,12.854,12.538,12.763,12.985,13.072,12.461,13.515,12.711,12.726,12.491,12.701,12.91,13.148,12.549,12.183,13.372,12.21,13.306,13.264,13.199,12.402,13.224,12.212,12.834,13.547,13.752,12.292,12.365,12.601,13.185,12.241,12.315,13.356,12.691,12.22,12.885,12.983,12.398,13.014,13.151,12.463,12.554,12.486,12.833,12.661,13.094,12.379,12.487,13.106,12.821,13.078,12.528,12.138,13.297,12.896,12.311,12.722,12.077,12.293,12.63,12.915,12.917,12.844,12.594,12.731,12.269,12.717,12.626,13.041
12.939,12.99,12.576,12.683,13.227,12.436,13.08,12.127,12.655,12.52,12.523,13.058,13.57,12.502,12.692,13.319,13.143,13.342,12.789,12.615,12.954,13.198,13.274,12.488,12.609,12.696,12.449,12.527,12.343,12.43,12.472,12.638,12.411,12.804,12.831,13.156,12.342,12.386,12.881,12.816,12.797,12.589,12.803,12.741,12.616,12.871,12.58,12.468,12.47,12.247,13.049,12.814,13.022,13.176,12.727,12.646,12.879,13.524,13.446,12.85,12.241,12.212,13.061,12.013,12.668,13.13,12.082,12.55,13.318,12.865,12.612,12.766,12.7,12.764,12.801,12.989,12.862,12.928,12.93,12.687,12.816,12.67,12.475,12.625,12.039,12.954,12.065,12.32,12.246,12.437,13.239,12.509,13.05,12.979,12.887,12.688,13.25,12.901,12.923,12.792
12.954,12.408,12.602,12.441,12.855,12.385,13.015,12.387,12.454,13.24,12.309,12.758,12.764,12.581,12.537,13.226,12.881,12.368,12.764,12.603,12.476,12.283,11.899,12.933,12.636,12.353,12.529,12.008,12.495,12.266,12.7,12.611,12.406,12.575,13.079,12.366,13.564,12.962,12.805,12.684,12.605,12.979,12.703,12.467,13.002,12.656,12.148,13.144,13.185,12.878,12.879,12.995,12.599,12.335,12.9,12.263,12.377,12.602,13.203,13.468,12.618,12.674,12.325,13.095,12.791,12.581,12.708,12.269,12.126,12.471,12.528,12.414,12.916,12.564,13.015,12.387,12.919,12.762,13.152,12.663,12.941,12.234,12.459,12.629,12.355,12.898,12.641,13.083,12.254,12.528,12.017,12.792,12.515,12.584,12.721,12.684,12.374,12.856,12.939,12.575
13.127,12.773,12.264,12.974,11.905,12.368,12.342,12.664,12.57,11.719,12.193,12.484,12.213,12.233,12.798,13.507,13.241,12.329,13.292,12.787,12.927,13.83,12.691,12.521,12.931,12.711,12.824,12.468,12.85,12.95,12.682,13.01,13.004,12.661,12.55,13.082,13.128,12.827,12.497,12.709,13.014,12.808,12.806,12.703,13.13,13.232,12.084,12.146,13.054,13.296,12.829,12.807,12.166,12.298,13.266,12.727,13.034,11.895,13.035,11.763,12.899,13.31,12.287,13.364,13.267,12.283,12.834,13.029,12.742,12.886,13.059,12.397,12.851,12.506,12.756,12.52,12.825,12.638,12.59,12.968,12.571,13.267,12.893,13.323,12.247,12.379,13.476,13.278,12.29,13.204,13.193,12.655,12.674,12.719,12.615,12.689,12.474,12.823,13.147,12.923
13.239,12.926,12.118,12.764,12.375,12.845,13.234,12.631,13.278,12.699,12.926,12.578,12.056,13.116,12.557,12.428,12.665,13.082,12.545,12.679,12.975,12.976,12.897,12.995,12.887,12.72,13.045,11.892,13.309,12.74,12.382,12.521,12.305,13.016,13.017,13.076,13.209,13.375,12.63,12.598,12.444,12.756,12.756,12.421,13.337,12.589,12.129,12.764,13.351,12.917,12.555,12.89,12.251,12.561,12.523,12.653,13.291,13.098,13.094,12.809,12.907,12.36,13.26,12.991,12.222,13.19,13.09,12.963,12.86,12.716,12.527,12.599,12.295,13.081,12.997,12.79,12.745,12.628,12.14,12.959,12.809,12.252,12.932,12.636,12.621,12.784,13.659,12.281,12.521,12.292,12.843,12.839,12.582,13.041,12.773,12.545,12.389,12.583,12.715,13.197
13.135,12.627,13.356,12.248,13.083,13.014,12.519,12.526,13.158,13.197,12.848,12.904,12.463,12.479,12.629,12.601,12.27,13.628,13.283,12.855,12.791,13.027,12.569,12.445,12.706,12.86,12.954,12.28,12.146,12.842,12.83,12.963,13.159,12.306,12.867,12.399,12.241,13.516,12.47,12.658,12.625,12.734,12.918,12.536,12.895,12.216,13.154,12.449,12.505,12.914,12.549,13.209,12.635,13.369,13.277,13.207,13.157,13.26,12.581,13.473,12.472,12.128,13.02,12.471,12.501,12.226,12.72,12.869,12.835,12.459,13.03,12.255,12.983,13.013,13.374,12.877,12.592,12.737,13.257,12.851,12.799,12.328,12.956,13.101,12.923,12.078,12.13,13.244,12.594,12.675,13.221,12.923,12.611,12.33,12.704,12.637,12.156,12.43,12.526,13.33
13.201,12.355,13.226,12.284,13.183,12.92,12.844,12.986,12.561,13.151,13.039,12.748,13.401,12.564,12.785,12.903,12.543,13.174,13.031,12.827,12.561,13.478,13.077,13.09,12.933,12.639,12.561,12.125,11.879,13.077,12.358,12.839,13.053,12.884,12.967,12.449,13.585,12.276,12.992,12.695,13.117,12.502,12.555,12.879,12.272,13.173,13.026,13.099,12.424,12.002,13.335,12.856,12.354,12.361,12.882,12.151,12.853,13.286,12.438,13.15,12.815,12.692,12.469,12.288,13.34,13.07,12.257,12.731,13.113,12.416,12.643,12.325,12.296,12.725,13.181,12.549,12.82,12.8,13.155,12.231,12.721,13.053,12.592,12.805,13.44,12.389,13.179,12.294,12.961,12.333,12.898,13.126,12.844,12.736,12.509,12.463,12.838,12.932,12.56,12.776
13.029,13.012,13.11,12.575,12.655,12.231,12.469,13.136,13.154,13.424,12.778,12.849,12.213,12.564,12.551,12.544,12.817,13.369,12.338,12.674,12.955,12.21,12.116,12.146,12.838,12.492,13.258,12.103,11.696,12.579,12.825,12.624,12.819,12.128,12.719,12.539,13.188,12.918,12.329,12.672,13.055,12.757,12.661,12.37,12.419,12.091,12.262,13.107,12.481,13.343,13.304,12.026,13.132,13.054,13.025,12.042,13.287,13.342,12.469,13.021,12.754,12.46,12.366,13.334,12.489,13.2,13.455,12.941,13.171,12.602,13.139,13.195,12.672,12.432,12.507,12.748,12.551,13.068,11.98,12.529,12.568,12.223,12.822,12.998,13.152,12.453,12.106,12.989,12.819,12.07,13.131,12.865,12.565,12.444,12.583,12.607,12.883,13.136,12.44,12.461
13.344,12.415,13.28,12.758,12.454,12.506,13.376,12.995,12.496,13.286,12.119,13.33,12.605,12.611,12.667,13.396,12.851,11.944,12.99,12.488,12.517,12.976,12.805,12.442,12.884,12.684,13.225,12.12,12.616,12.799,13.339,13.105,12.365,12.56,13.023,12.616,12.74,12.337,13.093,12.841,12.463,12.858,12.682,12.407,13.09,13.147,13.428,12.411,13.164,11.879,12.019,12.47,12.282,13.249,12.588,12.478,12.567,13.332,12.562,13.802,12.818,12.945,13.13,12.82,13.235,12.431,13.274,13.051,12.85,12.967,12.821,13.018,12.326,13.146,12.986,12.524,12.675,12.528,12.277,12.504,12.94,13.007,12.851,12.93,12.868,13.244,12.709,12.352,12.881,12.953,13.02,12.613,12.736,12.773,12.398,12.944,12.291,12.596,12.357,13.179
13.374,12.475,12.29,12.766,12.642,12.434,12.167,13.323,12.991,13.226,12.308,12.477,13.201,13.153,12.557,11.846,12.366,12.764,13.159,12.867,12.589,12.581,12.369,12.695,13.105,12.677,13.334,13.417,13.516,12.501,12.932,12.48,12.588,12.628,13.019,12.491,11.925,12.749,12.919,12.93,12.782,12.644,12.624,13.121,12.984,13.28,13.277,12.196,12.465,12.634,12.053,12.425,12.625,12.585,13.086,12.99,12.086,13.11,12.755,11.989,12.491,11.99,12.772,12.278,12.797,12.783,12.35,12.986,12.875,12.384,13.038,13.228,12.413,12.489,12.881,13.114,12.668,13.023,12.403,13.102,12.551,12.95,12.537,12.681,12.361,12.492,13.415,13.203,13.272,13.282,12.917,12.767,12.517,12.621,12.382,12.394,12.157,12.508,12.512,12.668
13.339,12.616,13.246,12.684,13.608,12.666,12.49,12.659,12.978,12.385,12.893,12.967,12.7,12.727,12.475,13.185,13.23,12.717,12.691,12.541,12.19,12.551,12.413,12.691,12.384,12.795,12.313,12.089,12.865,12.726,12.249,12.959,12.458,12.961,12.637,12.588,13.176,13.184,13.157,12.533,12.555,12.624,12.836,12.99,12.858,12.236,13.379,12.6,12.027,11.855,12.378,12.862,12.797,12.177,12.979,12.426,12.42,13.221,12.86,12.718,12.566,13.145,11.973,12.773,12.979,12.564,12.371,12.79,13.297,12.907,12.993,13.048,13.186,12.715,12.874,12.617,12.912,12.772,12.4,12.798,12.859,12.959,12.708,12.999,13.126,13.298,11.833,12.931,12.224,12.434,13.041,12.766,12.729,12.752,12.818,12.755,12.779,12.717,12.351,12.817
12.453,13.341,12.183,12.907,12.345,12.367,12.928,12.333,12.9,12.983,12.991,13.312,12.292,12.332,12.815,12.481,12.98,13.287,12.881,12.815,13.11,12.58,13.297,12.685,12.499,12.76,12.774,12.08,12.08,13.07,12.723,13.201,12.447,12.851,12.883,12.403,13.637,12.311,12.185,12.36,12.321,12.719,12.574,12.663,13.124,13.023,12.069,12.841,11.891,12.684,12.623,13.155,12.545,12.736,12.972,13.37,12.563,13.378,12.325,12.958,13.034,12.512,13.339,12.239,12.738,12.608,12.885,12.741,12.991,12.549,12.946,12.438,12.64,13.081,12.209,12.829,12.789,12.926,12.236,12.942,12.885,12.381,12.857,12.767,12.298,12.855,13.218,12.464,12.748,11.861,13.089,12.607,12.439,12.693,13.085,12.583,12.405,12.563,13.018,12.444
13.23,12.708,12.636,12.606,13.247,12.469,12.363,12.449,12.656,13.386,12.976,13.052,12.362,12.756,12.707,12.975,12.899,12.303,12.841,12.469,13.183,12.509,13.029,12.894,12.239,12.752,12.55,12.408,13.21,12.857,13.127,12.481,13.199,12.993,13,13.064,12.719,13.224,12.376,12.851,13.246,12.717,12.77,12.876,12.815,12.36,13.011,13.409,12.767,12.703,13.174,13.131,12.643,12.321,12.444,12.343,12.282,13.874,12.709,13.258,12.724,11.998,12.666,13.185,12.253,13.172,12.21,12.719,12.5,12.881,12.691,12.927,12.747,13.272,12.064,12.829,12.921,13.086,12.651,12.864,12.848,12.547,12.863,12.975,13.29,13.16,12.834,12.293,12.39,12.9,12.447,12.709,12.829,13.146,12.727,12.716,13.467,13.018,12.518,12.127
12.942,12.903,12.772,12.5,12.012,12.156,13.18,12.197,12.663,12.841,12.813,12.726,12.612,12.797,12.541,12.426,12.234,12.337,12.827,12.794,12.426,13.379,12.627,13.021,13.05,12.995,12.904,12.383,13.744,12.58,13.259,12.583,13.331,12.875,12.472,12.481,12.765,13.213,12.886,12.297,12.494,12.871,12.691,12.929,13.099,12.866,13.263,12.93,12.671,12.403,12.882,12.303,12.327,12.19,12.874,12.844,12.707,11.869,13.315,12.996,12.526,12.231,12.102,12.335,12.923,12.502,13.244,12.556,12.736,12.959,12.322,12.379,12.628,12.287,12.499,12.911,12.692,12.731,12.394,12.896,12.702,13.031,13.015,13.043,12.287,12.371,12.755,12.782,13.156,13.141,12.82,13.056,12.488,12.55,12.987,12.855,12.5,12.565,12.504,13.327
13.189,13.134,12.917,12.303,12.369,12.765,12.291,12.131,12.966,12.523,13.208,12.173,11.96,12.992,12.98,13.354,12.531,12.931,12.586,12.415,12.259,13.436,13.09,12.658,12.828,12.648,12.448,12.34,12.799,12.796,12.501,12.492,12.483,13.123,12.612,12.819,13.802,12.446,13.39,12.902,12.929,12.727,12.656,12.469,13.137,13.153,12.619,12.227,13.632,13.582,12.784,12.41,12.329,12.347,13.299,13.578,13.143,11.497,12.691,12.65,12.959,12.199,13.167,12.939,12.979,12.519,12.892,12.92,12.67,12.816,12.273,12.846,12.293,12.706,12.436,12.272,13.079,12.999,12.05,12.895,12.473,13.165,13.023,12.906,12.198,12.866,11.846,12.581,12.773,12.14,13.105,13.137,12.458,12.902,12.999,12.858,12.901,12.49,12.41,12.353
13.175,12.922,12.489,12.794,13.046,12.217,13.226,13.128,12.614,12.927,13.083,13.287,12.907,12.417,12.61,13.114,12.3,12.489,12.839,12.896,12.557,12.949,13.038,13.018,13.116,12.477,12.436,12.853,12.777,12.721,12.914,12.231,12.628,12.634,12.408,12.896,12.402,12.894,12.416,13.145,12.53,12.265,12.824,12.466,12.586,12.327,12.692,12.432,12.941,12.999,12.582,13.24,13.033,12.379,12.81,12.21,13.045,12.968,12.605,12.314,12.618,13.014,12.335,13.215,12.769,12.571,12.001,12.984,12.954,12.182,13.162,12.368,13.264,13.061,13.366,12.677,12.712,12.927,12.2,13.062,12.866,13.009,12.627,12.701,12.995,12.379,13.174,12.507,13.255,12.967,12.347,12.707,12.557,12.418,12.567,12.863,12.985,12.682,12.835,12.551
12.585,12.603,12.108,12.431,12.347,13.182,12.109,13.204,12.926,12.713,12.979,12.161,13.11,12.817,12.568,13.078,12.421,11.99,12.627,12.669,12.347,13.541,12.396,12.472,13.251,12.876,13.349,13.038,12.954,12.477,12.627,12.489,13.257,12.492,12.99,12.629,12.31,13.199,13,12.37,12.806,12.983,12.545,12.516,12.623,13.269,12.852,12.864,13.515,12.348,12.898,13.179,12.504,13.65,12.02,12.673,12.939,12.893,12.984,13.317,12.379,12.538,12.56,12.953,13.262,12.234,12.579,12.801,12.472,12.756,12.827,13.06,12.752,13.237,12.933,12.657,12.812,12.559,13.239,12.933,12.641,12.703,12.709,12.583,12.468,12.504,13.608,12.607,13.184,12.604,12.96,12.457,12.734,12.983,12.643,12.578,13.151,12.601,12.907,13.24
12.827,12.491,12.693,12.91,13.593,12.941,12.464,12.298,12.531,12.219,12.238,12.522,13.208,13.122,12.843,12.578,12.311,13.025,12.907,12.507,12.767,11.642,12.24,13.087,12.255,13.568,12.894,13.094,12.214,12.799,13.026,13.158,12.268,12.728,13.054,12.548,12.372,12.388,12.821,12.277,12.725,12.53,12.727,12.665,12.716,13.294,13.23,13.096,12.348,12.649,13.048,13.244,12.56,13.558,13.677,12.466,12.64,12.864,12.983,12.391,12.55,12.017,12.688,12.123,12.829,12.981,12.448,12.166,12.311,12.728,12.398,12.798,12.555,12.327,13.284,12.61,12.577,12.396,13.342,12.339,12.888,12.385,12.676,12.687,12.807,12.82,13.228,12.545,13.01,12.367,12.625,12.274,12.361,13.078,12.493,12.634,12.387,12.983,12.868,12.325
13.105,12.894,12.944,12.611,12.32,12.986,13.316,12.907,13.004,12.548,12.589,12.209,13.284,12.652,12.605,13.739,13.012,12.477,12.732,12.739,13.004,12.587,12.287,12.635,13.236,13.423,12.949,12.59,12.942,12.704,12.467,13.052,12.335,13.004,12.659,12.713,13.265,11.905,13.437,12.779,12.816,12.619,12.817,12.942,13.174,13.337,13.148,12.735,12.66,12.751,12.631,12.403,12.412,13.167,11.98,12.567,12.749,12.776,12.663,12.495,13.053,11.858,12.49,12.42,13.023,13.104,13.282,12.723,12.069,12.362,12.922,13.196,12.889,12.725,13.435,13.08,12.598,12.585,12.203,13.04,12.544,13.125,12.937,13.053,12.603,13.448,12.314,12.173,13.199,12.384,13.342,12.109,13.126,12.464,12.748,12.903,13.274,12.663,12.89,12.567
13.079,12.858,13.018,13.113,12.643,12.766,13.322,13.146,12.451,12.652,12.107,12.36,12.524,13.246,12.925,11.721,12.571,13.716,12.818,12.613,12.218,13.022,12.473,12.813,12.682,13.181,13.048,12.698,11.682,12.845,12.752,13.139,12.502,12.543,13.045,12.362,13.426,12.339,12.166,12.868,12.835,12.972,12.42,12.891,12.275,12.515,12.419,12.364,12.105,12.19,12.626,12.212,12.927,13.318,13.444,12.106,12.601,12.566,12.604,12.916,12.515,13.625,12.811,12.793,13.073,13.194,12.579,12.695,13.106,12.532,12.555,12.421,13.413,12.439,12.506,12.522,12.628,12.892,12.593,12.772,12.675,13.034,12.774,13.077,12.717,13.197,12.526,13.054,12.69,13.136,12.921,12.753,12.902,13.259,12.303,12.866,12.295,12.599,12.474,12.223
12.734,12.886,12.35,12.72,12.3,12.789,13.345,12.314,12.516,12.477,12.473,13.276,13.366,12.647,12.81,12.75,12.925,12.117,12.677,12.598,12.873,12.563,12.278,12.845,12.309,13.317,12.082,12.641,12.898,12.659,12.85,13.147,12.9,12.673,13.156,12.41,12.435,13.109,12.206,12.459,13.033,12.91,12.865,13.151,12.227,12.661,13.105,13.397,12.258,11.965,12.678,13.017,12.27,13.148,13.238,12.516,13.262,12.553,12.646,12.515,12.898,13.253,12.123,13.336,12.765,13.07,12.429,12.952,13.343,12.533,12.97,12.652,12.658,13.127,12.354,12.887,12.642,12.628,12.693,12.37,12.766,13.106,12.894,12.589,12.16,13.354,13.588,12.307,12.467,12.971,13.129,12.437,12.549,12.484,12.632,12.774,13.354,13.171,13.028,13.406
12.754,12.608,12.64,13.023,12.704,12.425,12.493,12.47,12.842,12.465,12.957,13.214,13.003,12.458,13.043,12.932,12.596,12.316,12.507,12.47,12.791,13.265,13.18,12.618,12.183,12.809,12.795,13.091,11.73,12.757,12.466,13.069,13.274,12.897,12.478,12.434,13.671,13.409,11.98,13.058,12.701,12.796,12.658,12.368,12.875,12.509,12.952,12.697,13.521,13.016,13.116,13.125,12.832,12.062,12.76,12.119,12.598,12.002,12.872,12.666,12.952,12.974,12.602,13.156,12.512,13.045,13.3,12.796,12.73,12.792,13.07,12.7,12.358,12.816,13.031,12.837,12.794,12.775,12.085,13.101,12.887,12.525,12.735,12.855,12.331,12.144,12.034,12.944,12.606,12.587,13.474,12.876,12.427,12.934,12.445,12.636,13.259,12.484,12.859,13.359
12.312,12.506,12.172,13.04,12.75,12.109,12.164,12.198,12.59,13.371,12.267,13.356,13.177,13.249,12.504,12.531,12.391,11.621,13.101,12.928,12.812,12.687,12.404,12.458,12.332,12.332,12.61,12.157,13.454,12.787,12.617,12.465,12.564,12.482,12.181,13.093,13.166,12.228,13.046,12.458,12.725,12.774,12.632,13.058,12.487,12.891,12.163,12.966,13.66,13.099,12.404,12.389,12.8,12.341,12.257,13.765,13.07,12.272,12.663,12.485,12.973,13.185,12.828,12.925,12.804,13.015,12.384,12.583,11.985,13.038,13.02,13.012,12.88,12.34,12.584,12.78,12.472,12.385,12.595,12.803,12.511,12.706,12.475,12.559,12.908,12.86,12.513,13.265,12.303,13.364,13.327,12.607,13.164,12.541,12.827,12.642,12.249,12.226,12.626,12.219
12.79,12.953,12.905,12.442,12.591,12.803,12.359,12.35,12.491,12.838,12.354,13.047,13.777,13.145,13.113,11.955,13.099,12.954,12.96,12.673,12.951,12.463,13.238,13.182,12.393,12.242,12.665,13.455,12.075,12.819,12.8,12.385,12.872,12.978,12.837,13.351,13.318,13.065,12.75,12.802,12.348,12.819,12.861,12.901,12.271,12.992,12.34,11.898,12.853,12.7,12.652,12.435,12.331,13.315,12.714,12.308,12.346,12.717,13.57,12.636,12.836,13.431,13.428,12.602,12.86,12.328,13.051,12.817,12.908,12.349,12.521,13.02,12.975,12.434,12.754,12.722,13.013,12.467,12.715,12.633,12.628,12.843,12.41,12.411,13.152,12.779,13.533,13.253,12.334,13.094,13.372,12.629,12.71,12.302,12.973,12.834,12.309,12.805,12.684,12.828
12.292,12.497,13.172,12.331,13.201,12.808,13.427,12.98,12.567,12.085,12.73,12.429,12.802,12.588,12.654,12.971,13.224,12.075,12.557,12.793,12.483,12.962,12.351,12.812,12.783,12.754,12.918,13.306,12.943,12.77,12.876,12.804,12.612,12.891,12.33,12.529,13.24,13.179,13.087,12.753,12.465,12.673,12.816,13.241,12.741,12.497,12.08,13.091,13.114,13.783,12.431,12.77,12.546,13.189,12.191,12.272,12.599,13.066,13.436,12.319,12.735,13.246,13.057,13.128,12.517,12.483,12.044,12.59,12.204,12.319,12.881,12.696,12.854,13.238,12.083,12.553,12.463,12.452,12.135,12.511,12.791,12.404,12.826,13.039,12.891,13.064,13.378,13.123,12.601,13.518,12.805,12.943,12.976,13.033,12.492,12.819,13.546,13.075,12.853,12.899
12.363,12.783,12.442,13.247,12.431,12.564,12.09,12.354,12.808,11.889,12.829,12.489,12.019,12.217,12.497,12.853,12.168,11.935,12.432,12.799,13.201,12.274,12.856,12.98,13.052,13.095,12.734,13.024,12.814,12.743,12.775,12.961,12.508,12.969,12.5,12.394,13.312,12.96,11.936,12.761,13.034,12.788,12.669,12.665,12.32,12.485,12.193,12.916,12.277,12.749,13.112,12.774,12.285,12.801,12.961,13.438,12.973,12.428,12.998,12.458,12.827,12.385,12.832,12.422,12.867,12.491,13.335,12.938,12.398,12.405,12.587,12.355,13.139,13.107,12.319,12.642,12.825,12.571,13.189,12.532,12.667,13.175,12.86,13.073,12.653,12.336,12.159,12.629,13.147,12.593,13.466,12.641,12.838,12.731,12.305,12.873,12.619,12.515,12.781,13.1
12.233,12.902,12.303,12.756,13.1,12.085,12.656,13.004,12.533,13.679,12.237,13.098,12.595,13.078,12.428,13.316,13.202,12.328,12.394,12.408,12.328,12.951,12.92,12.848,12.468,12.616,12.622,12.165,12.27,12.78,12.921,12.564,12.666,12.973,13.047,13.039,12.729,12.308,12.722,12.38,12.579,12.551,12.768,12.242,12.885,12.893,13.124,11.979,13.46,13.738,12.705,12.306,12.302,13.173,11.805,13.171,12.78,12.343,13.098,12.577,12.848,12.002,13.038,12.954,12.627,12.892,12.975,12.798,12.676,13.057,12.966,12.293,12.956,12.03,12.876,12.896,12.509,12.254,13.615,12.882,12.852,12.679,12.694,12.994,11.985,13.303,13.415,13.089,12.78,13.045,12.306,12.665,12.589,13.086,12.604,12.601,12.531,12.678,12.525,13.307
12.96,13.03,13.276,12.564,12.777,12.913,13.376,12.441,12.606,12.723,12.643,13.045,12.25,13.161,12.587,13.07,12.427,12.04,13.11,12.856,12.959,12.904,12.625,12.517,12.737,12.961,12.705,13.207,12.451,12.673,12.828,12.513,12.568,12.552,12.283,12.992,12.207,12.457,12.672,12.751,12.519,12.698,12.36,13.32,13.211,12.983,12.722,12.531,13.143,12.638,12.71,13.009,13.074,12.464,12.552,12.78,12.491,12.424,12.678,13.041,12.477,12.591,13.212,12.677,12.241,12.831,12.859,12.652,13.178,13.114,12.448,13.27,12.4,13.041,12.609,12.917,12.601,12.942,12.995,13.162,12.898,12.516,12.653,12.558,13.65,12.367,11.895,12.864,12.461,12.676,13.53,12.928,12.381,12.664,12.501,12.684,13.251,12.816,13.035,12.275
12.464,12.516,12.303,12.347,12.611,12.539,12.202,12.303,12.465,12.859,13.309,13.165,12.105,12.542,12.948,12.644,12.422,12.201,12.655,12.249,12.703,12.659,13.005,13.025,12.973,12.899,12.471,12.179,12.735,12.758,12.803,13.054,13.109,12.628,13.016,12.986,12.256,12.712,12.504,12.77,12.568,12.87,12.704,13.043,12.258,12.881,12.598,11.891,12.251,12.585,12.837,13.203,13.125,13.244,12.048,12.304,12.631,13.495,12.568,12.823,12.677,12.411,13.218,12.949,12.67,12.979,13.082,12.578,12.443,12.399,12.264,12.3,13.055,12.644,12.497,12.513,12.856,12.865,12.047,12.809,12.691,13.062,12.698,12.971,13.144,12.58,11.921,12.45,12.928,12.154,13.443,12.59,13.053,12.338,12.594,12.74,12.305,12.956,12.997,12.046
12.785,12.607,12.577,12.207,12.612,12.832,12.703,12.717,12.778,12.739,12.015,12.426,13.061,12.281,13.044,12.492,12.967,12.301,12.315,12.331,12.394,12.768,12.278,13.16,12.819,13.288,13.007,12.84,12.733,12.832,12.572,12.9,12.888,12.581,13.037,13.15,11.998,11.907,12.408,12.717,12.316,12.516,12.812,13.163,12.887,12.447,12.473,12.13,12.988,12.51,13.244,12.205,12.395,12.912,12.054,13.627,11.99,12.701,13.223,13.074,12.936,13.173,13.23,12.121,12.62,12.968,13.4,12.584,12.117,13.301,12.357,12.113,12.274,12.988,13.176,12.445,12.716,13.153,11.751,12.998,12.684,12.921,12.714,12.864,12.804,12.561,12.167,12.879,12.288,13.05,12.719,12.374,12.861,12.419,12.438,12.743,12.981,12.859,12.569,12.923
13.151,12.514,13.146,13.245,12.346,13.116,13.401,13.314,12.694,12.994,12.497,12.443,12.96,13.138,13.056,12.901,12.446,13.26,12.748,12.65,12.228,13.073,12.103,12.804,13.018,12.873,13.267,12.319,13.362,12.707,12.658,13.212,12.372,13.082,12.734,12.482,11.919,13.203,12.356,12.73,12.879,12.849,12.663,12.437,13.144,12.519,12.238,13.32,12.301,13.101,13.126,12.739,12.679,12.987,12.869,12.163,13.408,11.888,12.665,12.645,12.989,12.964,12.849,12.939,13.095,12.9,12.902,13.114,12.84,12.888,13.057,13.007,12.889,12.798,12.499,13.092,12.782,12.65,12.302,12.903,12.656,13.029,12.98,12.561,12.927,12.692,12.895,12.532,12.815,12.584,12.429,12.878,12.438,12.405,12.601,12.627,12.738,12.799,13.048,12.204
12.967,12.654,13.014,12.893,12.387,12.939,13.182,13.189,12.748,13.302,12.873,12.674,12.679,13.075,12.418,12.414,12.092,13.424,12.427,12.482,12.736,13.315,12.39,12.249,12.375,12.38,13.199,12.934,13.037,12.786,12.803,12.126,12.925,12.355,12.178,13.011,12.775,11.886,12.723,12.736,13.024,12.63,13.009,12.376,12.675,12.411,12.214,12.732,13.272,12.336,12.852,13.001,12.467,13.098,13.158,12.103,12.179,12.688,12.197,12.85,12.931,13.448,12.689,13.081,12.754,12.489,12.886,12.758,13.37,13.127,13.144,13.197,13.282,12.678,13.182,12.619,12.877,12.935,13.48,13.341,12.706,12.558,12.897,12.974,13.357,12.649,11.892,12.516,12.636,13.332,11.763,12.338,12.779,12.577,12.449,12.697,12.929,12.537,12.661,12.803
12.852,12.527,12.16,12.425,13.445,13.098,12.249,12.325,12.619,13.236,13.522,13.161,12.061,13.175,12.669,12.134,12.428,12.388,12.809,13.292,13.109,13.479,12.644,12.643,12.467,12.844,12.238,12.796,12.346,12.847,12.933,13.347,13.095,13.036,12.843,12.839,12.711,12.267,12.655,12.844,12.796,12.917,12.68,13.273,12.699,12.339,13.288,12.989,12.363,13.383,12.538,13.337,13.101,13.073,13.107,12.954,12.887,12.048,12.706,12.673,12.674,12.688,12.831,13.128,12.596,12.391,12.582,12.623,12.719,13.183,12.861,13.172,12.793,12.969,12.836,12.91,12.577,12.427,12.204,12.402,12.714,12.923,12.937,13.003,12.503,12.183,11.872,12.436,12.15,13.187,12.803,13.229,12.845,12.974,13.137,13.102,13.149,12.571,12.675,12.279
13.106,12.682,13.29,12.522,12.874,12.65,12.308,12.893,12.898,11.827,12.451,12.787,12.449,13.031,12.597,12.581,13.165,12.283,12.496,12.443,13.294,13.272,13.287,12.57,12.996,12.794,13.34,12.236,12.806,12.558,12.93,12.452,12.759,13.165,13.295,12.49,12.419,11.909,12.661,12.531,13.15,12.778,12.542,13.242,12.39,12.507,13.168,12.09,13.401,13.754,13.295,12.308,13.114,12.694,12.91,13.392,13.072,12.021,13.431,12.898,12.542,13.334,12.763,12.958,12.602,12.703,12.403,13.364,13.457,12.59,12.41,12.661,12.356,12.762,12.445,12.474,12.557,12.438,12.448,12.687,12.751,12.431,12.703,12.991,12.572,12.46,13.785,13.015,13.104,12.447,13.462,12.681,12.82,12.483,12.686,12.567,12.78,12.563,13.01,12.502
12.978,12.341,12.315,12.581,13.245,12.526,13.32,13.065,12.483,13.045,12.575,12.787,13.237,13.202,12.829,12.77,12.616,12.297,12.809,13.16,12.912,13.381,12.799,12.962,12.946,13.034,13.319,13.503,13.238,12.378,12.814,12.24,13.099,13.084,12.808,12.609,12.985,12.104,12.918,12.499,13.11,12.74,12.841,12.9,13.256,12.636,12.342,13.208,12.27,12.138,13.117,13.094,12.987,12.227,12.804,11.958,12.791,13.408,12.241,12.38,12.979,12.947,12.586,13.123,12.699,12.791,12.559,12.773,12.871,12.842,13.138,12.495,13.213,12.662,12.523,13.074,12.549,12.941,12.236,12.203,12.576,12.985,12.72,12.228,12.046,12.469,13.475,12.486,13.253,12.471,12.758,12.844,12.752,13.077,12.768,12.954,12.289,12.528,12.535,12.79
12.491,12.447,12.867,12.786,13.301,12.132,12.812,12.595,12.886,11.944,12.781,12.662,12.148,12.082,12.402,12.557,12.672,12.557,12.115,12.336,12.473,11.347,12.306,12.97,12.577,12.195,12.868,13.297,13.221,12.608,12.917,12.778,12.345,13.016,13.157,12.949,12.206,13.196,12.706,12.965,12.405,12.817,12.625,12.473,12.722,12.374,13.237,12.065,12.334,12.304,12.899,12.33,12.991,12.564,12.243,12.166,12.839,13.161,11.887,12.893,12.538,12.891,12.465,12.54,12.822,12.989,12.239,13.024,12.829,12.443,13.047,12.335,12.199,12.771,12.487,12.618,12.577,12.977,12.978,12.83,12.746,12.39,12.871,13.003,12.703,11.814,13.48,12.683,13.315,12.407,13.041,12.882,13.016,12.653,12.715,12.671,13.185,12.491,12.896,12.362
12.225,12.293,12.623,13.19,12.898,12.421,13.287,12.575,12.991,13.256,13.15,13.226,12.514,12.258,12.789,13.029,12.57,13.212,12.116,12.882,12.539,11.937,12.365,12.508,12.409,12.848,12.684,12.685,12.011,12.789,12.51,13.118,13.152,12.296,13.171,12.859,12.61,13.274,12.533,12.796,12.433,13.103,12.538,12.678,12.917,12.646,12.152,13.626,13.164,13.187,12.821,12.468,12.742,12.568,12.933,12.519,12.206,13.411,12.473,12.837,12.403,13.048,12.565,12.387,13.035,13.093,13.232,12.947,12.645,12.461,12.612,12.477,12.977,12.672,13.485,12.866,12.76,12.596,13.032,12.821,12.827,13.015,12.541,12.445,12.579,12.891,12.304,12.469,12.375,12.046,12.542,12.07,12.541,12.977,12.748,12.641,12.195,13.34,12.862,13.193
12.264,12.806,13.426,12.45,12.754,12.272,12.214,12.615,12.967,12,12.859,12.684,12.207,12.661,12.485,12.421,12.914,12.329,13.086,12.122,12.238,12.742,12.908,13.057,12.849,12.816,12.19,12.219,12.278,12.631,12.607,12.987,12.699,12.931,12.432,12.584,12.783,12.833,12.695,12.911,12.509,12.816,12.686,12.496,13.163,12.585,12.938,12.113,13.116,11.693,12.561,12.409,12.572,12.464,12.678,12.343,12.492,12.753,12.506,12.607,12.816,12.447,13.058,12.604,12.647,12.95,12.096,12.736,12.653,13.012,12.263,13.159,12.389,12.701,12.152,12.755,12.616,12.458,12.191,12.662,12.761,12.463,12.921,12.641,12.408,12.026,13.362,12.908,13.334,12.884,14.166,12.373,12.392,12.495,12.697,12.789,12.316,12.777,12.913,13.505
13.252,13.137,12.662,12.374,12.587,12.375,13.25,12.412,12.607,13.288,13.218,13.053,13.127,12.569,12.706,12.49,12.408,12.477,13.014,13.214,12.783,12.858,12.236,12.84,13.174,12.883,13.197,13.232,13.187,12.779,12.927,12.527,13.348,12.212,13.142,12.417,13.52,12.489,12.918,12.702,12.441,12.543,13.066,12.187,13.19,12.696,12.5,12.774,12.885,12.607,12.902,12.928,13.011,12.255,13.099,12.445,12.194,13.293,13.185,12.724,12.449,13.459,12.935,12.499,12.57,13.123,12.172,12.946,12.848,13.228,12.536,12.639,12.897,12.698,12.145,12.277,13.087,13.144,12.67,12.719,12.753,12.628,12.564,12.861,12.988,13.271,12.53,12.925,13.29,13.325,12.271,12.741,12.339,13.104,12.81,12.931,13.033,12.644,12.524,13.14
12.222,12.798,13.168,12.782,12.135,12.959,13.088,12.766,12.51,13.486,13.297,13.106,13.528,12.892,12.746,12.822,12.799,12.351,12.875,13.084,12.761,13.754,13.073,12.552,12.53,12.336,13.315,12.355,12.814,12.617,12.903,12.29,12.362,13.272,12.897,12.875,13.246,13.325,12.777,12.431,12.996,13.056,13.034,13.128,12.294,12.674,13.134,12.737,13.198,13.384,12.372,13.099,12.771,13.348,13.122,12.25,12.094,12.177,13.627,12.534,12.629,13.036,12.581,13.027,12.624,12.468,13.151,12.977,13.067,13.042,12.893,13.126,12.668,12.861,13.304,13.013,12.704,12.915,12.855,13.094,12.66,13.011,12.602,12.672,12.272,11.974,12.762,13.123,12.8,13.37,12.647,12.478,13.112,13.057,12.677,13.016,13.271,12.672,12.636,13.357
12.682,12.707,13.624,12.548,13.137,12.308,12.369,12.882,12.683,12.932,13.117,12.719,12.203,12.772,12.402,12.496,13.207,12.065,12.714,12.368,12.36,12.212,12.192,12.556,12.466,12.288,12.213,13.272,12.821,12.765,12.739,12.613,12.44,12.982,13.065,12.596,12.98,12.741,12.564,12.594,12.621,12.699,13.182,12.83,13.349,12.822,12.049,12.443,12.969,12.824,12.245,12.419,12.652,12.318,12.018,13.314,12.994,13.13,13.112,12.843,12.454,12.681,12.8,13.012,12.72,13.095,13.352,12.6,12.923,12.369,12.201,13.175,13.189,12.798,12.91,13.254,12.548,12.505,11.974,12.553,12.688,12.418,12.715,12.805,13.221,13.574,13.317,12.784,13.065,12.199,11.911,12.543,12.618,13.015,12.794,12.693,12.389,12.788,12.405,12.297
12.297,12.735,12.191,12.973,12.551,13.064,12.679,12.993,12.942,11.814,12.503,12.682,12.805,12.315,12.793,13.016,12.642,13.427,12.026,13.094,12.17,12.359,12.387,12.449,12.514,12.678,13.246,12.272,12.599,12.662,12.998,13.025,13.199,13.406,12.282,13.011,12.397,12.618,12.754,13.064,12.93,12.671,12.982,13.098,13.247,12.781,13.293,12.515,12.604,13.969,12.752,12.903,12.547,12.114,12.771,12.089,12.546,11.805,13.55,12.467,12.453,13.259,12.593,12.58,12.548,13.062,12.316,12.553,13.086,12.647,13.201,13.299,12.701,12.831,12.51,13.185,12.319,13.143,13.206,12.86,12.707,12.562,12.367,12.494,13.494,12.727,12.508,12.544,11.953,12.195,12.181,12.942,12.577,12.504,12.828,12.748,12.371,12.484,12.488,13.393
12.129,12.407,13.088,13.101,13.203,12.108,12.675,12.23,12.778,12.195,12.887,12.778,13.157,13.167,13.08,13.006,12.697,13.308,12.381,12.34,12.521,11.772,12.963,13.05,12.382,12.981,13.239,12.692,12.684,12.681,12.668,12.854,12.402,12.843,13.129,12.43,12.401,12.125,12.74,12.126,12.978,12.99,12.625,12.52,12.278,12.591,12.873,13.001,12.285,13.206,12.716,13.344,13.039,12.042,12.07,13.662,12.46,12.532,12.48,12.56,13.045,12.641,13.182,12.818,12.85,12.427,12.61,12.215,12.884,12.637,12.296,13.183,13.035,12.805,12.309,12.356,12.956,12.886,12.981,13.014,12.657,12.51,12.746,12.566,12.171,12.659,13.475,12.365,12.488,12.309,13.568,12.933,12.642,13.069,12.739,12.736,12.879,13.015,13.152,13.282
13.076,12.133,13.234,12.679,13.496,12.872,12.222,12.488,12.596,12.232,12.593,12.426,12.171,12.316,12.275,12.832,12.95,12.943,12.453,12.559,12.403,13.382,12.503,12.608,13.052,12.441,12.552,13.08,13.111,12.771,12.757,12.275,12.843,13.047,13.208,12.937,13.094,13.097,12.745,12.725,12.599,12.673,12.835,12.74,12.224,12.868,13.193,12.306,12.268,12,12.366,12.989,12.657,12.561,13.083,11.87,12.491,12.975,12.288,12.841,12.77,12.19,12.49,12.598,12.587,12.357,12.34,12.066,13.059,12.904,12.543,12.705,12.344,12.751,12.148,12.43,12.998,12.441,13.039,12.776,12.659,12.788,12.815,12.998,12.713,11.898,11.852,12.92,13.232,12.984,11.721,12.425,12.433,13.004,12.71,12.839,13.254,12.782,12.466,13.143
12.217,12.526,12.234,13.104,12.75,12.27,12.869,12.446,12.545,13.398,12.341,12.841,12.48,12.847,12.42,12.866,12.582,13.64,13.169,12.751,12.394,14.009,12.372,12.897,12.463,13.027,12.528,12.919,12.8,12.773,12.754,13.277,12.627,13.291,12.188,12.406,12.423,12.524,12.555,12.52,12.405,12.692,13.06,12.544,12.255,12.746,12.191,13.407,12.945,13.127,12.779,12.536,12.642,12.638,13.412,13.541,12.092,12.257,13.551,12.531,12.729,11.996,12.012,12.491,12.366,12.244,12.604,12.832,12.774,12.712,12.799,12.743,13.25,12.804,12.575,12.354,13.126,12.62,12.256,13.223,12.636,12.735,12.968,12.807,13.474,13.227,12.176,12.398,13.534,13.215,11.99,12.725,12.848,13.016,12.57,12.552,13.056,12.753,12.434,13.177
12.637,12.716,13.4,12.685,13.018,12.425,12.873,12.98,12.416,11.862,13.388,12.491,12.292,12.633,13.006,12.972,13.111,13.437,12.18,12.584,12.943,12.592,12.674,12.455,12.931,12.052,12.831,12.16,12.057,12.639,12.879,12.306,12.475,13.077,13.021,12.742,13.233,12.52,12.971,12.955,12.987,12.55,12.932,13.083,12.337,12.533,12.324,13.643,13.223,12.453,12.905,12.391,12.59,12.365,12.951,11.855,12.803,12.867,12.649,12.684,12.635,13.575,12.431,12.959,12.622,13.073,12.357,12.837,12.33,12.855,12.813,12.353,12.279,12.793,12.556,12.795,12.504,12.777,12.982,12.445,12.804,12.913,12.588,12.901,12.261,12.243,13.656,12.845,12.363,12.161,13.121,12.609,12.488,12.821,12.884,12.762,12.548,12.76,13.199,12.958
12.137,13.117,13.117,12.354,13.49,13.261,13.168,12.51,12.626,13.363,12.624,13.16,12.772,12.72,12.993,12.819,12.972,13.381,12.437,12.723,12.502,13.393,13.115,13.186,12.735,12.865,12.34,12.077,12.538,12.595,12.476,12.573,12.266,12.784,12.355,12.936,12.752,13.326,12.381,12.849,13.153,12.894,12.784,13.013,12.289,12.418,12.948,12.532,12.58,11.967,12.24,12.482,13.009,12.127,12.243,12.379,13.276,13.366,12.4,13.023,12.976,12.468,12.864,12.851,12.64,13.18,12.352,13.684,12.689,13.179,13.123,13.406,13.052,12.805,13.109,12.632,12.724,12.224,12.504,12.491,12.554,12.394,13.304,12.399,12.082,11.763,13.36,12.99,13.01,12.362,12.138,12.597,12.886,12.97,12.923,12.85,12.765,12.455,13.27,12.551
12.18,12.465,12.24,12.32,12.643,12.598,12.701,12.542,12.563,13.105,12.28,13.364,12.506,13.071,12.621,12.338,12.08,13.164,13.268,13.025,12.799,12.36,12.628,13.074,12.785,12.701,13.359,12.181,12.757,12.727,12.636,12.97,12.247,12.957,13.018,12.512,12.618,12.5,12.68,12.583,12.39,12.505,13,12.303,12.359,13.072,13.422,11.76,12.079,13.356,13.369,12.972,12.721,13.233,12.16,12.08,13.353,13.002,12.355,12.564,12.596,12.278,12.884,12.772,12.483,12.524,12.364,12.746,12.801,13.04,12.916,12.495,12.719,13.068,12.511,12.865,13.096,12.675,13.439,12.816,12.617,12.67,13.078,12.504,12.031,13.02,11.858,12.769,12.275,12.786,13.109,12.65,12.454,12.63,12.532,12.708,12.999,12.686,12.327,13.06
13.012,12.52,12.419,12.466,12.847,13.271,13.283,12.584,12.999,12.098,13.005,12.081,13.042,12.406,12.86,12.967,12.083,13.608,12.944,12.556,13.533,13.078,13.068,12.837,12.699,12.701,12.414,13.335,12.466,12.575,12.813,12.956,13.292,12.913,13.357,12.785,13.029,12.926,13.124,12.396,12.446,12.553,13.168,12.687,13.21,12.574,12.901,13.393,12.885,12.333,12.707,12.455,12.876,13.295,12.762,12.337,13.189,13.201,11.97,12.766,12.884,11.686,13.18,12.784,12.757,12.418,13.279,12.388,12.492,13.157,13.068,12.52,12.531,13.125,13.624,12.452,12.977,13.258,12.887,12.615,12.755,12.843,12.835,12.4,13.221,12.47,11.854,12.943,13.189,12.395,12.218,13.045,12.441,12.571,12.899,12.968,12.671,12.552,12.884,12.948
12.195,12.425,12.196,13.472,13.254,13.25,13.062,12.464,12.454,12.622,13.16,13.081,12.134,13.133,12.638,12.311,13.211,12.4,12.317,12.789,13.363,12.671,12.956,12.902,12.662,12.644,12.528,12.505,12.795,12.637,12.639,12.584,12.778,12.627,13.303,12.665,12.634,13.806,13.333,12.566,12.68,12.717,12.935,12.696,13.206,13.155,12.867,13.184,13.039,12.207,12.856,12.621,12.397,12.59,12.813,13.566,12.546,13.535,12.88,12.768,12.58,13.372,12.968,12.545,12.566,12.506,13.021,12.539,12.633,12.502,13.074,13.338,13.052,12.655,12.309,12.432,12.42,12.386,13.45,12.823,12.647,12.393,12.566,12.453,13.198,12.824,13.654,12.856,12.515,12.164,12.227,12.417,12.532,12.52,12.764,12.959,12.898,12.802,12.975,12.922
13.271,12.417,12.068,12.288,12.877,13.038,12.183,13.028,12.578,12.639,13.369,13.235,12.212,12.787,13.053,12.252,13.134,12.9,13.131,12.573,12.313,12.681,12.795,12.316,12.592,12.975,12.208,13.247,13.317,12.725,12.824,12.464,12.86,13.076,12.649,13.005,12.75,12.835,12.121,12.712,12.392,13.037,13.657,12.687,13.071,12.931,12.646,12.358,13.098,12.431,12.944,12.987,12.366,12.592,13.44,13.043,12.346,12.176,13.196,12.659,12.529,12.363,12.514,12.199,12.69,13.153,12.648,12.894,12.669,12.892,12.84,13.384,12.975,12.868,13.101,12.537,13.178,12.961,12.871,12.828,12.789,12.933,13.268,12.386,13.244,13.05,13.539,12.954,13.484,12.32,12.477,12.623,12.498,13.042,12.612,12.202,13.203,12.911,12.797,12.618
12.246,13.003,12.179,13.432,13.318,12.222,12.207,12.598,12.886,11.99,13.223,12.528,13.364,12.917,12.651,13.075,12.57,12.942,12.377,12.595,12.515,12.09,12.79,12.512,12.892,13.056,12.66,12.512,12.983,12.443,12.848,12.382,12.476,12.544,12.631,12.489,12.496,12.686,13.033,12.72,12.954,12.873,13.417,13.062,13.031,13.023,13.263,12.558,12.46,11.868,12.417,12.58,13.071,13.194,12.926,12.638,12.929,13.325,11.969,12.757,12.947,13.135,12.642,12.62,12.527,12.673,12.543,12.765,13.049,12.513,13.102,12.58,13.35,12.703,11.822,12.778,12.792,12.079,12.516,12.737,12.797,12.753,12.423,12.397,12.215,12.318,12.125,12.824,13.008,12.527,12.565,12.626,13.129,12.465,12.758,12.854,12.81,12.926,13.05,12.628
12.122,12.593,13.096,12.61,13.408,13.061,12.258,12.814,12.92,13.648,12.735,13.115,12.003,12.554,12.541,12.904,13.405,12.963,12.226,13.02,12.69,11.811,12.226,13.239,12.542,12.778,12.076,13.381,12.339,12.846,12.547,13.333,13.105,12.336,13.172,12.664,12.248,12.827,13.105,12.724,12.272,12.592,11.884,12.814,12.766,12.429,12.182,11.474,12.585,12.559,12.685,12.966,12.917,12.564,12.141,12.299,12.811,12.988,13.072,12.885,12.906,12.23,11.893,13.189,12.772,12.679,12.594,12.575,12.969,12.71,13.042,11.993,13.16,12.495,13.482,12.722,12.538,12.228,13.258,12.803,12.79,12.979,12.458,13.167,13.182,12.426,13.587,12.438,12.464,13.099,13.188,12.418,12.552,12.414,12.904,13.128,12.299,12.801,12.947,12.37
13.005,12.953,13.235,13.453,12.176,12.441,13.238,13.129,12.94,12.609,12.74,13.115,12.101,13.132,12.564,12.837,13.05,13.155,12.973,12.831,12.862,12.831,12.828,13.025,12.931,12.625,13.454,12.423,12.067,12.811,12.618,12.343,13.004,12.394,13.314,12.557,12.296,13.121,12.38,12.556,12.714,12.7,12.746,13.053,12.899,12.852,12.16,13.17,12.346,13.194,12.574,12.788,12.449,13.16,13.015,13.328,12.27,13.245,11.717,12.258,12.487,12.47,12.113,12.604,12.723,12.822,12.936,12.541,12.858,12.6,12.886,12.797,12.35,12.865,12.807,12.649,12.994,12.407,13.078,12.763,12.802,12.837,12.122,12.379,12.5,13.46,13.551,12.729,12.341,13.065,13.389,12.686,12.272,13.071,13.014,12.855,13.149,12.735,12.615,12.829
12.3,12.782,12.173,12.575,13.547,12.282,12.254,12.337,12.992,12.642,12.797,13.089,12.293,13.069,12.945,12.325,13.138,13.133,13.147,12.698,13.008,13.095,12.699,13.166,13.054,12.757,12.11,12.814,13.029,12.832,12.747,12.746,12.949,12.467,13.559,12.483,12.129,13.025,12.437,12.86,12.354,12.716,12.487,12.399,12.13,12.997,13.16,13.136,13.238,12.728,12.684,12.918,12.325,12.906,13.066,13.283,13.103,12.558,12.076,12.761,12.607,13.326,12.375,13.049,12.634,12.745,12.168,12.809,12.725,13.105,13.071,13.256,12.113,12.818,12.91,12.78,12.738,12.511,12.286,12.448,12.745,12.38,12.825,13.087,12.172,11.74,13.307,12.717,13.219,13.58,13.175,13.066,12.906,12.874,12.89,12.793,12.735,12.608,13.114,12.563
12.502,12.989,12.569,13.005,12.402,12.71,12.989,12.718,12.419,13.354,12.224,12.39,12.002,12.643,12.696,12.515,12.649,13.367,12.606,12.774,13.175,12.965,13.079,12.449,12.675,12.831,12.933,12.319,12.934,12.76,12.461,12.81,13.112,13.089,13.056,13.068,13.358,12.835,12.223,12.718,12.536,12.407,12.559,13.242,13.062,12.716,13.087,13.469,13.051,11.91,12.895,13.082,12.985,13.135,13.292,12.685,13.104,13.09,11.846,12.869,12.827,12.323,13.406,12.581,12.529,13.274,12.9,13.275,12.578,12.632,12.73,13.012,12.328,12.358,12.437,12.841,13.092,12.483,13.258,13.005,12.738,12.748,12.674,12.478,13.402,12.728,13.398,12.916,12.938,12.51,14.276,12.403,13.004,12.912,12.868,12.601,12.56,12.778,12.534,12.708
12.049,12.954,13.097,13.305,13.083,12.817,13.23,12.671,12.507,11.503,13.188,12.532,12.997,12.478,12.603,12.856,12.819,12.682,12.398,12.97,12.586,13.61,12.396,13.327,12.989,12.908,13.115,13.315,12.524,12.607,13.001,13.173,12.945,13.103,12.828,13.025,13.159,12.567,12.552,12.902,12.91,12.862,12.996,12.953,12.528,12.595,13.312,11.938,13.077,13.266,13.012,12.64,12.512,13.055,12.999,12.676,12.604,12.334,12.441,12.329,12.419,12.862,12.512,12.529,12.339,12.651,12.172,12.957,13.038,13.052,13.069,12.796,12.67,12.451,12.134,12.544,12.794,12.808,13.214,12.952,12.818,13.087,12.597,12.347,13,12.649,12.874,13.043,12.497,13.328,13.141,12.551,12.635,12.897,12.791,13.109,12.816,12.649,12.505,12.586
13.175,12.486,12.869,12.766,13.651,13.157,12.813,12.466,12.581,13.403,13.181,13.134,12.267,12.377,12.576,12.573,12.702,12.054,13.465,12.81,12.542,13.675,12.338,12.731,12.515,12.93,12.466,13.439,13.21,13.083,12.846,13.494,12.416,12.814,12.961,12.961,12.199,12.363,12.908,12.984,13.179,12.574,12.203,13.118,12.263,12.825,13.169,13.683,13.032,12.013,13.1,12.894,12.326,12.775,13.54,13.528,12.97,12.311,13.517,12.334,12.646,13.244,12.455,13.186,12.782,13.29,12.399,12.348,12.921,12.936,12.965,13.385,12.717,12.475,12.645,12.857,12.63,12.58,12.276,12.771,12.647,12.99,13.17,13.029,12.539,12.235,11.973,12.409,12.883,12.324,11.951,12.69,12.444,12.6,12.408,12.481,12.449,12.949,12.625,12.927
12.019,13.162,12.649,12.62,12.419,12.893,12.16,12.868,12.486,13.729,12.635,13.223,12.92,12.18,12.394,12.436,12.375,13.329,12.13,12.663,12.56,13.047,13.08,12.549,12.582,12.996,13.526,12.3,13.371,13.059,12.77,13.208,13.26,13.07,12.531,12.886,12.458,12.3,12.204,12.803,12.952,12.594,12.629,12.691,12.317,12.921,12.396,12.019,12.739,11.842,12.712,12.958,12.609,12.354,13.03,13.25,12.294,12.681,13.144,12.711,12.488,12.681,12.604,12.926,12.843,12.617,13.213,12.822,13.074,13.108,12.464,12.929,13.07,13.086,12.763,12.883,12.329,12.994,12.43,12.548,12.692,12.893,12.438,12.738,13.348,11.939,13.512,12.919,12.409,12.15,13.328,12.953,12.472,13.005,13.131,12.759,12.876,13.075,12.976,12.928
12.099,12.656,12.369,12.947,12.383,12.563,12.182,12.729,12.378,12.679,13.127,12.208,12.481,12.582,13.021,12.954,13.097,12.578,12.509,12.663,12.932,13.408,12.479,13.272,12.766,12.41,12.373,13.137,12.896,12.716,13.215,12.787,12.94,13.015,12.942,12.517,11.901,12.178,12.686,12.854,12.442,12.686,12.917,13.117,12.341,12.67,12.306,11.802,12.415,13.347,12.965,12.895,12.85,12.921,12.261,12.811,13.092,12.539,11.552,12.768,13.075,12.242,13.148,12.949,13.195,12.336,12.819,12.514,12.327,13.209,12.575,13.026,12.671,13.362,12.48,13.084,12.591,12.876,12.249,12.857,12.797,12.625,12.237,12.248,12.848,12.545,12.746,12.55,12.292,12.368,12.536,12.877,13.142,13.043,12.517,12.736,12.747,12.628,13.144,12.679
13.164,12.579,11.958,12.278,12.133,12.851,12.832,13.212,12.385,13.232,12.381,13.306,13.015,12.995,12.679,12.392,12.383,13.152,13.474,12.651,12.857,11.698,12.744,12.87,12.891,12.844,12.625,13.204,12.598,12.691,12.53,13.377,13.255,12.47,12.441,12.416,12.162,13.025,13.135,12.732,12.457,12.429,12.093,12.316,12.116,12.448,12.968,12.908,12.585,12.769,12.534,12.725,12.949,12.444,12.324,12.756,12.393,12.261,12.303,12.556,12.486,12.398,12.369,13.139,13.313,13.162,12.675,12.953,12.959,12.438,12.478,12.211,13.314,12.895,12.356,12.297,12.471,12.852,12.081,12.822,12.758,12.895,12.935,12.347,13.461,12.456,12.171,12.925,12.589,12.518,13.211,12.5,12.341,12.894,12.815,12.44,13.046,12.982,12.496,12.332
12.769,12.981,12.752,13.565,12.437,12.82,12.454,12.877,13.076,11.686,13.182,13.128,13.024,12.376,12.573,12.557,12.648,12.082,12.361,12.655,12.957,13.334,13.088,12.585,12.565,12.993,13.035,12.804,12.552,12.58,12.302,12.558,12.771,13.114,13.028,12.551,12.711,13.287,13.183,12.724,12.834,12.668,12.408,12.827,12.155,13.014,12.526,12.429,12.735,13.233,13.03,12.986,12.542,12.583,12.365,12.902,13.049,12.07,13.249,12.699,12.458,13.023,12.729,13.059,13.162,12.422,12.628,12.765,12.736,12.567,12.846,12.732,13.268,13.054,12.359,12.529,12.932,12.975,12.717,12.75,12.936,12.488,13.321,12.498,12.221,12.186,13.562,12.662,12.483,13.572,13.313,12.758,12.917,12.701,12.551,13.029,12.532,12.799,12.913,13.036
12.72,12.839,13.383,12.979,12.687,13.3,13.236,13.075,12.882,12.004,12.92,12.324,12.603,12.307,12.726,13.178,12.439,12.467,11.945,12.929,13.56,13.297,12.755,12.434,12.865,12.553,13.363,12.157,12.804,12.447,12.917,12.819,12.512,12.984,12.472,12.941,12.413,12.465,12.326,12.875,13.266,12.484,12.114,12.834,12.241,12.705,12.243,12.729,12.601,12.373,12.586,12.695,12.859,12.921,12.785,13.522,12.331,13.619,12.059,12.843,13.048,11.875,11.881,12.939,12.716,12.317,13.067,12.508,12.608,12.525,12.701,12.499,12.6,12.631,12.542,12.778,12.877,12.689,13.249,12.513,12.87,12.975,12.304,13.135,12.34,12.51,13.217,12.802,12.277,12.963,13.679,12.69,13.18,12.711,12.891,12.785,12.547,12.609,12.586,13.222
12.935,12.804,13.106,12.773,13.487,12.13,13.365,12.992,12.37,12.345,13.072,12.957,12.792,12.38,12.417,12.459,12.817,13.146,12.974,12.652,12.279,13.497,12.98,13.017,12.461,12.689,12.451,13.179,12.963,12.499,13.031,13.078,12.435,12.475,11.926,12.924,13.481,12.543,12.401,12.475,13.096,12.577,12.796,12.714,13.186,12.996,12.204,12.878,12.93,13.15,12.829,12.369,12.906,12.589,13.018,12.991,12.841,12.052,12.121,12.649,12.56,12.371,13.132,12.85,12.944,12.294,12.503,12.859,13.046,13.014,12.844,12.722,13.359,12.814,12.635,12.953,12.37,12.905,12.757,12.324,12.752,12.699,12.726,12.831,13.505,12.157,12.228,12.827,13.342,11.918,12.707,12.658,12.557,12.607,12.502,12.302,12.369,12.927,13.011,13.099
12.538,12.442,12.715,12.433,13.349,12.724,12.452,12.531,12.859,11.609,13.289,13.299,12.854,13.029,12.513,12.66,13.264,13.512,12.586,12.824,13.119,13.476,12.971,12.508,12.829,13.13,12.256,12.89,12.83,12.671,12.807,12.305,12.736,12.723,12.572,12.642,12.546,12.263,12.346,12.73,13.148,12.782,12.429,12.512,12.902,12.661,13.374,13.042,12.911,12.664,12.413,13.186,12.5,13.494,13.112,13.704,12.66,11.996,12.239,12.852,12.806,13.043,13.235,12.24,12.368,13.005,12.264,12.813,12.705,12.51,12.819,12.418,13.177,12.895,12.463,12.823,12.681,12.333,12.458,12.579,13.028,12.773,12.285,12.546,12.31,11.868,13.051,12.862,12.388,13.074,12.473,12.809,12.331,12.902,12.92,12.969,12.431,12.641,13.034,12.707
12.203,12.427,13.363,13.12,12.859,12.984,12.194,12.707,12.79,12.313,12.733,13.048,13.139,12.764,12.924,13.173,12.173,12.151,12.466,12.547,12.922,13.066,13.276,13.24,12.897,12.36,12.984,12.837,12.912,12.768,13.2,12.377,12.315,12.712,12.803,12.86,12.207,12.963,12.206,12.857,13.275,12.569,12.794,13.198,12.04,12.378,13.383,12.085,12.576,12.899,12.965,12.567,12.979,13.222,12.431,13.28,12.503,12.262,13.366,12.86,12.447,12.483,13.414,12.607,13.086,12.462,12.244,12.901,12.736,12.549,12.889,12.828,12.469,13.142,12.936,13.004,12.58,12.931,13.079,13.093,12.816,12.468,12.901,12.985,13.162,13.085,12.197,12.715,12.418,13.378,11.842,12.777,12.541,12.611,12.842,12.986,13.176,12.786,13.129,12.76
13.049,12.867,12.316,12.261,12.326,12.9,12.917,12.929,12.38,12.328,13.109,12.967,12.654,12.315,13.019,12.557,12.568,12.505,12.339,12.695,13.083,13.131,13.184,13.322,12.636,13.091,13.439,12.299,12.734,12.191,13.205,12.295,12.97,12.481,13.015,12.592,13.397,12.706,12.391,12.838,12.53,13.191,12.74,12.955,13.155,12.461,12.146,12.713,12.966,12.501,13.126,12.903,12.411,12.24,12.657,13.234,12.634,12.291,12.812,12.2,12.461,12.303,12.265,13.194,12.747,12.478,12.946,12.421,12.68,12.41,12.806,12.169,12.238,12.281,12.839,12.362,12.894,13.04,13.168,12.789,12.759,12.398,12.652,12.421,13.454,12.429,12.214,13.032,12.215,12.351,13.314,12.492,12.405,12.844,12.763,12.806,12.357,12.699,13.026,12.945
12.522,13.047,12.081,12.835,11.989,12.385,12.327,12.962,13.23,12.015,12.703,13.297,13.178,12.946,12.365,12.547,12.66,12.452,11.964,12.788,12.649,12.919,12.419,12.713,12.644,13.138,12.057,12.189,12.53,12.798,13.204,12.743,13.307,12.472,12.524,12.756,12.053,13.101,13.273,12.469,13.381,12.781,13.131,12.929,12.9,13.094,13.141,13.265,12.913,13.144,12.713,12.499,12.484,12.334,13.188,11.833,12.633,13.26,12.248,12.499,12.483,13.152,13.726,12.229,12.569,12.657,13.133,12.771,12.835,12.884,12.674,12.799,12.143,12.886,12.494,12.614,12.451,12.741,12.869,12.732,12.898,12.954,12.934,12.37,12.222,13.126,13.521,12.964,13.223,12.828,13.038,12.618,13.193,12.793,12.635,12.442,12.831,12.986,12.585,12.604
13.245,12.956,12.625,13.059,12.247,12.596,12.992,12.95,12.771,12.583,13.069,12.758,12.478,12.776,12.586,13.066,12.802,12.555,12.644,12.67,12.531,13.098,12.305,12.366,12.602,12.584,12.724,13.332,11.481,12.989,12.807,12.49,13.24,12.942,13.207,12.98,13.164,12.334,12.228,12.641,13.113,13.052,12.979,12.594,12.245,12.725,12.567,13.17,12.582,12.131,12.963,12.81,12.784,13.176,12.861,11.68,13.16,12.172,11.998,12.563,12.457,13.104,12.31,12.638,12.709,13.067,12.242,12.628,12.972,12.734,12.584,12.393,12.886,13.114,12.652,12.863,12.549,12.499,12.912,12.45,12.627,12.521,12.619,12.521,13.244,13.544,12.876,12.495,13.355,12.599,13.572,12.623,13.315,12.871,12.535,12.552,12.567,12.84,12.784,12.756
12.328,12.953,13.124,13.027,13.18,13.138,12.282,13.037,12.88,13.097,12.365,13.153,13.006,12.332,12.414,12.69,13.25,13.057,12.827,12.75,12.877,12.963,12.23,12.362,12.492,12.624,12.756,13.253,12.865,12.603,12.111,12.581,12.225,12.402,12.132,12.648,13.384,12.498,12.358,12.871,12.451,12.485,12.716,12.825,12.245,13.046,13.276,13.246,12.764,12.777,12.226,12.766,13.111,13.29,11.241,12.397,12.46,11.825,13.035,12.643,13.016,13.277,13.356,12.532,12.668,12.327,12.497,12.463,12.83,12.341,12.493,12.7,12.462,13.031,12.975,12.876,12.688,12.779,12.33,12.934,12.895,12.941,13.08,12.92,12.578,13.211,12.309,12.631,12.96,12.745,12.35,12.97,12.618,12.504,12.789,12.662,12.587,12.616,12.692,12.213
13.224,12.876,12.371,13.064,12.08,13.207,12.66,12.793,12.349,13.101,12.238,12.224,12.522,12.686,12.583,13.014,13.167,12.303,13.03,12.774,12.061,12.441,12.343,13.22,12.532,13.005,13.144,12.321,13.543,13.116,12.233,13.191,13.207,12.881,13.033,12.226,12.605,12.164,12.524,12.8,12.635,13.089,12.932,13.311,13.026,12.474,13.134,12.366,13.122,13.325,12.66,12.58,12.365,12.744,13.765,12.397,12.335,12.218,12.054,12.498,12.662,12.511,12.351,12.741,13.115,13.223,12.438,12.605,12.745,13.066,12.464,13.722,12.899,12.934,12.602,12.5,13.007,12.915,13.27,12.556,12.8,12.581,12.963,12.959,11.966,13.199,11.994,12.705,12.191,12.038,11.953,12.84,12.316,12.754,12.738,12.907,12.458,13.142,12.468,12.428
13.111,12.574,12.724,12.961,13.518,12.454,12.439,13.05,12.973,12.619,12.523,13.054,13.331,12.959,12.608,12.963,12.461,12.491,12.604,12.706,13.375,12.538,12.928,13.198,12.865,13.182,11.972,12.407,11.535,12.888,12.323,13.108,12.99,12.982,12.589,13.026,13.231,13.341,12.755,12.554,12.98,12.59,12.476,12.958,12.944,12.937,12.211,12.205,12.806,12.674,12.567,13.092,12.671,13.563,13.309,13.713,13.186,13.399,12.795,12.897,12.63,12.404,12.178,13.119,12.655,12.23,12.382,12.631,12.598,12.796,12.895,11.907,12.956,13.016,12.911,12.425,12.454,12.389,12.836,12.736,12.815,12.75,13.091,12.507,13.279,13.7,12.568,12.608,13.405,12.38,12.103,12.992,12.584,12.67,12.706,12.919,12.249,13.138,12.596,12.574
12.248,12.954,12.467,13.001,12.211,12.367,12.176,12.649,13,13.515,12.957,12.28,12.041,12.468,12.791,12.618,12.325,12.472,13.446,12.953,13.25,12.762,12.375,13.339,12.799,12.657,13.362,13.206,13.846,12.561,13.109,13.059,12.717,12.755,12.464,12.788,13.046,13.106,12.87,12.764,13.361,12.753,13.445,12.732,13.039,12.78,12.266,12.907,13.037,12.694,12.843,13.182,12.2,12.311,11.591,13.22,12.289,12.331,12.767,12.572,12.407,12.241,12.609,12.329,13.071,13.156,12.886,12.638,12.692,12.826,12.753,11.404,13.475,12.908,12.934,13.048,12.541,12.611,13.244,12.861,12.687,12.603,12.209,12.799,13.613,11.988,12.938,12.927,13.35,13.316,12.336,12.61,12.936,12.476,12.918,12.386,12.188,12.632,12.677,12.959
13.008,12.912,12.262,12.329,12.999,13.177,12.562,12.712,12.904,13.558,12.435,12.942,12.34,12.292,13.113,12.709,12.235,11.767,12.233,12.541,12.597,12.788,12.757,13.093,12.831,12.625,12.354,12.523,12.794,12.545,13.002,12.821,12.928,13.154,13.175,12.363,12.387,13.231,12.722,12.495,12.787,12.499,12.147,12.215,13.095,12.995,12.172,13.391,12.771,12.636,12.478,12.448,12.174,13.272,12.666,13.159,12.858,12.815,13.065,12.881,12.974,12.097,13.306,12.762,12.36,12.962,13.24,12.445,12.797,12.586,12.679,12.677,13.318,12.473,13.013,12.469,13.13,13.235,13.152,13.141,12.765,12.978,12.597,12.311,13.207,13.3,13.59,12.551,12.968,13.502,13.143,12.653,12.412,12.817,12.65,13.064,12.055,12.43,12.855,13.102
12.547,12.821,12.078,12.699,13.421,12.939,12.536,12.645,13.096,12.309,12.256,13.125,13.456,12.668,12.759,12.991,12.202,12.417,12.192,12.657,12.314,12.167,12.309,12.373,12.798,12.842,12.021,12.306,13.217,12.741,13.242,12.466,13.134,12.831,12.542,12.84,12.452,12.997,12.014,13.197,12.662,12.855,12.099,12.736,12.156,12.392,12.144,13.232,12.918,13.293,12.601,12.997,13.107,12.573,11.297,11.962,11.883,12.067,11.707,13.053,12.543,13.507,12.089,12.525,12.792,12.361,13.288,12.488,12.728,13.188,12.628,13.342,12.99,12.659,12.336,13.098,13.134,12.862,13.314,12.446,12.851,13.144,12.515,12.896,12.744,12.69,13.02,12.904,13.123,12.469,13.496,12.761,12.46,13.119,12.605,13.159,13.083,12.504,12.662,12.484
12.547,12.851,12.721,12.202,12.743,13.171,12.567,12.476,12.533,13.576,12.846,12.536,13.611,12.49,13.068,13.013,13.237,12.733,13.428,12.647,12.447,12.54,12.254,13.182,12.898,13.464,12.762,12.215,12.832,12.65,12.006,12.786,13.217,12.542,12.763,12.935,13.134,12.229,12.567,12.797,12.765,12.783,12.566,12.687,12.289,12.88,13.078,12.478,12.913,12.188,12.749,13.119,12.423,12.953,12.813,12.697,12.65,13.148,12.889,12.665,12.401,12.98,12.222,12.928,12.413,13.178,13.332,12.866,12.532,12.358,12.813,12.546,12.998,12.732,13.048,12.434,12.534,12.955,12.469,12.951,12.851,12.99,12.411,12.748,12.149,13.634,12.706,12.616,13.187,12.712,13.164,13.045,12.844,13.018,12.945,12.47,13.285,12.792,12.967,12.456
13.058,12.507,12.494,12.968,12.903,12.859,12.252,12.823,12.365,13.034,12.421,12.561,13.57,12.43,12.39,12.25,12.49,13.331,12.219,12.565,12.966,13.231,13.152,12.925,12.902,12.892,13.018,12.189,12.531,12.852,12.776,12.99,12.921,13.109,13.035,13.06,13.124,12.742,12.858,13.19,12.274,12.673,12.076,12.661,13.4,12.743,13.025,12.437,12.826,13.008,12.533,12.419,12.473,12.214,12.701,13.069,13.192,13.697,11.848,12.779,12.474,11.88,12.656,12.787,12.959,13.162,13.21,12.499,12.91,12.486,12.514,13.587,12.366,12.796,13.278,12.611,12.489,12.998,13.144,12.652,12.774,12.655,12.617,12.771,12.3,13.363,11.833,12.674,12.204,12.446,13.708,12.813,12.607,12.598,12.583,12.622,13.203,12.389,12.671,12.822
12.363,12.392,12.799,12.185,12.53,12.313,12.884,12.566,12.658,13.219,12,12.011,12.51,13.378,12.956,12.473,13.164,11.874,13.296,12.782,12.313,12.257,12.249,12.421,12.825,13.358,12.548,13.04,11.724,12.596,12.975,12.389,13.139,12.384,12.869,13.123,12.863,11.982,12.334,12.916,13.244,12.765,13.041,11.915,12.79,13.162,13.37,12.591,12.858,13.032,12.352,12.532,12.343,12.638,13.281,12.314,12.068,12.174,12.495,12.604,12.214,13.138,12.168,12.758,13.153,12.757,13.372,12.52,12.64,13.277,12.498,12.445,13.269,12.768,12.798,13.136,12.667,12.481,12.07,12.882,12.967,12.333,12.542,12.554,12.015,11.847,12.506,12.348,12.5,13.384,13.25,12.764,12.608,13.072,13.072,12.896,13.263,12.797,12.459,12.435
12.428,12.554,13.227,13.304,13.136,13.24,12.919,12.438,12.864,12.593,12.41,13.009,13.025,12.966,12.69,12.765,13.259,12.598,12,12.863,12.996,12.329,12.096,13.241,12.621,13.295,13.085,12.908,12.09,13.041,11.957,12.451,13.452,12.979,12.804,13.055,12.209,12.555,12.477,12.767,12.298,12.625,12.691,12.622,12.926,13.053,12.086,12.877,12.631,13.05,12.803,12.434,12.43,13.006,12.166,12.671,12.038,12.51,13.271,12.539,12.911,11.846,12.334,12.89,12.987,13.034,12.719,12.619,12.532,12.432,12.891,13.148,12.553,12.765,12.219,12.291,13.215,12.911,13.339,12.56,12.79,12.544,12.263,12.635,12.776,13.23,13.458,12.521,12.981,13.406,13.161,12.827,12.585,12.456,12.51,12.877,12.779,12.87,12.113,13.016
12.42,12.39,12.438,13.154,12.289,12.91,13.194,12.541,12.34,13.485,13.445,12.917,12.269,13.21,12.802,12.382,13.188,13.022,13.453,13.093,12.257,12.792,13.483,13.312,12.603,13.016,12.667,13.106,12.582,12.829,12.758,12.624,12.896,12.649,12.834,12.988,13.234,13.27,12.883,12.779,12.943,12.788,12.205,12.586,12.35,13.296,12.98,12.065,12.933,13.552,12.802,13.086,12.481,12.193,13.921,13.578,11.903,12.606,12.134,12.366,13.017,11.879,13.066,12.832,12.87,13.28,13.242,12.412,12.498,12.906,12.476,13.774,13.138,12.728,13.422,12.66,12.937,12.474,12.551,12.675,12.629,12.517,12.693,12.515,12.087,13.355,13.384,13.006,13.341,13.018,13.287,12.989,13.032,12.984,12.759,12.928,12.509,12.733,12.477,12.381
12.861,13.062,12.671,12.334,13.481,12.64,13.105,13.05,13.172,12.784,12.84,12.762,12.523,12.641,13.018,13.144,12.572,12.79,13.29,12.615,12.939,12.277,12.738,12.946,12.911,13.025,13.319,12.492,13.754,12.81,12.237,13.052,12.095,12.55,13.034,12.607,13.209,12.168,12.37,12.785,12.629,12.848,12.661,12.818,12.687,13.295,12.433,12.077,12.564,12.646,13.05,13.076,12.165,13.2,12.362,12.523,13.511,13.306,13.161,12.669,12.755,13.44,12.728,12.547,12.885,12.719,12.375,13.045,12.951,13.082,12.485,12.718,13.249,12.804,12.275,12.789,12.935,12.92,13.257,12.938,12.758,12.462,12.856,12.659,13.413,12.33,12.702,12.545,12.171,12.488,12.763,13.048,12.673,13.205,13.057,12.693,12.859,12.346,12.645,12.276
12.52,12.865,13.009,12.166,12.869,13.021,12.419,12.791,12.306,12.085,12.063,12.901,12.17,12.943,12.478,12.836,12.277,11.996,13.222,12.681,13.156,12.602,13.008,12.303,12.88,13.222,12.537,12.333,12.06,12.658,12.483,12.22,12.809,13.085,12.517,12.963,12.771,12.694,12.357,12.646,12.593,12.789,12.894,12.672,13.29,13.223,12.106,12.599,12.55,12.648,12.65,13.059,12.974,12.186,12.466,12.313,12.22,13.962,13.31,12.856,12.969,13.582,12.496,12.328,12.399,12.964,12.987,12.806,12.644,12.352,12.756,12.72,12.421,12.559,13.268,13.06,13.119,13.079,13.427,12.542,12.615,12.883,12.342,13.502,12.178,12.397,12.524,12.988,12.389,13.028,12.814,12.89,12.585,12.771,12.893,12.998,13.124,12.818,12.838,12.252
12.925,12.95,12.914,12.22,13.375,12.816,13.314,12.857,12.411,12.165,12.789,12.567,13.013,12.552,13.107,12.687,13.258,13.633,13.14,12.375,12.668,12.651,12.008,12.307,12.884,13.161,12.88,12.303,11.492,12.888,12.613,12.981,12.387,12.618,12.483,12.887,13.1,13.076,12.116,12.716,13.248,12.606,12.89,12.766,13.395,13.119,12.417,13.536,12.456,13.504,13.011,13.068,12.55,13.809,12.041,12.092,13.614,13.242,12.433,12.795,12.356,13.259,12.481,12.394,12.796,12.481,13.345,12.813,12.429,12.442,12.963,12.043,13.261,12.909,12.143,12.524,12.336,12.401,12.151,12.311,12.722,12.398,12.314,12.265,12.423,12.778,13.588,12.638,12.472,13.096,12.285,13.064,12.672,12.501,12.818,13.262,12.376,12.656,12.977,12.787
12.276,12.95,12.572,12.193,12.409,12.924,13.001,12.413,12.385,13.565,12.893,13.343,12.135,12.815,12.789,12.755,13.023,13.196,12.433,12.226,13.006,12.271,12.493,12.56,13.042,12.315,12.288,13.219,11.614,12.837,12.722,12.086,12.379,12.398,12.499,12.988,12.846,13.491,13.059,12.651,12.4,12.874,12.393,12.983,13.19,12.771,12.192,11.889,12.509,12.229,13.145,12.389,13.428,12.529,13.421,13.014,12.185,13.355,12.032,12.4,12.801,12.27,13.48,12.952,12.09,12.756,12.066,12.813,12.993,12.062,12.593,12.739,12.946,12.872,12.339,12.918,12.591,12.782,13.39,12.706,12.73,12.934,12.445,12.92,13.107,13.375,12.385,12.829,12.158,12.342,12.297,13.012,12.567,12.489,12.959,12.216,13.172,12.707,12.966,13.098
12.994,13.084,12.861,12.359,13.247,12.9,12.636,12.698,12.518,12.024,12.429,13.1,13.09,12.947,12.304,12.856,13.082,12.635,12.249,12.621,13.053,12.715,12.136,12.569,12.851,13.102,13.027,12.267,11.963,12.466,12.913,13.108,12.623,12.84,12.879,13.004,12.754,12.869,12.507,12.786,13.083,12.844,13.172,12.86,12.911,12.458,12.377,13.223,13.029,12.704,12.656,12.497,13.035,12.357,13.271,12.451,12.142,11.864,13.495,12.728,12.833,13.029,12.526,13.085,13.143,12.952,12.378,12.558,12.406,13.077,12.611,11.646,12.481,12.699,13.338,12.338,13.087,12.645,12.938,12.728,12.752,12.794,12.244,12.504,12.85,13.398,13.073,13.099,12.233,12.955,13.791,12.694,12.951,13.069,12.847,12.844,12.867,12.78,13.036,12.589
12.46,12.774,12.405,13.213,12.376,12.459,13.35,12.647,12.371,13.015,12.663,12.312,12.862,12.682,12.625,12.741,13.05,12.245,12.223,12.276,12.574,12.45,12.402,12.519,12.771,12.428,12.534,12.279,11.918,12.961,12.419,12.127,12.814,13.212,12.459,12.494,13.057,12.938,12.252,12.716,12.963,12.7,12.766,13.41,12.193,12.351,13.153,12.928,12.941,12.614,12.941,12.529,12.182,11.76,12.693,13.463,12.467,11.645,13.658,12.622,12.464,12.712,12.884,12.871,13.118,12.465,12.644,12.828,12.884,13.2,13.007,13.368,12.748,12.663,13.249,12.414,12.676,12.794,12.539,12.54,12.862,12.891,12.608,13.155,12.326,13.015,13.149,12.971,13.09,13.437,13.281,12.671,12.597,13.136,12.88,12.635,12.409,12.757,13.037,12.545
13.404,12.496,12.234,12.106,12.75,12.597,13.289,12.898,12.838,12.689,13.106,13.454,13.069,12.703,12.125,12.967,12.487,12.843,13.312,13.155,12.925,13.142,12.202,12.54,12.653,12.812,13.463,12.5,13.004,12.479,12.911,12.97,12.986,13.022,12.508,12.528,12.167,12.943,13.127,12.719,13.126,12.837,12.98,11.939,12.182,12.121,13.359,12.598,12.76,13.09,12.746,12.597,12.728,11.776,12.043,11.467,12.859,12.072,12.064,12.703,12.668,13.203,12.134,12.934,12.327,12.723,13.024,12.871,12.563,12.68,12.827,12.799,12.898,12.681,12.004,12.805,12.728,12.873,12.208,12.191,12.832,12.549,13.197,13.073,12.221,12.087,13.086,13.022,13.309,12.624,12.436,12.755,12.946,12.812,12.905,12.674,12.325,12.723,12.893,13.428
12.328,12.288,12.462,12.101,13.196,12.508,13.187,13.163,12.574,12.1,13.008,13.19,12.284,12.793,13.06,12.581,12.425,11.958,13.168,12.877,12.016,12.25,12.524,12.637,12.68,12.89,13.324,12.704,12.743,12.413,12.596,12.25,13.017,12.33,13.075,12.969,13.171,12.641,13.116,12.792,13.035,12.77,11.984,12.842,12.707,12.772,13.206,13.108,12.965,12.59,12.502,12.939,12.527,12.305,11.497,12.192,12.938,11.53,12.055,12.913,12.445,13.268,12.163,12.968,12.485,12.628,13.062,12.749,12.636,13.105,12.727,12.894,12.969,12.75,13.005,13.079,13.023,12.159,12.367,12.937,12.683,12.524,12.386,12.862,12.447,12.808,12.348,12.804,12.262,13.345,11.857,12.472,13.077,12.529,12.896,12.808,13.329,12.74,12.536,13.262
13.055,12.706,12.821,12.346,13.221,12.354,12.328,13.259,12.423,12.5,12.54,13.495,12.311,12.358,12.246,12.222,12.413,13.121,12.878,12.712,12.525,12.415,12.688,12.416,12.707,12.666,12.578,12.545,13.529,12.873,12.908,12.701,12.423,12.369,13.09,12.827,12.883,12.96,12.544,12.63,12.884,12.638,12.459,12.028,13.28,12.145,13.197,12.778,12.814,12.668,12.754,13.061,12.605,12.231,13.182,11.699,13.5,12.311,12.332,12.746,13.065,12.004,13.452,12.545,12.913,12.341,12.934,12.939,12.683,12.915,12.791,13.087,12.455,12.713,12.594,12.803,12.245,12.518,13.087,12.929,12.784,12.439,12.188,12.906,12.917,12.111,12.946,12.295,12.395,13.241,13.314,12.552,13.069,12.413,12.583,12.693,12.137,12.715,12.411,12.648
13.194,12.585,13.159,13.49,12.691,12.364,13.334,13.198,13.146,11.959,12.026,12.201,12.217,12.441,12.659,12.655,12.43,12.331,12.663,12.927,12.118,12.155,11.905,12.701,12.63,12.37,12.306,13.012,13.186,12.741,12.899,12.98,13.248,12.955,12.492,12.975,13.278,12.856,12.879,12.896,12.232,12.973,12.803,12.167,12.306,13.274,12.388,12.225,12.814,13.206,12.953,12.872,12.522,13.405,12.388,12.053,12.461,12.27,12.146,12.928,12.357,12.927,13.119,12.767,12.782,12.543,12.526,12.553,12.806,12.756,12.823,11.74,12.407,12.859,12.33,12.706,13.253,12.987,12.52,12.584,12.716,12.943,12.513,12.76,12.748,12.064,13.454,12.654,12.553,12.989,13.44,12.591,13.121,12.698,12.711,12.54,12.07,12.753,12.585,12.267
12.355,12.434,13.156,13.25,12.891,13.214,12.325,12.637,12.695,12.881,12.193,12.677,12.36,13.165,12.765,12.927,12.145,12.057,13.303,13.011,12.33,13.373,11.892,12.571,13.09,13.043,13.263,13.129,12.233,12.874,12.924,12.779,12.906,12.968,12.722,12.248,12.633,12.77,12.699,12.694,12.69,12.558,11.956,12.117,12.613,12.416,12.428,13.088,12.889,12.937,12.81,13.046,12.229,12.333,12.494,11.826,12.302,13.435,12.277,12.729,13.153,11.925,12.126,12.591,12.63,12.414,12.348,12.824,13.027,12.528,12.662,13.094,12.673,13.13,12.18,12.436,12.388,12.613,13.004,12.926,12.765,13.042,12.81,12.508,12.163,12.416,12.07,12.142,12.122,12.894,13.058,12.992,13.031,13.002,12.513,12.854,13.458,12.797,13.074,12.534
13.212,12.82,13.004,12.406,12.699,13.119,12.601,12.864,12.386,12.463,13.416,13.404,12.408,13.291,13.164,12.881,12.349,11.989,12.564,12.94,12.464,13.28,12.821,12.438,12.88,12.728,12.919,13.326,13.481,12.648,12.322,12.583,12.547,12.925,12.547,12.217,12.711,12.477,12.803,12.862,12.516,12.689,13.196,12.533,12.197,12.819,13.088,12.712,12.663,13.18,12.679,13.089,12.016,13.496,12.514,13.427,12.293,13.708,12.37,12.692,12.822,11.988,12.267,12.784,13.173,12.764,12.344,12.937,12.675,12.613,12.945,12.477,12.574,12.873,12.722,12.606,12.625,12.983,13.034,12.739,12.861,12.779,13.264,12.676,12.419,12.634,13.54,12.845,12.273,13.017,13.008,12.569,12.896,12.388,12.841,12.715,12.56,12.81,12.448,12.271
13.257,12.707,12.618,12.926,13.094,12.651,12.435,12.998,12.654,12.82,13.002,12.97,13.457,12.817,12.752,13.087,13.088,12.151,13.324,13.164,12.737,12.369,13.272,12.514,12.549,13.285,13.274,12.151,13.144,12.647,13.132,13.2,12.419,12.821,12.68,12.403,12.706,12.803,13.368,12.807,12.4,12.719,12.679,12.951,12.119,12.595,13.027,13.179,12.808,12.128,12.784,12.409,12.167,12.297,11.836,12.292,13.416,13.338,12.971,12.706,12.854,12.191,12.777,12.469,12.57,13.17,12.998,12.967,12.756,12.785,12.762,12.936,13.139,12.597,12.524,12.519,12.475,12.986,12.384,13.264,12.877,12.553,12.415,13.144,12.383,13.225,12.295,13.009,13.047,12.426,13.376,12.471,12.909,12.718,13.006,12.845,12.377,12.791,12.898,13.127
12.348,12.956,12.71,12.367,12.805,13.169,13.152,12.981,12.81,12.794,12.513,13.28,13.388,12.89,12.596,12.737,13.281,13.641,12.543,12.793,12.457,12.504,13.5,12.621,12.93,12.722,13.308,12.697,13.026,12.645,12.286,12.337,13.197,12.832,12.794,12.45,11.945,13.15,12.509,12.255,13.208,13.005,12.726,12.203,12.209,13.006,12.345,13.282,12.789,12.519,12.955,13.112,12.478,13.685,11.951,13.459,12.114,13.15,12.217,12.724,12.846,13.108,13.147,12.555,12.547,13.075,12.558,13.229,12.647,13.021,12.688,13.678,12.906,12.946,12.734,12.57,13.166,12.27,12.453,12.462,12.553,12.943,13.012,12.455,13.506,12.867,13.291,12.924,12.138,12.768,13.239,12.541,13.108,12.616,12.668,12.876,12.467,12.869,13.021,13.04
12.728,12.509,12.97,12.205,12.912,13.023,13.276,12.445,12.738,12.356,13.129,12.157,12.892,13.091,12.846,12.439,13.049,13.312,13.007,12.489,12.531,13.277,13.301,13.254,12.381,12.837,13.376,13.263,12.721,12.965,12.598,12.238,12.2,12.446,13.02,13.034,12.251,13.18,12.526,12.917,12.732,12.606,13.156,12.577,13.243,12.62,13.042,12.442,12.594,12.916,12.951,12.36,13.024,12.236,12.368,13.326,12.508,12.828,11.915,12.72,12.878,13.664,13.086,12.346,12.503,12.459,12.248,12.492,12.797,12.555,12.793,13.917,12.481,12.606,13.131,12.72,12.449,12.46,12.355,12.802,12.621,13.105,13.18,13.077,12.244,13.086,13.374,13.077,13.071,12.888,13.403,13.221,13.056,12.596,12.786,12.956,12.638,12.736,13.109,12.505
12.242,12.958,12.559,12.297,12.446,12.459,13.294,12.435,12.471,11.92,12.067,12.883,12.004,12.355,12.937,13.064,12.472,13.225,13.282,12.993,12.767,12.937,12.913,12.394,13.333,12.812,13.264,12.802,12.116,12.741,13.253,12.951,12.837,13.244,12.703,12.909,13.12,12.939,12.078,12.76,12.491,12.834,13.111,12.306,13.235,12.293,13.019,13.241,12.489,12.385,12.61,12.26,12.968,12.15,12.924,12.833,11.961,12.055,12.598,12.729,13.117,12.423,13.039,12.887,12.962,12.106,12.839,12.561,12.788,13.082,12.742,13.633,12.462,12.698,12.663,12.784,12.383,12.439,13.043,12.48,12.644,12.966,12.658,12.319,12.09,13.254,13.591,12.499,13.296,12.593,12.242,13.239,13.111,12.928,12.592,12.653,12.384,12.745,12.645,12.45
13.073,12.518,12.646,12.5,12.215,12.761,12.261,12.654,12.911,12.326,12.758,12.325,11.846,12.959,12.393,12.866,13.289,12.826,12.55,12.684,13.109,12.656,12.785,12.996,12.998,12.716,12.516,12.632,12.599,12.823,12.788,12.705,12.361,12.455,12.389,12.802,12.63,12.937,12.825,12.99,12.489,12.168,12.386,12.876,12.964,12.637,12.725,13.285,12.696,12.195,12.613,12.72,12.206,12.907,13.425,12.724,13.186,12.194,13.191,12.777,12.938,12.488,12.487,12.465,12.718,13.23,13.097,13.015,12.8,13.301,12.871,12.73,13.034,12.633,12.811,12.996,12.942,12.421,12.636,12.55,12.668,12.802,12.471,12.366,12.202,12.983,12.182,12.906,13.154,12.765,12.547,12.94,12.581,12.426,12.937,12.819,12.586,12.743,12.541,13.192
13.186,12.837,12.709,12.444,12.541,12.613,12.954,13.217,12.546,13.336,13.094,13.352,12.765,12.24,12.685,13.205,12.365,12.985,13.119,12.602,12.468,12.989,13.054,13.043,12.982,12.429,12.605,13.071,13.216,12.647,12.382,12.443,12.288,12.525,12.74,12.844,12.111,12.663,12.909,12.66,12.119,12.934,12.801,12.994,12.699,12.493,12.382,12.985,12.816,12.966,12.666,13.055,12.583,11.981,12.29,13.063,13.56,12.653,13.144,12.838,13.189,13.145,12.461,12.708,12.667,12.642,12.234,12.447,13.085,12.262,12.507,13.341,12.893,12.86,12.922,12.397,12.07,12.989,13.101,12.834,12.662,12.15,13.04,12.159,13.307,12.493,13.331,13.11,13.216,13.096,12.778,12.968,12.882,12.66,12.402,12.68,13.182,12.724,12.929,13.189
12.761,12.647,12.649,12.49,12.104,12.591,12.3,12.387,12.872,11.893,12.947,12.64,12.125,13.222,12.918,13.303,12.818,12.419,12.667,12.593,13.026,12.922,13.203,13.062,12.943,12.371,13.02,13.202,12.789,12.763,12.691,13.063,12.589,13.198,12.918,12.892,13.199,12.743,12.884,12.706,12.225,12.974,12.769,12.416,12.107,12.846,12.401,12.446,12.685,12.735,12.96,12.938,13.004,13.042,13.209,13.57,11.705,13.304,13.198,12.761,12.519,13.481,12.79,12.788,12.114,13.474,13.066,12.767,12.905,13.385,12.875,13.364,12.424,12.834,12.911,12.737,12.389,12.628,12.584,13.101,12.955,13.302,13.2,12.645,12.972,12.926,13.363,12.485,13.209,12.374,11.935,12.91,12.921,12.28,12.734,12.759,12.204,12.59,12.629,13.038
12.794,12.596,12.197,12.741,13.153,12.235,12.982,12.304,12.614,13.134,13.423,12.56,12.895,13.21,12.469,12.278,13.048,12.212,13.036,12.612,12.994,12.566,13.332,12.528,12.937,12.274,12.946,12.284,13.425,12.808,12.786,12.569,12.599,12.896,12.646,12.976,12.837,12.978,12.367,12.611,12.419,12.961,12.791,12.739,12.249,12.295,13.114,12.345,12.952,12.709,12.504,12.763,12.966,12.582,12.551,12.392,11.896,13.414,13.291,13.011,12.561,13.058,13.207,12.898,13.01,13.213,13.081,12.3,12.995,13.113,12.799,13.46,13.05,12.787,12.688,12.711,13.153,12.934,12.202,12.895,12.625,12.805,13.094,12.746,13.069,12.497,12.412,12.542,12.511,12.996,12.747,12.507,12.852,12.499,12.558,12.804,12.341,12.712,12.519,13.341
12.987,12.611,12.098,13.223,12.156,13.097,12.181,12.814,12.907,11.905,13.079,13.324,11.715,12.497,12.685,12.478,12.431,12.967,12.64,12.535,12.459,12.482,12.328,12.226,12.738,12.769,13.089,12.871,13.389,12.615,12.498,12.638,12.536,12.924,12.308,12.644,12.997,12.952,13.064,13.019,13.334,12.713,13.267,12.555,12.921,12.328,13.326,12.906,12.954,12.701,12.47,12.794,13.053,13.433,13.412,12.414,12.549,12.992,13.166,12.261,13.194,12.265,12.094,12.315,12.408,13.023,13.169,12.452,12.654,13.216,12.918,12.988,12.312,12.946,12.573,12.667,13.225,13.1,12.196,12.687,12.27,12.926,12.931,12.446,12.353,12.729,12.16,12.609,12.544,12.641,12.174,12.923,12.652,12.433,12.643,12.436,12.754,12.799,12.701,12.419
12.922,12.91,13.213,12.407,12.925,12.313,12.836,12.903,12.489,13.145,12.779,11.601,11.83,12.785,12.832,13.011,12.864,12.861,13.022,12.605,12.359,12.364,12.251,13.123,12.736,13.254,12.572,13.175,12.795,12.879,12.906,12.39,12.854,12.751,13.007,12.877,13.018,12.732,12.431,12.971,12.854,12.639,12.555,13.186,12.686,12.355,13.014,12.645,12.597,12.56,12.478,12.957,12.44,13.125,12.472,13.032,13.388,12.063,13.511,12.991,12.534,12.196,12.477,12.812,12.776,12.754,12.472,13.083,12.586,13.109,12.786,12.909,13.036,12.688,12.576,12.514,12.262,12.832,13.152,12.71,13.212,12.222,12.56,12.994,12.124,12.777,12.504,12.552,12.175,12.384,11.894,12.582,12.861,12.58,12.778,12.819,13.379,12.928,13.08,12.472
12.753,12.788,12.533,12.493,12.854,13.325,13.444,12.795,12.959,13.253,13.105,12.94,11.905,12.665,13.152,13.584,12.929,12.171,12.484,12.797,12.8,12.512,13.17,12.097,12.938,12.468,13.099,12.902,12.53,12.989,12.565,12.443,13.197,12.707,12.369,13.164,13.162,12.675,13.126,12.725,12.832,12.675,12.815,12.734,12.856,13.105,12.803,13.018,12.52,12.395,12.654,13.107,12.607,11.794,13.483,13.204,12.656,13.657,13.273,12.751,12.966,13.309,12.068,12.804,12.539,12.772,12.237,12.443,12.856,13.162,13.009,12.684,12.606,12.752,13.277,13.002,12.238,12.381,12.958,12.476,13.005,12.248,12.97,12.574,12.253,13.393,12.533,12.794,13.4,12.318,13.067,12.87,12.597,12.469,12.686,12.74,13.089,12.778,12.486,13.114
12.103,12.521,13.138,12.129,12.187,12.877,13.218,12.458,13.167,13.598,12.996,11.542,12.278,12.54,12.608,12.94,13.128,12.677,12.937,13.128,12.625,12.281,12.401,12.577,12.692,12.57,12.645,13.186,11.98,12.523,12.558,12.913,12.951,13.091,12.496,12.867,13.07,12.356,13.183,13.135,13.123,12.233,12.578,12.432,12.332,12.444,13.137,12.88,12.383,13.368,12.782,12.472,12.171,12.357,13.282,13.547,12.699,12.812,12.695,13.217,12.447,12.841,11.716,12.35,13.048,12.116,12.339,12.907,12.732,13.16,12.578,12.269,12.179,12.534,12.533,13.13,12.698,12.516,12.732,12.841,13.096,12.482,12.488,13.154,11.759,12.813,12.668,12.955,12.482,12.418,13.253,12.738,12.515,13.284,12.813,12.706,13.491,12.77,12.339,12.647
12.346,12.261,13.179,11.961,12.044,12.901,12.562,12.573,12.56,11.935,12.97,13.101,11.846,13.06,12.572,11.904,12.871,13.201,12.387,12.971,12.905,12.383,13.273,12.685,12.706,12.553,13.191,12.395,12.443,13.211,12.88,12.846,12.779,12.86,12.788,12.931,12.515,12.937,12.718,12.987,12.625,12.794,12.194,13.302,13.178,12.288,13.113,13.069,12.475,11.88,13.041,12.153,12.27,12.793,13.565,13.033,13.315,12.982,12.643,12.823,12.906,12.266,13.46,12.666,12.522,12.455,13.256,12.555,12.925,13.245,12.484,12.632,12.807,12.632,12.731,12.615,12.192,12.636,12.605,12.71,12.503,12.256,12.678,13.21,12.681,12.21,12.381,12.518,13.283,13.067,11.817,12.689,12.614,12.923,12.59,12.607,12.58,12.767,12.56,12.191
13.202,12.94,12.384,13.354,12.871,13.205,13.03,12.457,12.678,11.981,12.558,12.941,11.939,12.317,13.239,12.794,12.455,13.058,12.624,12.876,12.567,13.482,12.839,12.379,12.582,13.004,12.9,12.174,12.447,13.079,12.363,12.92,12.292,12.556,12.653,12.555,12.825,12.987,12.533,13.118,12.786,12.825,12.401,12.473,12.61,12.415,12.365,12.787,12.779,12.084,12.728,13.071,12.65,13.026,12.093,13.279,12.282,13.538,11.69,12.535,12.375,13.432,12.927,12.629,12.565,12.487,12.242,12.531,12.803,12.753,12.754,12.951,12.298,12.578,13.119,12.872,12.227,12.941,12.56,12.53,13.097,13.128,12.783,12.835,13.207,12.212,11.903,12.845,12.346,12.302,13.386,12.909,12.942,12.918,12.859,12.946,12.576,12.956,12.335,13.056
12.913,12.67,12.614,12.89,13.065,12.81,13.06,13.009,12.709,13.432,13.258,12.831,12.909,12.438,12.777,13.081,13.158,12.466,13.115,12.911,12.692,12.335,12.284,12.952,12.613,13.11,12.478,12.529,12.888,12.942,12.64,12.829,12.487,12.54,12.946,13.115,12.733,12.677,12.961,12.926,12.291,12.913,13.238,12.452,12.313,13.228,13.098,12.618,12.876,12.819,12.758,12.934,12.861,13.42,13.252,13.575,12.618,13.073,13.462,12.939,12.501,12.459,12.993,12.559,12.679,13.231,13.223,12.457,12.686,12.152,12.869,12.179,12.711,13.076,12.447,13.033,12.599,12.358,13.405,12.875,12.77,12.555,12.702,12.351,12.732,12.834,12.542,12.77,13.293,13.039,12.874,12.494,12.905,12.539,12.944,12.547,12.134,12.789,12.345,13.257
13.251,12.701,12.498,12.845,13.356,12.349,12.86,12.568,12.481,13.317,12.043,13.849,13.348,13.151,12.662,12.63,13.022,12.106,12.914,12.717,12.941,12.039,12.305,13.119,12.862,12.242,12.658,12.747,13.14,13.062,12.274,12.307,12.704,13.111,13.054,12.965,12.553,12.256,12.834,12.957,12.94,12.964,12.389,12.581,12.398,12.36,12.537,12.301,12.467,13.034,12.904,12.93,12.517,13.294,12.582,12.48,13.128,13.251,13.621,12.711,12.729,12.545,12.233,12.83,12.803,13.384,12.976,12.76,12.515,12.394,12.583,12.326,11.852,12.755,12.511,13.102,13.097,12.849,12.612,12.847,12.659,12.771,12.954,12.818,13.236,12.88,12.415,12.71,12.201,12.261,12.325,12.618,12.531,12.535,12.757,12.734,13.32,12.709,12.157,13.112
12.922,13.14,12.794,13.641,12.256,12.607,13.076,12.278,12.502,13.489,12.375,12.489,13.007,12.32,12.488,13.651,12.547,12.903,12.452,12.948,12.663,13.362,13.128,12.629,12.538,12.748,12.626,12.495,13.456,12.552,12.761,12.604,13.161,12.911,12.92,12.263,13.177,12.587,13.265,12.566,13.147,12.939,12.864,13.269,12.405,12.339,13.199,12.425,12.984,12.84,12.846,12.791,12.709,13.254,12.84,12.547,13.218,13.562,13.794,13.083,12.077,12.629,13.307,12.86,12.388,13.101,12.996,12.631,12.464,12.995,12.606,12.905,13.719,12.76,12.748,12.59,12.158,12.985,13.362,12.971,12.534,12.582,12.563,12.984,12.01,12.485,12.239,12.908,12.914,13.132,11.801,12.955,12.472,12.823,12.571,12.685,13.029,12.657,12.12,12.293
12.801,12.478,12.918,12.697,13.231,12.452,12.2,13.014,12.971,13.34,13.223,12.857,12.99,12.437,12.595,12.409,12.305,12.335,13.179,13.039,12.832,12.987,12.653,13.104,12.882,12.392,12.187,12.449,13.084,12.542,12.824,12.999,12.262,12.976,12.963,13.108,12.769,11.835,12.396,12.701,13.273,13.379,12.48,13.1,12.99,12.917,13.126,12.568,13.017,12.511,13.154,12.326,12.687,13.261,13.114,11.739,11.882,12.87,12.087,12.96,13.069,13.171,12.577,12.93,13.043,12.475,12.344,12.502,12.929,12.143,12.983,13.238,13.255,12.718,12.557,12.522,12.276,13.072,12.931,12.727,12.892,12.636,12.821,12.795,12.094,12.973,13.287,12.647,12.547,13.084,12,12.814,12.717,12.801,12.936,13.2,13.33,12.628,12.33,12.949
12.024,12.91,12.508,12.3,12.713,13.129,13.057,13.093,13.047,12.519,13.057,12.392,12.76,12.483,13.089,13.153,12.376,12.387,13.012,12.931,12.692,12.519,13.088,12.863,12.781,12.743,12.236,12.704,11.622,13.074,12.789,12.371,12.748,12.933,13.051,12.917,13.349,12.936,12.546,12.799,12.769,13.051,12.738,12.706,12.409,13.01,12.701,13.1,12.374,12.526,12.852,12.627,13.137,12.151,12.155,12.893,12.485,13.379,13.507,13.108,13.161,12.882,13.207,12.7,12.663,13.029,12.186,12.253,12.538,13.013,13.067,12.28,12.425,12.721,12.181,12.289,12.184,12.503,12.203,12.632,12.791,13.153,13.005,12.9,12.828,12.988,13.355,12.444,13.261,12.239,12.688,12.617,12.449,13.375,12.718,12.741,12.676,12.472,13.053,12.208
12.739,12.867,12.5,11.915,13.279,12.44,12.37,12.407,13.191,11.789,12.29,12.705,12.801,12.185,13.109,12.929,13.076,12.308,13.097,12.758,13.028,13.71,12.384,12.455,12.874,12.452,12.14,13.154,12.908,13.08,12.631,12.827,12.726,13.034,12.791,12.553,13.239,11.928,12.664,12.797,13.139,12.865,12.996,13.055,12.667,13.167,13.135,12.809,12.986,13.272,12.166,12.361,12.899,11.746,13.241,12.982,12.26,12.388,13.571,12.871,13.002,12.181,12.227,12.621,12.862,12.771,12.647,12.264,12.53,13.084,12.408,12.969,13.16,12.804,12.558,13.326,12.877,12.851,12.32,12.549,12.802,12.368,12.55,12.9,11.853,13.182,12.521,12.982,12.2,12.445,11.965,12.941,12.469,13.039,12.746,12.574,12.397,12.679,13.085,12.372
13.202,12.935,12.836,13.358,12.612,12.909,12.414,12.582,12.6,11.876,11.951,13.635,12.958,13.29,12.595,12.615,12.822,13.252,12.82,12.837,12.34,13.258,12.774,12.487,13.018,12.97,12.757,13.256,12.183,13.059,12.519,12.853,13.033,12.892,12.441,12.871,13.368,12.816,12.605,12.722,12.422,12.717,12.645,12.95,12.207,12.957,13.061,13.541,12.648,12.671,12.986,12.651,13.228,12.478,14.054,13.284,12.01,12.482,12.956,12.638,13.195,13.504,12.637,12.905,12.312,13.086,12.467,12.357,12.468,12.984,12.619,13.099,12.867,12.633,12.081,12.672,12.902,13.089,12.425,12.775,12.425,13.252,12.905,13.088,12.486,13.073,13.681,12.61,12.601,12.791,12.385,13.017,12.644,13.036,12.484,12.721,13.27,12.552,13.283,12.184
12.452,12.849,13.272,13.124,13.181,12.328,12.229,13.265,13.066,12.311,12.301,12.579,12.832,12.166,12.65,11.874,12.36,12.852,12.926,12.75,12.966,13.329,12.913,12.98,13.251,13.086,13.189,13.103,13.826,12.298,12.759,12.716,13.13,13.043,12.596,12.551,13.11,13.041,13.027,12.589,13.096,13.041,12.701,12.644,13.163,12.482,13.114,12.62,12.589,13.382,13.195,12.578,12.455,12.006,14.244,12.807,12.421,13.011,12.536,12.62,13.09,13.049,13.566,12.852,12.806,12.435,12.822,13.162,12.856,12.487,12.77,12.176,12.922,12.604,12.9,12.656,12.434,12.228,12.458,12.527,12.179,12.91,12.601,12.698,13.159,12.496,11.923,12.539,13.262,13.536,11.793,12.993,13.048,13.112,12.632,12.312,12.774,12.411,13.085,13.257
12.881,12.597,12.969,12.242,13.151,13.013,12.139,12.896,13.327,12.85,13.054,11.857,12.18,13.016,12.068,12.483,13.171,13.458,13.013,12.743,12.51,12.015,13.204,12.252,12.412,12.316,13.281,12.916,13.717,13.19,12.837,12.747,12.427,12.809,12.708,12.669,12.359,12.68,12.275,12.575,13.042,12.126,12.392,12.744,12.692,12.341,13.252,12.897,12.734,11.969,12.079,12.942,13.038,12.043,13.224,12.576,13.454,12.527,11.827,12.614,13.173,12.494,12.328,12.846,13.015,13.069,12.969,12.764,12.631,13.345,12.911,13.189,13.188,12.901,13.035,12.166,12.347,12.309,12.528,12.659,13.036,12.042,12.567,12.947,12.095,12.764,13.356,12.333,13.155,12.517,13.269,12.831,12.366,12.887,12.94,12.642,12.442,12.863,13.207,13.112
12.893,12.901,12.228,12.564,13.021,12.656,13.147,12.509,12.691,12.315,11.984,13.656,13.172,12.326,13.024,12.022,12.472,13.398,12.434,12.86,12.468,13.103,12.76,12.552,12.844,13.089,12.668,12.56,13.23,13.042,12.752,12.78,12.259,12.48,12.474,12.618,13.209,12.815,12.899,12.729,12.644,13.016,12.617,12.602,12.693,13.165,13.448,13.236,12.515,12.409,12.86,13.014,12.421,11.96,12.924,13.564,12.881,13.277,13.434,13.119,12.179,12.327,13.352,13.143,13.133,12.692,12.494,12.32,12.515,12.441,12.953,12.826,13.383,12.715,12.299,12.505,12.958,12.575,12.907,12.649,12.696,12.956,12.973,12.525,12.15,12.334,11.632,12.092,12.236,12.937,12.666,12.706,12.593,12.42,12.565,12.538,12.807,12.799,13.084,12.384
12.244,12.371,13.143,12.365,12.6,12.936,13.056,13.032,13.103,12.517,13.708,12.626,12.882,13.105,12.213,12.68,12.618,12.032,12.577,12.695,12.709,13.513,12.678,12.152,12.746,12.969,13.092,12.543,12.624,13.042,12.872,12.716,12.938,12.91,11.984,12.891,12.385,13.152,12.92,12.946,12.505,12.223,12.602,12.382,12.28,12.396,11.986,13.209,12.457,12.85,13.19,12.5,12.281,13.314,12.104,12.713,12.293,13.03,12.737,12.691,13.175,12.448,12.118,12.723,12.648,12.95,12.952,12.972,12.782,13.009,12.473,13.139,13.024,12.956,12.973,12.869,12.592,12.202,12.727,13.05,12.306,12.395,12.905,12.616,13.447,12.769,12.786,12.437,13.025,12.643,12.359,12.934,12.675,13.117,12.462,13.164,12.743,12.585,12.925,13.042
12.379,12.709,12.644,12.205,12.775,12.933,12.854,12.763,12.78,12.303,13.007,13.807,12.751,13.076,12.648,13.32,12.456,12.556,13.087,12.77,12.723,13.383,12.264,12.31,12.276,13.064,13.255,12.917,13.222,12.262,12.671,13.016,12.935,12.996,12.65,12.872,13.358,12.827,12.977,12.93,12.802,12.899,12.7,13.025,13.108,12.593,13.543,12.574,12.951,13.052,12.881,12.886,12.984,12.005,12.937,13.38,13.34,13.022,11.909,12.323,12.16,13.145,13.076,12.768,12.503,13.393,12.949,12.809,12.817,13.274,12.843,12.492,13.109,12.612,12.171,12.476,12.658,12.251,13.21,12.491,13.089,12.541,12.461,12.883,12.274,13.074,11.628,13.207,12.731,12.991,12.311,12.638,12.352,12.446,12.563,12.297,12.172,12.783,12.646,12.52
13.255,13.035,12.992,13.223,12.6,12.654,13.249,12.423,12.863,12.286,11.961,13.125,11.893,12.666,12.179,13.621,12.566,12.225,12.463,12.878,13.093,12.899,12.464,13.222,12.816,12.257,12.614,12.804,13.681,12.933,12.735,12.765,12.145,12.573,12.692,12.834,12.612,12.885,12.748,12.907,12.947,12.444,13,13.293,12.513,13.049,13.294,13.184,13.123,13.343,13.099,12.77,12.918,12.027,12.849,12.992,12.035,13.084,11.995,13.285,12.505,12.056,13.021,12.816,12.778,12.875,12.232,12.651,12.596,12.746,12.561,12.362,12.709,12.925,12.927,12.505,12.634,12.735,12.275,12.918,12.099,12.583,12.852,12.84,12.259,13.325,12.776,13.054,12.987,12.458,12.3,12.981,12.705,12.714,13.041,12.633,13.299,12.844,12.567,12.792
12.638,12.883,12.526,12.088,13.151,12.939,13.23,12.857,12.628,13.422,13.19,11.522,13.035,13.328,12.931,12.19,12.564,12.395,12.977,12.536,12.553,12.931,12.52,12.746,12.374,12.37,13.112,12.808,13.006,13.446,12.584,12.932,13.141,12.857,12.345,13.086,13.317,12.641,12.62,12.48,13.075,12.401,13.144,12.124,12.999,12.659,12.396,12.915,12.711,13.32,12.873,12.99,12.553,13.014,13.508,12.54,12.326,12.818,13.111,13.092,12.998,12.766,12.532,13.214,12.504,12.463,12.152,13.188,12.726,13.029,12.462,12.194,12.611,13.062,13.382,12.693,12.798,12.803,12.847,12.614,12.769,12.589,12.909,12.907,12.416,12.51,13.863,12.509,12.483,13.11,13.215,12.921,12.66,12.937,12.864,12.813,12.177,12.675,12.522,13.05
12.325,12.845,12.759,12.947,13.096,12.607,12.624,12.796,12.884,12.021,13.609,13.098,12.527,12.492,13.037,12.351,12.62,13.787,13.039,12.812,13.082,12.294,12.813,13.033,12.446,12.917,12.643,12.8,13.152,12.71,12.866,13.004,13.114,12.399,13.169,12.588,12.756,12.594,13.218,12.932,12.419,12.445,12.558,13.363,13.039,12.888,12.853,12.374,12.653,12.57,12.556,13.063,12.752,13.046,13.587,12.432,12.441,12.429,13.598,12.428,12.4,12.358,12.483,12.965,12.766,13.032,12.725,12.882,12.62,12.302,12.741,13.327,12.775,12.626,12.87,13.078,12.764,13.011,12.989,13.052,13.038,12.906,12.572,12.858,13.27,13.042,13.778,12.788,12.219,12.841,13.154,12.482,13.086,12.409,12.666,12.93,12.584,12.656,13.295,12.341
12.99,12.73,12.45,12.619,12.903,12.446,13.169,13.036,13.02,13.769,13.025,12.661,13.14,12.549,12.213,13.352,12.828,12.242,12.972,12.517,12.751,12.117,13.398,13.061,12.927,12.29,13.158,12.77,12.713,12.303,12.396,12.749,12.529,12.52,13.323,12.972,12.173,12.567,12.849,12.595,12.699,13.089,13.042,12.137,12.697,12.808,12.148,12.764,12.885,12.216,12.742,13.126,12.522,12.557,12.867,13.182,12.281,13.027,12.896,13.017,12.362,12.77,12.025,12.585,12.603,12.9,12.124,12.926,12.873,12.259,12.411,12.92,12.608,12.516,13.07,13.089,12.209,13.094,12.276,12.897,13.185,12.654,12.542,12.671,12.237,13.03,12.842,13.153,13.325,12.838,12.87,13.069,12.383,12.283,12.69,12.887,13.106,12.692,12.877,13.147
12.347,12.786,12.967,11.892,12.821,13.009,12.57,12.711,13.11,13.927,12.687,11.562,12.577,12.708,13.264,12.367,13.147,13.105,12.381,12.489,12.969,11.987,13.346,12.212,12.582,12.971,12.076,12.484,13.374,12.184,12.556,12.672,12.807,12.726,12.792,12.379,13.298,12.606,12.866,12.837,12.417,13.306,12.483,12.771,13.046,12.992,12.174,13.099,12.998,12.75,12.955,12.517,12.884,13.037,12.392,12.529,12.326,12.931,13.032,13.053,12.837,12.976,13.433,13.121,12.921,12.988,13.162,12.844,12.535,13.185,12.641,12.437,12.585,12.971,12.46,13.225,13.405,12.961,12.399,13.03,12.582,12.887,12.365,12.562,12.066,12.877,13.88,12.347,13.062,12.288,12.497,12.936,12.436,13.066,12.718,12.662,12.326,12.652,12.709,13.163
12.194,12.976,12.774,12.591,12.372,12.567,13.227,12.731,13.156,13.29,12.066,12.282,12.964,13.376,12.805,12.226,12.752,11.984,12.419,12.599,12.714,13.058,12.657,12.789,12.781,12.341,12.231,12.942,12.176,12.791,12.583,13.096,12.877,13.004,12.083,12.973,13.063,12.784,12.763,12.831,12.8,12.678,12.968,13.046,12.857,13.04,13.552,12.34,13.175,12.174,13.229,12.383,12.989,12.187,12.884,12.81,12.898,12.925,12.327,12.673,12.299,13.23,12.312,12.875,12.762,13.476,12.27,12.306,12.722,12.391,12.856,11.951,12.764,12.827,12.319,12.515,12.088,12.491,12.195,12.496,12.986,12.767,12.521,12.831,12.221,12.361,11.797,12.084,12.959,12.549,12.288,13.073,13.057,12.244,13.08,12.686,12.005,12.662,12.387,12.317
13.225,12.871,12.742,12.363,12.248,12.293,12.502,12.991,12.436,13.022,11.857,12.41,13.344,12.152,13.016,11.921,12.453,13.206,13.175,12.502,12.368,13.01,12.4,12.314,12.816,13.055,12.107,12.597,12.787,12.465,12.716,12.605,13.176,12.888,12.078,12.516,13.022,12.772,12.401,12.92,12.941,13.512,12.762,12.623,12.612,12.319,12.734,13.142,12.629,12.983,12.971,12.408,12.748,13.511,13.424,12.677,12.129,12.84,12.356,12.703,12.62,13.124,13.535,12.658,12.871,12.693,13.157,12.385,12.871,12.072,12.184,13.306,12.712,12.828,13.237,12.878,12.404,12.547,12.618,12.518,12.874,13.217,13.139,12.744,12.399,13.059,12.371,13.005,13.002,12.942,12.138,13.452,12.617,12.299,12.484,13.134,12.366,12.805,12.622,12.358
12.25,12.852,12.842,13.176,13.119,12.244,12.664,12.713,12.861,11.785,12.84,12.563,12.88,12.406,12.387,12.24,12.935,12.62,12.413,12.92,13.149,13.578,12.939,12.359,12.975,12.516,12.986,12.924,13.16,12.478,12.743,12.976,12.666,12.644,12.312,13.133,12.808,12.871,12.483,12.942,13.012,12.903,12.572,13.239,12.847,12.823,13.055,13.011,12.933,12.181,12.645,12.888,12.421,13.266,12.188,12.662,12.141,12.557,12.688,12.39,12.507,12.475,12.835,12.675,12.857,12.414,13.338,12.479,12.563,12.904,12.652,13.423,12.334,12.97,13.246,13.026,12.948,12.797,12.325,12.734,12.724,13.249,12.903,12.698,12.085,12.401,12.645,13.075,13.098,12.934,12.209,12.386,12.614,13.069,12.851,12.671,12.469,12.678,12.373,13.051
12.598,12.457,12.74,12.575,12.95,12.77,12.498,12.84,12.532,13.158,13.477,12.259,12.938,12.405,12.446,13.384,12.548,12.11,13.14,12.582,12.225,13.029,13.14,13.624,13.072,13.031,12.518,12.782,13.055,12.178,12.814,13.042,12.489,12.971,12.744,12.647,12.784,12.703,13.104,12.8,12.423,12.369,12.495,12.734,13.162,12.745,13.442,12.156,12.824,12.592,12.679,12.448,12.411,13.513,12.639,12.485,12.364,12.893,13.23,12.609,12.336,13.44,12.76,12.909,12.712,13.622,13.339,12.209,12.912,12.065,13.139,13.58,13.056,12.697,12.432,12.279,12.75,12.458,12.202,12.355,12.877,13.291,12.606,12.863,12.469,12.328,12.047,13.537,12.565,11.914,12.337,13.166,12.225,13.147,12.36,12.654,13.013,12.632,12.427,12.249
12.639,12.676,12.889,13.168,13.155,12.863,12.384,12.514,13.309,12.077,12.675,11.872,12.652,12.997,12.775,12.791,12.822,13.35,12.118,12.803,12.444,12.952,12.854,12.811,12.021,12.433,12.265,12.956,12.164,12.298,12.863,12.379,12.857,12.455,12.045,12.401,13.277,12.629,12.808,12.382,12.655,11.78,12.495,13.125,12.927,12.789,12.865,12.334,12.615,12.392,12.47,12.829,12.918,12.198,12.143,12.598,12.546,12.9,12.976,12.834,12.763,12.267,12.369,12.475,13.088,13.541,13.386,12.325,12.557,12.748,12.907,13.468,12.784,12.735,12.714,12.322,12.286,13.122,12.23,12.426,12.581,12.325,12.591,12.611,13.048,12.514,12.429,12.564,13.179,13.139,12.583,12.482,13.174,12.616,13.039,12.826,13.114,12.599,12.701,13.057
13.239,12.964,12.682,12.555,12.967,13.1,12.982,12.973,12.157,12.233,12.359,12.577,12.864,12.213,12.601,12.727,13.112,13.271,12.322,12.877,12.714,12.481,12.789,12.579,12.528,12.918,12.585,12.599,13.173,12.22,12.581,12.533,12.844,12.458,12.894,13.05,12.455,12.61,12.821,13.045,12.255,12.149,12.946,12.495,12.186,13.001,12.398,12.762,12.692,12.453,12.868,12.985,12.796,13.162,12.306,12.953,12.667,12.53,12.255,12.605,13.151,13.282,12.638,12.522,12.97,13.435,12.66,12.92,12.913,12.976,12.541,13.377,12.75,12.813,12.98,12.352,12.283,12.56,12.688,13.137,12.846,13.087,12.95,12.618,12.544,12.256,12.981,13.4,13.234,12.435,11.883,12.993,13.25,13.062,12.508,12.701,12.205,12.743,13.231,13.263
12.947,12.858,12.666,12.231,12.844,12.862,12.451,12.987,12.477,13.13,13.047,13.101,12.907,12.839,13.117,13.067,12.915,12.082,12.401,12.704,13.161,12.914,12.961,13.423,12.635,12.424,12.194,12.589,12.62,12.874,12.782,12.625,13.041,12.979,13.161,13.147,12.675,12.913,12.857,12.543,12.656,12.412,12.457,13.064,12.72,13.066,12.719,13.225,12.702,12.569,12.866,12.985,12.67,12.926,13.469,13.481,12.292,12.501,12.216,12.95,12.25,12.846,12.108,12.823,12.703,12.164,13.275,12.624,12.641,13.084,12.467,13.291,12.516,12.841,13.031,12.276,12.397,12.472,12.246,12.866,12.71,12.995,12.522,12.858,13.095,12.115,12.166,12.429,12.693,12.34,12.683,12.577,12.968,12.752,12.595,13.112,12.478,12.755,11.797,12.233
12.272,13.034,12.586,12.554,12.497,12.696,12.343,12.596,12.804,13.205,13.254,12.928,12.675,13.184,12.426,13.609,12.621,12.4,12.06,12.519,12.461,12.825,12.634,13.049,12.818,13.05,11.955,12.876,12.578,12.806,12.622,12.726,13.506,12.932,12.147,12.908,12.364,13.2,12.761,13.068,13.001,13.004,12.906,12.793,12.589,12.428,12.955,13.255,12.873,13.511,12.795,12.947,13.206,12.778,12.784,12.276,12.478,12.572,12.206,12.554,12.407,13.053,12.607,12.528,12.512,12.361,12.949,12.536,12.625,13.126,12.281,13.332,12.577,12.856,12.99,13.182,13.098,13.339,12.864,12.702,12.742,12.704,13.04,12.947,13.097,12.658,13.705,12.655,12.74,11.968,13.114,12.689,13.225,12.529,12.396,13.078,13.297,13.138,12.877,13.197
12.765,12.866,12.58,13.368,12.355,12.967,12.562,12.652,12.384,13.175,12.841,12.841,12.924,13.147,12.96,13.071,12.526,12.007,12.312,12.835,12.38,13.159,12.755,12.571,12.897,12.318,13.357,12.474,12.188,12.124,12.726,12.414,12.525,12.799,13.392,12.826,12.968,12.481,12.497,12.934,13.023,12.963,12.88,13.147,13.381,12.223,12.543,12.561,13.161,12.672,12.77,12.607,13.41,13.368,13.108,12.954,13.311,12.707,13.217,12.529,12.522,12.458,12.242,11.993,12.473,13.144,13.231,12.989,12.851,12.942,13.076,13.328,12.625,12.714,12.371,12.934,12.78,12.475,12.135,12.409,13.074,12.231,12.768,12.662,13.148,12.498,13.496,12.788,12.233,13.19,13.519,13.501,12.95,12.54,12.453,12.74,12.932,12.97,13.307,12.529
12.773,12.598,12.898,12.519,12.936,12.565,12.688,12.922,12.878,11.972,12.538,13.205,12.903,13.382,12.519,12.712,12.578,13.205,12.104,12.576,12.28,12.719,12.958,12.932,12.452,12.209,13.272,12.488,12.539,12.853,12.811,12.866,12.651,12.918,12.833,13.034,12.413,12.801,12.7,12.353,12.936,13.465,12.963,12.578,12.898,13.018,12.952,12.426,12.876,11.973,12.792,12.417,12.773,12.921,12.614,12.4,12.713,12.859,13.007,13.279,13.091,12.567,12.571,12.505,13.154,12.482,13.132,12.89,12.605,12.539,12.415,12.316,12.275,12.829,12.994,12.416,12.157,11.965,12.06,12.934,12.565,13.371,12.522,12.67,12.658,12.441,12.434,12.432,13.082,13.202,13.703,14.033,13.149,12.107,13.038,12.769,12.949,12.731,12.073,13.04
12.376,12.628,12.856,13.29,13.131,12.893,12.467,12.548,12.301,12.91,12.442,13.481,12.907,12.283,12.446,12.392,13.03,13.273,12.304,12.741,12.882,12.965,12.943,13.151,13.188,12.31,13.268,12.545,12.75,13.215,12.949,12.808,12.979,12.976,13.251,12.966,13.027,12.631,12.526,13.064,12.352,12.677,12.979,12.13,12.178,13.075,12.48,12.72,12.779,12.655,12.62,12.757,13.094,12.589,12.5,12.692,12.567,12.644,12.904,13.032,12.428,13.077,12.893,12.658,12.659,13.392,13.19,12.753,12.773,12.459,12.538,12.35,12.359,12.662,12.843,13.391,12.754,13.099,12.064,12.915,12.767,12.392,12.998,12.766,12.777,12.344,12.232,12.323,13.284,12.366,13.08,12.416,12.669,12.094,12.924,12.565,12.809,12.754,11.854,12.649
12.558,12.736,12.629,12.607,12.245,12.954,12.851,12.936,12.384,12.153,13.152,12.768,12.764,12.535,13.374,12.786,12.957,12.812,13.277,12.97,12.977,12.587,12.89,13.319,13.582,13.277,12.28,12.762,12.794,12.945,12.716,12.938,13.093,12.663,12.023,12.479,12.313,12.704,13.042,12.562,13.051,11.918,12.554,12.229,12.953,13.243,12.757,12.643,12.717,12.347,12.862,12.874,12.432,13.076,12.443,13.031,13.275,12.668,12.168,12.92,12.502,13.234,13.322,13.116,12.729,13.104,12.482,12.748,12.811,12.564,12.717,12.936,12.964,12.761,13.115,12.958,12.646,13.229,12.921,12.246,12.576,12.922,12.752,12.648,12.273,12.582,13.206,12.552,12.256,13.12,12.8,12.567,12.264,12.399,13.106,12.692,12.283,12.69,12.442,12.998
12.857,13.267,12.661,12.859,12.869,12.374,12.778,12.94,13.045,12.661,12.515,12.202,12.619,12.153,12.959,11.997,13.04,12.846,12.18,12.43,12.481,12.489,12.499,12.317,12.579,12.252,12.909,12.831,12.625,13.372,12.947,12.585,12.361,12.436,13.223,12.783,12.497,12.402,12.958,12.691,12.402,12.804,12.548,12.897,13.518,13.248,12.457,12.315,12.63,12.269,12.688,12.955,12.797,12.935,11.922,12.347,12.266,12.983,12.871,12.606,13.104,12.852,13.157,12.894,12.929,13.35,12.594,13.279,12.542,12.809,12.613,12.607,12.712,12.798,13.276,12.772,12.704,12.38,13.258,12.823,12.746,12.815,12.649,12.955,12.22,12.234,13.088,12.418,13.093,12.257,13.158,12.944,12.901,12.202,12.331,12.836,13.384,12.678,12.956,12.874
12.423,12.918,12.974,12.213,12.439,12.991,12.692,13.039,12.526,13.706,12.612,12.06,12.326,12.574,12.939,11.432,12.69,12.946,12.279,12.37,12.432,12.742,13.066,12.522,13.596,12.967,12.251,12.424,11.676,12.556,12.784,12.926,12.458,12.601,12.78,12.375,13.299,12.576,12.774,12.49,12.304,13.06,12.563,12.374,12.558,13.269,12.033,12.36,12.484,12.049,12.717,13.106,12.963,12.672,12.084,12.959,13.292,12.92,12.392,12.368,13.12,12.744,13.074,12.544,12.956,12.134,13.294,12.669,12.608,12.371,12.393,13.055,13.276,12.626,13.237,13.056,13.007,12.317,12.25,12.932,12.596,12.821,12.511,12.852,12.665,12.363,12.273,12.518,12.158,12.433,13.634,11.954,13.144,13.101,13.02,12.644,12.358,12.811,13.473,12.563
12.772,12.478,12.405,12.274,12.635,12.441,12.551,12.943,12.372,12.227,12.585,13.295,12.901,12.437,12.458,13.089,12.919,12.516,12.547,12.521,12.527,12.335,12.335,12.504,12.349,12.639,12.034,12.948,11.802,12.962,12.568,12.458,13.061,12.993,13.281,13.215,12.714,12.967,12.778,12.988,13.208,12.168,12.748,12.911,12.938,13.229,13.104,12.673,12.574,12.348,12.642,13.115,11.874,13.118,12.517,12.329,13.242,12.832,12.337,13.112,13.008,13.074,12.514,12.721,13.153,13.26,12.651,12.636,12.521,13.22,12.968,12.189,12.345,12.769,12.633,12.999,11.999,11.745,13.158,12.622,13.17,12.484,12.415,12.568,12.939,12.575,12.019,13.206,12.276,12.407,11.889,12.374,12.321,12.637,12.446,12.695,13.259,12.817,12.343,12.865
12.881,12.499,12.541,11.87,13.184,12.804,12.732,13.144,13.037,12.335,12.214,12.343,13.337,12.885,13.033,12.743,12.499,12.857,12.569,12.801,12.679,13.014,12.816,12.607,11.845,12.666,12.042,13.018,12.385,13.128,12.474,12.828,12.721,12.307,13.415,12.784,12.445,12.776,13.005,13.196,12.844,13.097,13.033,13.252,13.147,12.528,13.09,13.319,13.081,12.023,12.878,13.071,11.982,12.607,13.137,12.897,12.525,12.964,12.415,12.723,12.58,12.883,12.245,12.44,12.325,12.859,12.285,12.625,12.677,13.222,12.965,12.482,12.388,12.808,12.15,12.95,12.677,13.767,13.183,12.839,12.84,13.004,12.829,12.644,13.114,13.59,12.429,12.495,12.26,12.625,13.008,13.581,12.256,12.458,12.32,12.949,13.355,12.683,12.753,13.009
12.951,12.924,12.577,12.098,12.452,12.884,13.118,12.34,12.838,13.448,12.48,13.014,12.809,13.141,12.946,12.488,12.489,13.151,12.394,12.975,12.991,13.119,12.368,12.341,12.653,12.587,12.563,12.759,13.24,12.298,12.82,12.419,12.67,13.136,13.127,12.778,12.73,12.442,12.767,12.425,13.115,12.666,12.879,12.144,12.597,12.722,12.355,12.556,12.548,13.426,12.89,12.987,12.869,13.37,12.704,12.979,11.981,12.438,13.301,12.646,13.146,12.954,13.238,12.593,12.494,12.709,13.041,12.501,12.857,12.788,12.264,12.946,12.758,12.599,13.194,12.891,12.275,11.838,12.106,12.645,12.925,12.868,12.818,12.883,13.128,12.87,12.453,12.884,12.376,12.989,12.29,12.699,13.123,12.151,12.728,12.495,12.18,12.728,13.607,12.673
12.469,12.93,12.702,12.349,12.832,12.427,12.282,12.862,12.774,12.616,12.885,12.653,12.558,12.196,12.79,12.38,12.354,13.293,12.589,12.793,12.798,12.387,12.271,13.053,13.209,13.374,12.834,13.073,13.092,12.4,12.858,12.584,12.627,12.646,12.589,12.665,12.688,13.27,12.888,12.934,13.005,12.605,12.835,12.446,13.17,13.253,12.881,12.954,12.491,12.837,12.936,12.463,13.058,13.37,13.011,12.849,11.928,13.007,12.676,12.954,12.903,12.546,12.7,12.75,12.584,12.424,12.216,13.173,12.693,12.735,12.774,12.533,12.824,12.526,13.074,13.398,12.889,13.01,13.282,13.329,12.806,13.209,12.73,12.682,12.917,12.274,12.12,12.738,12.43,13.391,12.578,12.018,13.072,12.543,12.674,12.968,12.467,12.678,12.481,12.447
12.713,12.271,12.904,12.245,13.067,12.817,13.144,13.141,12.892,12.264,12.408,13.586,12.951,13.224,12.9,11.805,12.437,12.849,12.208,12.644,12.513,12.363,13.144,12.215,13.282,13.106,11.832,12.963,12.932,12.667,12.57,12.914,13.091,12.24,12.178,12.478,13.079,13.523,12.787,13.09,12.551,12.413,12.944,12.389,12.252,11.982,13.164,13.058,13.034,12.374,12.717,12.459,13.516,13.172,13.245,13.126,13.008,12.631,12.21,12.719,13.102,13.095,13.283,13.065,12.868,13.159,12.612,12.85,12.617,13.012,12.431,12.784,12.333,12.514,12.444,12.999,13.062,11.999,13.152,12.693,12.912,13.003,12.804,13.201,11.909,13.517,13.247,12.669,12.295,12.436,12.719,13.487,12.418,12.944,12.67,12.587,13.309,12.851,12.155,12.45
12.649,13.123,12.598,12.143,12.302,13.078,12.473,12.876,12.808,12.933,12.568,12.422,12.672,12.463,12.287,12.035,13.05,12.65,13.11,12.863,12.639,12.715,12.502,13.18,13.023,12.104,13.107,12.964,12.664,12.791,12.983,12.612,12.719,13.105,13.501,12.158,12.82,11.965,12.668,12.768,12.429,12.803,13.235,12.533,13.267,12.573,13.325,13.277,12.43,12.83,12.549,12.59,12.758,13.64,13.285,13.13,12.855,13.041,12.749,13.174,13.167,12.14,12.415,12.699,12.592,13.151,13.072,12.936,12.798,13.028,12.961,12.824,12.838,12.403,13.347,12.843,12.85,13.173,12.54,12.8,12.62,13.218,12.581,12.573,12.805,13.253,12.385,12.956,12.314,13.247,13.138,11.718,13.098,12.579,12.492,12.821,13.427,12.749,11.856,13.018
12.654,12.356,12.776,12.116,13.152,12.468,12.965,12.843,12.418,12.066,12.11,12.578,12.722,12.184,12.849,12.532,12.532,12.13,12.986,13.032,12.938,12.76,12.938,12.141,12.766,12.097,12.832,12.383,13.108,12.577,13.203,12.916,12.619,12.484,12.333,12.669,12.293,12.89,12.844,12.54,12.64,12.436,12.677,12.723,12.471,12.801,13.129,13.179,12.494,12.923,12.464,12.908,13.288,12.033,12.002,12.866,13.268,12.742,12.359,13.19,12.523,12.44,12.542,12.86,12.592,12.434,12.872,13.258,12.669,12.646,12.459,13.315,12.669,12.97,13.029,12.395,12.212,13.342,13.022,12.397,12.457,13.257,12.875,12.973,13.287,12.227,12.401,13.095,12.233,13.128,12.533,12.717,12.306,12.764,12.869,12.903,13.361,12.718,11.783,12.253
12.755,12.61,12.59,11.757,12.767,12.793,12.622,12.921,12.258,13.535,13.07,12.451,13.288,13.462,12.779,13.171,12.478,13.19,12.387,12.87,12.399,12.479,12.665,12.091,12.547,12.394,12.622,13.069,12.451,12.745,12.732,12.54,12.325,12.162,12.046,13.099,12.593,12.615,12.298,12.829,13.039,13.19,12.887,12.774,13.384,13.249,13.121,12.828,12.43,12.817,12.595,12.305,13.002,13.711,12.507,13.081,12.357,12.394,12.58,12.773,12.312,12.501,12.065,12.975,12.595,13.132,12.33,12.889,12.635,12.872,12.774,12.126,12.657,12.703,12.887,12.73,12.726,12.341,12.514,13.298,13.031,13.014,12.535,13.125,12.638,12.807,12.897,12.48,13.178,13.027,12.805,12.142,13.208,12.439,12.904,12.77,12.901,12.779,12.685,12.312
13.082,13.059,12.777,13.051,12.426,12.424,12.677,12.506,12.832,13.343,12.149,12.679,13.034,12.473,12.77,12.423,12.554,12.422,12.282,12.919,12.999,12.758,12.221,12.514,12.771,12.792,12.244,13.17,11.168,12.395,13.312,12.374,12.744,13.09,13.032,12.497,12.374,12.858,12.619,12.839,12.689,12.619,12.549,12.472,12.741,12.979,13.144,12.217,12.379,12.49,12.778,12.98,12.645,12.364,12.851,12.919,12.037,12.977,12.144,12.976,13.002,12.92,12.96,12.933,12.595,13.089,12.239,12.782,12.609,12.516,12.62,12.663,13.233,12.945,13.333,13.148,12.664,12.622,13.324,12.67,12.606,12.945,12.555,12.556,12.502,12.411,12.285,13.064,11.995,13.41,13.325,13.843,12.956,12.56,12.423,12.832,13.302,12.549,12.271,13.122
12.727,12.895,12.49,12.103,13.027,12.958,12.35,12.971,13.124,12.308,12.355,12.737,12.712,12.494,12.825,12.646,12.844,12.06,12.408,12.589,12.959,13.034,12.722,12.53,12.311,12.154,12.604,12.636,12.258,12.932,12.957,12.435,13.082,12.371,12.327,12.83,12.523,12.87,12.982,13.005,12.923,13.021,13.157,12.591,13.29,12.249,12.82,13.395,13.129,12.864,12.779,13.039,12.437,12.335,12.049,12.648,13.113,13.023,12.371,12.986,12.452,13.214,12.682,12.705,12.639,12.682,13.253,12.661,12.898,12.897,13.095,11.538,13.156,12.772,12.154,12.267,12.415,13.033,13.266,12.634,12.385,11.799,12.942,12.977,13.484,12.215,13.202,12.779,12.144,12.953,12.723,13.422,12.441,13.033,12.921,12.892,12.406,12.796,12.925,12.952
12.528,13.052,12.548,11.946,12.18,12.807,12.459,12.545,12.632,12.644,13.432,13.231,12.393,12.498,12.164,13.064,12.363,13.521,13.025,12.676,12.452,12.488,12.924,12.452,12.57,12.823,12.703,12.653,12.563,12.201,12.808,12.72,12.93,12.858,11.75,12.916,12.338,12.048,12.56,12.146,12.375,12.765,13.653,13.146,12.923,12.411,13.126,13.224,13.343,12.908,12.69,12.91,12.864,12.67,12.399,13.021,13.363,12.944,13.568,12.908,12.762,12.386,11.749,12.658,12.647,13.188,13.224,12.603,12.819,12.915,12.472,12.678,12.464,12.697,13.381,12.871,12.337,12.904,12.174,12.805,12.906,13.354,12.776,13.148,12.199,12.049,13.177,12.408,13.613,13.029,13.326,12.773,13.053,12.303,12.467,12.764,12.304,12.984,12.909,12.306
12.777,12.774,12.713,12.29,12.331,12.443,13.001,12.894,12.365,13.786,12.587,12.986,12.338,12.386,12.864,12.06,12.787,12.765,12.197,12.626,12.853,12.364,13.142,12.505,12.919,13.09,12.531,12.907,12.275,13.27,12.817,12.749,12.735,12.063,12.35,12.277,12.518,12.853,12.48,12.363,12.648,12.499,12.373,13.045,12.544,12.618,13.326,12.755,12.591,12.496,12.399,12.962,12.934,13.463,13.165,13.106,13.569,12.546,12.761,13.105,12.493,13.32,13.165,12.751,12.573,12.441,12.396,12.564,12.751,12.754,12.425,12.85,12.575,12.897,12.489,13.145,12.501,12.994,13.134,12.934,12.921,13.33,12.544,13.07,13.349,13.335,12.897,12.779,13.252,13.286,12.6,13.685,12.389,13.144,12.743,12.68,12.56,12.528,13.606,12.315
12.721,12.621,12.826,12.344,12.35,12.686,12.523,12.34,12.925,13.218,12.595,12.929,12.772,12.393,12.586,13.185,12.871,12.641,13.079,12.695,13.059,13.391,13.217,12.306,12.816,13.157,12.933,12.257,12.481,12.155,12.768,12.744,12.713,12.187,12.714,13.047,12.411,12.444,13.047,11.973,13.01,12.568,12.134,12.312,12.369,12.563,12.463,12.83,13.428,12.467,12.554,12.812,12.948,12.178,12.34,13.298,12.55,12.866,12.913,12.336,12.745,12.862,13.22,12.629,12.879,12.197,13.266,12.595,12.713,12.873,12.412,12.659,13.308,12.634,12.652,12.569,12.528,12.839,12.155,12.639,12.508,11.806,12.935,12.717,12.896,12.915,12.32,12.487,13.093,12.946,12.315,13.25,12.866,13.093,12.519,12.743,12.76,12.796,13.585,12.459
12.484,12.507,12.266,13.435,12.316,12.5,12.143,12.94,12.707,13.519,12.806,13.238,12.657,12.672,12.779,12.417,12.541,12.628,12.213,12.865,12.506,12.365,12.372,12.627,12.935,13.303,12.65,12.287,13.67,13.071,12.357,12.663,12.548,12.309,12.999,12.876,12.299,12.507,12.781,13.008,12.39,12.352,12.492,12.532,13.279,12.933,12.685,13.17,12.953,12.891,12.494,12.511,12.886,13.173,12.664,12.116,12.56,12.911,13.509,12.687,13.098,13.137,12.401,13.092,12.823,13.088,12.306,12.465,12.743,12.919,12.512,12.457,12.836,12.831,12.209,12.533,12.67,13.036,13.325,12.65,12.674,12.262,12.669,12.991,12.04,12.626,13.265,12.603,12.951,12.704,12.586,13.656,13.186,13.018,12.616,12.658,12.301,12.595,12.901,12.865
12.978,13.203,12.809,12.261,12.332,12.849,13.329,12.652,12.799,13.052,12.052,12.754,12.188,12.547,12.661,13.216,12.726,12.911,12.207,12.734,12.83,13.367,12.335,13.024,12.583,12.405,13.338,12.991,12.976,12.796,13.082,13.127,12.619,13.213,13.224,12.556,12.469,12.695,12.558,12.765,12.495,13.252,13.326,13.064,12.365,12.872,12.058,12.234,12.369,12.355,12.744,12.5,12.346,12.312,11.978,12.375,12.121,12.415,12.912,13.097,12.716,13.043,12.6,12.685,12.418,13.271,12.447,12.948,12.52,12.696,12.375,12.733,12.558,12.533,12.144,12.825,13.397,13.462,12.17,12.489,12.804,12.641,12.657,12.502,13.297,12.798,12.435,12.832,12.313,12.808,11.691,13.821,12.907,13.011,12.627,12.707,12.33,12.892,12.774,13.259
12.533,12.346,12.535,13.345,13.107,12.969,12.563,12.912,12.5,13.118,12.705,13.115,12.818,13.056,12.743,13.654,12.956,13.115,12.985,12.378,12.856,13.255,12.271,12.413,12.895,12.204,12.327,12.304,11.526,12.802,13.071,12.983,12.595,12.942,13.164,12.358,12.636,12.577,12.883,13.332,12.571,12.616,12.245,12.453,13.391,12.226,13.323,12.84,12.825,12.334,13.124,12.496,13.253,12.339,11.946,13.139,13.042,12.577,12.819,13.112,12.668,13.117,11.618,12.461,12.71,13.357,13.296,12.77,12.89,13.036,12.898,12.778,13.038,12.74,12.237,12.563,12.767,13.363,12.558,13.047,12.57,13.385,12.633,13.022,12.944,12.995,13.058,12.786,12.455,12.711,12.32,13.067,12.913,12.757,12.607,12.766,12.549,13.04,12.583,12.622
12.51,12.374,12.658,12.243,12.624,12.564,12.785,13.137,12.975,12.809,13.327,13.331,12.104,13.097,12.564,11.993,12.352,12.104,12.802,12.702,12.518,12.335,12.648,13.139,12.531,13.164,13.437,12.348,13.039,13.097,12.972,12.706,12.8,12.367,13.129,13.066,12.299,12.571,12.469,12.558,12.837,11.936,12.236,12.53,13.272,13.301,12.201,13.139,12.308,11.952,12.648,12.643,12.53,12.333,11.759,12.701,13.053,12.74,12.6,12.547,12.549,12.257,12.545,12.403,12.963,13.238,12.208,12.997,12.85,13.134,12.109,12.601,12.726,12.684,12.45,12.543,12.905,13.298,12.922,12.922,12.924,13.58,12.607,12.606,12.738,12.508,12.791,12.555,13.206,12.794,12.312,11.657,12.415,12.883,12.721,12.705,12.887,12.565,13.216,12.356
12.594,12.312,12.955,12.814,12.267,12.582,12.722,12.487,13.098,12.868,12.438,12.54,13.257,13.427,12.951,12.768,12.925,13.349,12.601,12.802,12.353,12.151,12.67,12.52,12.062,13.051,13.336,12.781,13.154,12.873,12.534,12.376,12.478,12.776,12.393,12.324,13.295,12.191,12.276,12.73,13.139,12.601,12.592,12.722,13.183,12.851,13.878,13.003,13.264,12.797,12.42,12.905,13.085,12.766,13.265,12.697,12.299,12.636,13.305,12.938,12.548,12.978,12.102,12.544,12.783,12.651,12.076,13.166,12.67,12.983,12.044,13.121,12.827,12.731,13.622,12.709,12.99,13.476,12.234,12.731,13.095,13.824,12.852,12.888,12.936,12.537,13.184,12.63,13.134,12.698,13.452,11.893,13.014,12.32,12.565,12.68,13.286,12.682,12.48,13.104
12.773,12.989,12.837,13.287,12.331,12.879,12.856,12.031,12.786,13.263,12.927,12.863,13.092,13.572,12.789,12.749,12.413,11.761,12.471,12.594,12.778,13.008,12.745,12.863,12.354,12.213,13.063,12.563,12.844,12.873,12.649,11.909,12.819,12.978,12.063,13.073,13.161,12.095,12.448,12.965,13.054,12.497,13.149,12.814,13.116,12.168,13.358,13.006,12.779,12.909,12.47,12.828,12.525,12.69,11.783,12.374,12.64,12.545,13.052,12.377,12.514,13.219,13.555,12.737,12.867,13.295,12.912,12.792,13.012,12.784,12.043,12.564,12.633,12.828,13.106,12.389,12.53,13.303,12.846,12.551,12.676,12.978,12.509,12.582,13.205,12.551,12.971,12.833,13.115,12.774,13.329,12.334,13.064,12.162,12.47,12.722,12.472,12.523,12.535,13.067
12.658,12.963,12.494,12.572,13.175,13.039,12.906,13.117,13.058,12.727,13.001,12.158,12.537,12.204,12.769,13.294,12.869,12.23,12.613,12.852,13.074,13.217,12.372,12.61,13.053,13.18,12.48,13.107,11.818,13.12,12.868,12.509,12.415,12.367,12.751,12.932,13.43,13.573,12.818,13.528,12.459,12.585,12.509,12.704,13.066,12.268,11.711,12.484,12.843,12.381,12.441,12.919,12.933,12.456,13.299,12.089,13.213,12.37,13.184,12.777,13.019,12.966,12.878,12.933,12.553,12.909,13.175,12.372,12.822,12.483,13.345,12.834,12.388,12.809,12.985,12.517,12.754,12.625,13.15,12.857,12.551,13.906,12.606,13.225,12.419,12.488,12.893,12.631,12.904,12.476,12.391,12.914,12.386,12.239,12.988,12.787,12.734,12.928,12.418,12.599
12.728,12.675,12.711,13.214,12.751,12.742,12.684,11.815,12.692,12.983,13.141,12.757,11.832,12.541,12.225,12.467,12.583,12.394,12.397,12.636,12.648,12.791,13.198,12.344,12.234,13.123,12.849,12.198,12.596,12.776,12.822,12.419,13.208,13.257,13.403,12.513,12.198,12.673,12.774,12.153,12.59,12.653,12.791,12.789,12.797,13.187,12.824,12.656,12.373,13.324,13.086,12.627,13.02,13.669,12.718,12.747,12.574,13.106,13.465,12.625,12.495,13.226,13.6,12.931,12.794,12.473,13.333,12.724,12.943,12.671,12.587,12.516,12.704,12.775,12.85,12.563,13.032,12.358,12.772,12.972,12.681,12.979,12.894,12.768,13.203,12.631,13.719,12.88,12.232,12.817,11.971,12.851,12.532,12.559,13.019,12.694,13.196,12.728,12.565,13.165
12.598,13.165,12.819,12.797,12.316,12.666,12.988,11.81,12.921,12.85,12.696,12.684,13.278,12.375,12.34,12.983,12.738,12.442,12.607,12.798,12.514,12.527,12.885,12.379,12.355,12.726,12.64,12.994,12.189,12.836,12.419,13.325,12.847,12.701,13.342,12.378,12.797,12.39,12.462,13.489,12.422,12.104,12.752,12.862,12.828,12.908,12.811,12.853,12.25,12.501,12.567,13.299,12.825,12.455,13.604,12.441,12.115,12.549,12.018,12.63,12.679,13.137,12.896,13.059,12.837,11.983,12.679,12.883,12.994,12.864,12.008,12.352,12.731,12.756,13.109,12.475,12.468,12.649,12.62,11.902,12.908,12.345,12.574,12.6,12.846,12.86,11.933,12.64,12.201,13.091,13.056,12.384,12.831,12.911,12.564,12.719,12.511,12.686,12.417,12.628
12.953,13.148,12.518,13.156,12.9,13.028,12.785,13.054,13.042,12.549,13.467,12.145,13.363,12.49,12.788,11.92,12.969,13.141,12.631,12.645,12.882,13.167,12.43,12.253,12.878,12.382,12.338,12.559,12.577,12.233,12.56,12.953,12.685,12.672,12.169,12.663,13.152,12.234,13.29,12.139,12.829,12.702,12.509,12.689,12.598,12.454,12.917,13.042,13.177,13.192,12.568,12.963,13.402,13.652,13.13,12.236,12.453,12.087,12.468,12.556,12.203,12.598,12.084,12.728,12.725,12.297,12.086,12.86,12.594,12.316,13.405,12.862,13.309,12.874,12.603,12.6,12.485,12.791,13.294,13.308,12.542,12.221,12.782,12.994,13.232,12.546,13.214,12.898,12.281,12.459,12.584,12.962,12.538,12.168,12.452,12.586,12.802,12.432,13.068,12.574
12.647,12.761,12.794,12.296,12.512,12.454,12.344,12.525,12.611,13.286,12.646,12.251,13.083,13.472,12.675,13.364,12.886,12.286,12.424,12.895,12.912,13.15,12.484,13.077,13.165,13.172,12.324,12.353,12.768,12.928,12.437,12.512,13.065,12.858,11.68,12.567,12.326,13.312,12.148,12.104,12.395,12.632,12.88,12.724,12.801,12.467,13.322,12.459,12.052,12.855,12.98,12.712,12.748,12.869,11.894,12.127,13.139,12.548,12.459,13.242,12.141,12.638,12.584,12.959,12.705,13.656,12.494,12.89,12.955,13.026,11.958,12.96,12.831,12.641,13.104,12.513,12.226,12.43,13.087,13.504,12.76,12.926,12.671,12.762,12.425,11.985,13.101,12.87,13.138,12.848,12.801,12.693,12.98,12.962,12.509,12.697,13.053,12.791,13.043,12.612
12.711,12.747,12.703,13.199,13.024,13.029,12.373,13.342,12.969,13.051,12.932,12.208,12.702,13.327,12.895,13.054,12.64,12.234,12.955,13.035,12.493,12.541,12.797,12.888,12.505,12.886,12.201,13.144,12.978,12.309,12.625,12.022,12.841,13.293,12.743,13.058,13.169,12.595,13.028,13.034,13.009,12.621,12.353,12.662,13.091,13.258,13.053,12.196,13.253,12.784,13.135,12.888,12.443,12.996,12.691,13.181,12.1,13.22,13.337,12.865,12.64,12.559,11.731,12.78,12.671,12.696,12.868,12.85,12.559,12.256,12.699,13.016,12.515,12.562,12.335,12.332,12.604,13.452,12.234,12.39,12.544,13.485,12.642,12.422,12.95,11.792,13.122,13.093,12.496,12.719,12.636,13.527,12.431,12.264,13.058,12.418,13.063,12.983,13.183,13.078
12.621,12.502,12.826,13.363,13.055,12.844,13.023,12.74,12.609,12.642,12.504,12.695,12.238,12.246,13.073,12.627,12.947,13.469,12.857,12.887,12.97,12.803,12.749,12.79,12.495,12.201,12.312,12.546,12.538,12.457,12.909,12.268,12.602,12.733,12.98,12.911,13.215,12.129,12.237,12.419,12.818,12.371,12.5,12.767,12.705,13.328,13.698,12.515,12.205,12.3,12.698,12.819,13.056,12.347,13.151,13.432,13.278,13.132,11.915,12.344,13.113,12.795,12.666,12.698,12.724,12.614,12.778,12.829,12.408,13.088,13.21,12.991,12.467,12.578,12.453,12.827,13.222,12.906,12.445,13.106,12.483,12.245,12.733,12.888,12.449,12.227,11.764,12.771,13.247,13.08,13.796,12.919,13.195,12.53,12.462,11.864,12.805,12.715,12.951,12.415
12.804,12.719,12.757,12.161,13.409,12.799,12.536,13.394,12.283,12.778,13.047,12.636,12.001,12.524,12.383,11.737,12.477,12.1,12.302,12.749,12.431,13.038,12.825,13.041,13.167,13.435,13.457,12.657,12.087,12.828,12.726,12.736,12.468,12.183,12.202,13.12,12.841,12.292,13.124,12.362,13.076,12.476,12.651,12.745,12.639,12.033,13.359,12.579,12.682,12.589,12.416,12.984,12.343,12.096,13.738,12.51,12.725,13.117,12.198,12.696,12.152,13.032,12.256,12.905,12.696,13.217,12.167,12.635,12.372,12.893,11.978,12.683,12.691,12.885,12.932,12.399,12.488,13.021,12.492,12.293,12.965,12.943,12.743,13.259,13.06,12.543,11.836,12.586,13.162,12.61,12.242,12.589,12.851,13.039,12.501,12.008,12.967,12.606,12.425,12.851
12.721,12.643,12.496,11.893,13.179,13.091,12.301,12.977,12.846,12.683,13.207,12.463,12.464,13.094,12.914,12.179,13.131,12.28,12.844,12.662,12.867,12.594,13.105,13.084,12.862,12.969,12.938,13.175,12.302,13.214,12.982,13.352,12.446,12.065,12.35,12.593,13.021,12.663,12.61,13.125,13.076,12.028,12.759,12.481,12.795,12.879,13.599,12.825,13.295,12.911,12.591,12.423,12.191,13.413,12.162,13.329,12.498,12.907,12.453,13.132,13.437,12.399,11.621,12.568,12.893,12.809,12.496,12.727,13.031,12.827,13.185,12.442,12.768,12.494,13.182,12.602,12.207,12.782,12.882,12.882,12.868,12.476,12.923,12.518,12.682,12.902,12.02,13.085,12.603,12.515,12.904,13.335,12.567,12.374,12.293,13.576,12.895,13.157,12.551,12.348
12.809,13.006,12.753,13.199,12.965,12.663,13.091,12.499,12.381,12.899,13.126,12.788,11.702,13.265,12.597,11.838,12.735,12.199,13.041,12.754,12.692,12.766,12.7,12.905,13.376,12.918,12.899,12.461,13.054,12.31,12.75,12.238,13.178,13.449,12.383,13.018,12.537,11.88,12.647,11.882,13.21,12.633,13.069,12.609,12.555,12.739,12.367,12.367,12.502,13.002,12.963,12.966,13.087,12.252,12.63,12.806,12.753,12.452,12.772,12.275,12.534,12.34,12.41,12.667,12.424,12.272,13.095,12.751,12.758,13.068,12.527,12.911,12.069,12.486,12.303,12.438,12.959,13.103,12.334,12.746,12.566,12.481,12.797,12.422,12.986,12.716,11.967,13.19,13.245,13.019,12.447,13.132,12.954,12.898,12.863,12.368,12.847,13.057,13.302,13.092
12.676,12.871,12.63,13.345,12.27,12.388,13.057,12.923,13.094,13.159,12.332,12.785,12.43,13.087,12.835,13.711,12.725,12.338,12.429,12.936,12.904,12.531,12.34,12.465,12.241,13.195,12.964,12.418,12.603,12.768,12.951,13.343,12.999,12.748,12.799,12.991,12.542,12.732,12.586,12.43,13.275,12.584,12.927,12.79,12.717,13.268,12.629,12.256,12.146,12.411,12.534,13.078,12.456,12.331,11.764,13.045,13.316,12.436,12.169,12.378,13.248,12.242,13.411,12.739,12.857,12.701,13.031,12.789,12.852,12.751,12.359,12.557,13.084,12.636,12.309,12.571,13.229,12.385,12.515,12.465,12.565,12.683,12.708,13.178,11.817,12.019,13.553,12.983,12.569,12.995,11.663,12.949,12.97,12.709,13.082,13.658,12.678,12.964,12.832,13.203
12.887,12.721,12.946,12.865,12.343,12.651,12.853,13.386,12.783,13.163,12.849,12.252,13.015,13.096,12.258,13.658,12.499,13.273,13.198,12.599,12.737,12.612,12.86,12.387,12.743,12.746,13.288,12.562,12.927,12.914,12.842,12.387,12.646,13.145,13.486,13.069,12.483,12.832,12.702,12.811,12.893,12.522,12.027,12.579,12.779,12.672,13.222,13.028,12.349,12.38,12.398,12.469,12.337,12.852,12.828,12.278,13.017,13.024,12.317,13.108,13.22,13.108,13.518,12.384,12.256,12.489,13.174,12.757,13.043,12.914,12.705,12.964,12.862,12.704,13.094,12.977,12.511,12.696,12.685,12.318,12.874,12.488,12.797,12.593,11.943,13.497,13.716,12.504,12.925,12.546,13.352,12.998,12.804,12.401,13.004,13.066,13.401,12.753,12.454,12.468
12.672,12.452,12.805,13.393,12.829,12.544,12.178,12.17,12.971,12.489,13.227,12.604,11.748,13.051,12.212,12.834,12.597,12.657,12.338,12.785,12.856,13.197,13.023,13.021,12.923,13.172,12.641,12.944,12.823,12.771,12.524,13.397,12.587,12.764,12.978,12.869,12.817,12.131,12.833,12.907,12.475,13.361,12.284,12.696,13.019,12.424,13.231,12.98,12.183,13.008,12.524,12.409,13.137,13.052,13.079,12.391,13.151,12.643,12.78,12.982,12.426,13.07,13.089,12.946,12.602,12.874,13.163,12.683,12.688,12.262,13.243,13.161,12.697,12.979,13.051,12.86,13.004,12.168,12.031,13.411,12.88,12.311,13.036,13.226,12.588,13.904,13.29,12.496,13.486,13.037,12.285,12.535,13.038,12.651,13.032,12.166,12.192,12.666,13.234,13.195
12.897,13.003,12.775,12.593,13.114,12.655,12.412,12.075,12.959,12.41,13.166,12.97,12.276,13.158,13.562,12.697,12.866,12.304,13.06,12.658,12.944,12.983,12.468,12.542,12.646,13.182,12.567,12.787,13.621,12.939,12.646,12.237,12.952,13.262,13.049,12.702,12.757,12.564,12.15,12.783,12.781,12.655,12.852,12.64,12.818,11.935,12.172,12.523,12.467,12.226,12.904,13.047,12.539,12.573,13.514,12.62,12.55,13.002,12.621,13.154,13.23,13.22,13.65,12.842,12.694,12.292,12.909,12.847,13.43,13.014,12.395,12.665,13.292,12.501,12.717,12.264,13.103,12.767,12.187,13.073,12.724,13.395,12.757,12.888,12.375,11.991,12.946,12.326,12.986,12.773,12.264,13.285,12.641,12.73,12.947,13.143,12.027,12.596,13.106,12.585
12.17,12.578,12.854,12.859,13.328,12.842,12.292,13.029,13.363,13.131,12.008,12.837,13.725,12.721,12.746,12.148,12.923,13.302,12.406,12.613,13.006,13.005,12.293,12.555,13.064,13.198,13.204,13.076,12.788,12.769,13.108,12.567,12.948,12.941,12.084,12.585,12.805,12.022,12.506,12.251,12.538,13.382,12.857,12.876,12.758,13.262,12.863,13.163,12.238,12.84,12.458,13.003,13.24,12.36,12.784,12.898,12.933,13.191,12.179,13.359,12.884,12.741,12.095,12.303,12.699,13.132,12.462,12.578,12.715,12.704,12.546,12.666,12.341,12.452,13.219,12.688,13.023,13.011,13.138,12.648,12.89,13.526,12.672,13.381,13.256,13.005,11.832,12.724,12.729,12.914,13.156,12.079,12.434,12.839,13.094,13.107,12.786,12.511,12.495,13.15
12.876,12.567,12.675,12.017,12.912,13.329,12.59,12.604,12.177,12.676,13.446,12.854,12.154,12.794,12.409,11.938,12.844,12.648,12.553,12.645,12.709,12.578,13.027,12.476,13.015,13.107,12.567,12.404,12.968,12.327,13.128,13.156,13.021,12.436,12.424,12.644,12.254,12.269,12.918,12.731,12.175,13.296,13.127,12.767,12.85,12.636,12.325,12.321,12.734,12.789,12.492,13.012,12.345,13.204,13.123,13.27,12.348,12.584,13.182,12.392,12.919,12.881,12.498,12.393,12.394,11.984,13.173,12.89,12.429,12.786,13.009,12.314,12.853,13.047,12.498,12.877,12.555,12.742,12.5,12.616,12.872,13.243,12.679,12.634,12.636,11.698,13.154,13.108,12.889,12.501,13.29,12.541,12.513,12.406,12.364,12.649,12.176,12.609,12.939,12.385
12.552,12.809,12.885,12.412,13.099,12.236,12.427,13.389,12.447,12.601,12.061,12.849,13.127,13.066,12.148,12.424,12.853,11.912,13.031,12.641,12.584,12.678,13.069,12.49,12.33,13.065,13.183,13.129,13.736,13.164,12.28,13.214,12.48,12.585,12.76,12.498,12.434,12.664,12.822,12.188,13.063,12.765,12.347,12.632,12.627,12.659,11.709,12.862,13.151,13.047,12.601,13.003,13.066,12.551,12.78,12.31,13.512,12.484,13.306,12.436,12.934,12.615,11.917,13.244,12.989,12.652,12.12,12.849,13.234,12.916,12.881,12.806,12.852,12.765,12.702,12.524,12.532,12.214,12.719,13.071,12.967,12.471,12.641,12.313,12.544,12.414,12.451,12.377,13.056,12.622,12.03,12.955,13.013,13.107,12.398,12.825,13.261,12.689,12.45,13.119
12.886,12.798,12.764,12.756,12.747,12.683,13.092,12.543,12.371,12.631,13.383,12.337,13.06,12.214,13.127,12.778,12.847,12.656,12.487,12.635,12.477,12.42,12.128,13.029,12.915,12.561,12.938,12.663,11.697,12.381,12.34,12.919,13.165,13.102,12.605,12.573,12.441,12.669,12.945,12.515,12.883,13.723,12.195,12.679,12.519,13.42,11.891,12.17,12.262,13.286,13.023,13.259,12.346,12.733,12.618,12.055,12.369,12.897,12.566,12.91,13.03,12.918,12.978,12.472,12.613,13.51,12.935,12.82,12.88,12.745,12.593,12.978,12.586,12.818,12.586,12.479,12.629,12.962,12.942,13.023,13.077,12.349,12.899,13.042,13.234,12.683,12.24,12.884,12.848,12.989,12.439,13.244,12.525,12.582,12.903,12.42,12.497,12.375,13.257,12.623
12.721,12.679,12.787,12.199,13.186,12.436,12.912,12.832,12.413,13.057,12.474,12.952,13.12,12.388,11.999,12.624,12.49,13.222,12.398,12.716,12.603,12.875,12.599,12.842,12.449,12.386,12.155,12.778,13.85,13.076,12.496,13.123,13.006,12.913,12.772,12.597,12.593,13.28,12.778,12.772,12.409,12.749,12.534,12.638,12.694,12.25,11.995,12.511,12.798,12.851,12.679,13.018,13.064,12.819,11.984,13.226,13.615,13.008,13.08,12.353,12.322,13.243,12.71,12.707,12.934,13.414,13.188,12.378,12.713,13.071,12.346,12.507,12.698,13.101,13.309,12.539,12.555,12.534,12.031,12.971,12.696,13.285,12.781,12.354,12.989,13.84,11.971,13.185,12.222,12.352,12.328,13.029,13.037,12.744,13.005,12.588,12.204,12.488,12.663,12.138
13.09,12.533,12.729,13.26,12.958,12.647,13.191,12.73,12.253,12.771,12.936,13.091,11.871,12.279,12.447,12.57,12.778,12.863,13.153,12.573,12.59,13.05,12.446,12.888,12.943,12.286,13.167,13.145,12.893,12.912,12.918,12.515,13.098,13.107,13.253,12.722,13.173,12.98,13.164,12.369,13.004,13,12.533,12.774,12.551,12.997,13.483,12.456,13.162,12.809,12.497,12.434,12.335,13.236,11.503,12.935,12.83,12.59,13.282,12.612,12.922,13.298,12.274,12.866,12.657,13.005,12.994,12.693,12.538,12.784,12.218,13.047,13.003,12.925,12.42,12.549,12.696,12.835,12.565,12.998,13.024,11.79,12.811,12.659,12.422,12.541,13.792,12.524,12.161,12.546,13.165,12.473,12.462,12.577,13.018,12.869,12.76,12.468,12.808,13.046
12.602,12.858,13.074,13.52,12.358,12.19,12.346,13.083,13.166,12.441,12.926,12.915,12.406,12.317,12.614,12.434,13.119,12.164,12.703,12.567,12.939,12.478,12.51,13.129,12.871,12.868,12.363,12.516,12.215,12.709,12.518,12.72,12.456,12.76,12.974,12.84,12.762,12.759,12.486,12.411,12.404,12.689,12.201,12.656,12.64,12.991,12.39,13.124,12.888,12.674,12.638,12.429,12.428,13.061,13.327,13.071,11.862,12.694,12.791,12.487,12.235,12.842,13.578,12.919,13.018,13.908,13.13,12.64,13.174,12.595,12.492,12.948,12.249,12.734,12.618,13.091,12.853,12.999,12.798,12.512,12.477,12.278,12.869,12.788,13.075,12.819,11.898,12.452,12.181,12.567,13.67,13.126,12.533,12.727,12.588,12.353,12.119,12.649,12.917,12.174
12.994,12.872,13.042,13.268,12.777,13.281,12.439,12.643,13.16,13.124,13.434,12.735,12.429,12.726,12.408,12.591,12.542,13.298,12.604,12.487,12.569,12.588,13.125,13.011,12.066,12.272,12.583,12.87,12.256,12.97,12.589,12.835,13.035,12.872,12.659,13.075,12.355,12.582,12.39,12.866,12.55,12.61,12.191,12.696,12.733,13.257,13.603,13.195,12.262,13.542,12.599,13.077,12.458,12.537,12.565,12.985,12.245,12.762,13.195,13.018,13.18,13.062,14.05,12.87,12.546,11.664,12.124,12.367,12.61,12.528,12.544,12.903,12.919,13.019,12.53,13,12.681,13.059,12.361,12.914,12.199,13.882,12.713,12.318,13.08,13.072,13.341,12.457,13.325,13.021,12.662,12.457,12.616,13.405,12.988,12.641,13.009,12.557,12.515,12.598
12.407,12.877,13.171,12.201,12.468,12.101,12.524,12.755,12.782,12.782,13.131,12.325,12.097,13.101,12.871,13.561,12.544,13.09,12.566,12.794,12.705,13.088,12.765,13.19,13.157,12.995,13.037,12.793,12.383,12.799,12.858,12.683,12.338,13.068,12.907,12.624,12.826,12.929,13.169,12.457,12.538,12.665,12.691,12.565,12.99,13.194,12.461,12.576,13.168,13.361,12.906,13.184,12.771,13.415,12.998,12.657,11.986,12.531,12.188,12.508,12.754,13.054,13.362,12.881,12.656,12.741,13.132,12.279,12.782,12.472,12.468,12.324,13.141,12.915,12.625,12.618,12.731,12.664,12.354,13.099,12.189,13.131,12.473,12.484,12.836,13.369,13.249,12.856,12.896,12.362,13.06,12.523,12.557,13.007,12.959,12.543,12.432,12.867,12.484,13.361
12.314,12.694,13.343,11.971,12.476,12.362,12.994,12.975,12.859,12.433,13.217,12.387,12.77,13.047,12.654,13.24,12.676,12.475,13.106,12.749,12.614,12.899,12.932,12.466,12.51,13.197,12.51,12.196,12.871,12.902,12.456,12.908,12.914,12.361,13.251,12.906,12.651,12.657,12.782,12.821,12.413,12.722,12.426,12.549,12.606,12.343,13.347,13.006,12.279,12.866,12.969,12.001,12.282,13.131,12.122,12.438,12.294,12.91,12.356,12.515,12.708,12.421,12.403,12.828,12.852,13.218,13.338,12.438,12.848,12.433,12.975,12.758,13.16,12.777,13.012,12.95,12.783,13.139,12.844,12.665,12.793,13.608,12.776,13.023,12.501,12.812,13.184,12.246,13.301,12.737,12.562,12.403,12.896,12.396,12.696,12.743,12.476,13.211,13.077,13.444
12.465,12.929,12.241,13.158,13.146,12.997,12.386,12.754,12.405,12.969,13.582,12.603,12.479,12.34,12.866,12.927,12.73,13.208,13.096,12.751,12.726,13.284,13.026,12.538,12.66,12.43,12.15,12.485,12.779,12.652,12.481,12.753,12.268,12.773,12.367,12.765,12.952,12.446,13.285,13.081,12.178,11.928,12.451,12.8,12.786,12.779,13.332,12.648,12.474,13.119,12.25,12.183,12.659,12.537,12.65,13.071,12.222,12.543,11.875,12.861,12.782,12.254,11.752,13.509,13.033,13.004,12.36,12.654,12.462,12.885,12.514,13.226,12.74,12.793,13.086,12.964,12.719,12.509,12.497,12.815,12.556,13.1,12.588,13.129,12.645,13.005,12.156,13.178,13.251,13.197,12.238,12.254,12.866,12.831,12.447,12.693,12.972,13.112,13.023,12.383
12.69,12.269,12.032,12.308,13.061,12.104,13.247,12.436,12.895,12.721,12.343,12.941,13.199,12.519,12.955,12.882,12.828,13.359,12.896,12.702,12.696,13.03,13.011,12.543,12.5,13.197,13.046,12.298,12.207,12.768,12.631,12.574,13.254,12.21,13.282,13.006,12.888,13.128,13.207,12.684,13.062,12.631,12.614,12.701,12.723,13.154,12.304,12.224,12.943,13.313,12.599,12.405,13.068,13.075,12.342,13.203,12.778,12.513,13.789,12.662,12.359,12.217,12.659,13.216,12.353,11.938,12.826,12.752,12.615,12.669,12.587,12.509,12.412,12.66,13.003,12.85,12.293,12.798,12.953,12.696,12.18,12.711,12.736,12.814,12.971,12.433,12.119,13.041,12.957,13.318,13.481,12.723,12.407,12.737,12.567,12.635,12.748,12.735,12.772,12.741
12.782,12.492,12.063,13.391,13.019,13.169,12.809,12.547,12.358,12.507,12.661,12.649,13.06,12.183,13.122,11.622,12.559,12.507,13.06,12.796,12.442,12.381,13.222,12.256,12.905,12.295,12.292,12.244,12.63,12.654,12.661,13.503,12.41,12.827,13.017,12.544,13.021,12.639,12.474,12.967,12.471,12.303,12.783,12.782,12.593,12.194,11.822,12.446,12.929,12.226,12.704,12.823,12.8,12.507,13.305,12.279,13.323,12.591,12.573,12.445,12.595,12.176,12.236,12.116,12.767,12.64,12.9,13.067,12.918,12.895,12.781,13.093,12.96,12.704,13.079,12.969,12.468,13.02,12.824,12.784,12.588,12.923,12.731,12.671,12.314,13.187,12.421,13.235,13.089,12.471,12.286,12.735,12.267,13.144,12.657,12.892,12.55,12.668,12.884,13.1
12.794,12.69,12.103,12.786,12.346,12.1,12.913,12.511,12.456,12.475,12.755,12.66,12.428,12.474,12.528,13.191,12.515,12.998,12.75,12.712,13.015,12.867,12.694,12.425,12.765,12.34,12.259,12.5,13.003,12.74,12.754,12.647,13.092,12.787,12.641,12.842,12.618,12.199,12.248,13.068,12.167,12.739,12.743,12.696,12.586,13.159,13.012,13.096,12.556,13.262,12.517,12.937,12.522,13.044,12.325,12.715,12.347,12.644,12.072,13.12,12.798,12.737,14.1,12.591,13.011,13.957,12.307,12.777,13.16,12.583,13.199,12.861,13.017,12.748,12.935,13.022,12.735,13.028,12.723,12.802,13.091,12.476,12.799,13.051,13.352,12.952,11.768,12.618,13.065,13.289,12.322,12.855,12.432,12.679,12.889,12.592,13.086,12.248,12.834,13.069
12.378,12.549,12.481,12.856,12.82,12.726,12.875,12.439,13.201,12.679,12.163,12.304,12.348,13.163,13.12,12.728,12.528,12.102,12.919,12.692,12.444,12.553,12.423,12.3,12.638,13.035,12.327,12.439,11.889,12.868,12.802,12.288,12.558,13.352,12.89,12.707,12.971,12.45,13.235,12.609,13.027,12.85,13.151,12.598,12.937,13.175,13.076,12.254,12.297,12.462,12.852,13.043,12.26,12.529,12.832,12.172,12.049,12.861,13.375,12.601,12.378,12.669,12.643,13.006,13.166,12.756,12.171,13.072,12.569,12.514,12.41,13.085,13.023,12.724,12.756,12.741,12.377,12.678,12.311,12.941,12.445,12.418,12.911,12.993,13.005,12.172,12.082,12.942,12.472,13.116,13.584,12.492,12.622,12.737,12.733,12.505,13.1,12.357,12.582,11.876
12.438,13.087,12.832,13.217,12.147,12.155,12.448,12.482,12.2,12.925,13.48,13.321,12.229,13.146,12.942,13.562,12.511,13.043,12.408,12.804,12.735,13.532,12.754,13.119,12.415,13.179,12.889,13.021,11.449,12.896,12.976,13.156,12.838,12.191,11.949,12.982,12.547,12.81,13.197,12.874,13.108,12.714,13.088,12.521,13.029,13.248,12.973,13.267,12.298,12.709,12.462,12.901,12.465,13.016,13.753,12.368,12.701,12.476,11.862,12.949,12.482,12.949,12.761,13.268,12.175,12.702,12.285,12.715,12.822,13.101,12.985,12.627,12.873,12.747,12.447,12.589,13.158,12.399,13.009,12.489,12.594,12.665,12.959,12.317,13.127,13.495,12.602,12.489,13.165,12.206,13.242,12.49,12.966,12.93,12.796,12.876,13.15,12.436,12.775,13.049
12.838,12.812,12.836,13.279,13.197,12.584,12.564,12.935,12.32,13.175,12.131,12.39,13.311,12.801,13.046,12.452,13.132,13.318,13.107,12.777,12.886,12.198,12.964,12.715,12.614,13.121,12.251,12.137,12.466,12.518,12.4,13.027,13.018,12.851,13.261,12.926,12.928,13.706,11.882,12.467,13.236,12.736,12.336,12.527,12.558,12.381,13.431,12.177,12.867,12.221,13.094,13.048,13.267,13.066,13.563,13.047,12.633,12.699,13.32,12.468,13.101,13.262,13.27,13.32,12.789,11.831,13.18,13.021,12.321,12.975,12.494,12.725,12.948,12.766,12.484,12.775,12.498,12.526,13.088,12.625,12.098,14.209,13.113,13.114,12.505,13.003,13.085,12.616,13.034,12.093,13.532,12.916,12.332,12.338,12.748,12.678,12.79,12.487,12.596,12.578
12.808,12.613,12.922,12.662,13.089,13.453,12.851,13.264,12.856,12.383,12.889,12.944,11.991,12.62,12.815,12.83,12.777,13.488,12.493,12.846,13.008,13.048,13.121,12.315,12.888,13,12.711,13.234,12.169,12.433,13.296,12.603,12.54,12.673,13.188,12.622,12.988,12.523,12.913,13.177,12.942,13.322,12.55,12.906,12.747,12.224,12.607,12.119,12.711,12.745,13.077,13.16,12.527,13.22,12.633,13.478,12.907,12.798,13.269,13.057,12.938,12.291,13.305,12.628,13.086,13.016,12.121,12.878,13.129,12.832,12.493,13.288,13.131,12.725,13.104,13.136,13.288,13.006,12.364,12.847,12.78,13.114,12.657,13.195,12.745,12.032,13.04,12.886,12.919,12.447,13.184,13.331,13.371,12.824,12.688,13.273,13.099,13.001,12.605,13.161
12.587,12.517,13.108,12.468,12.476,13.233,12.97,12.928,12.926,12.312,13.618,13.018,12.853,13.302,12.576,11.591,12.838,12.348,12.371,12.664,12.471,11.961,12.309,12.701,12.718,12.71,12.278,12.846,14.416,12.738,12.603,12.939,12.56,12.181,13.79,12.366,12.35,13.15,12.155,12.382,12.299,13.378,12.468,12.791,12.972,13.232,12.168,12.208,12.725,12.993,12.841,11.983,12.49,12.529,12.575,12.72,12.254,12.613,11.962,12.274,13.198,12.705,13.396,11.553,12.776,12.849,13.168,12.669,12.903,12.223,12.182,13.026,12.668,12.71,13.081,12.465,12.343,12.984,13.327,12.527,12.597,12.371,13.111,13.174,13.216,12.992,12.041,13.162,12.843,13.279,12.368,12.065,12.352,12.381,13.003,12.798,13.198,12.914,12.967,12.644
12.707,12.901,12.867,12.469,13.245,12.335,12.613,12.461,12.498,12.901,12.332,12.499,13.217,13.362,13.166,12.649,13.003,13.394,13.184,12.772,13.012,12.313,13.133,12.607,12.302,12.219,12.953,12.28,12.04,12.616,12.455,12.8,12.369,12.383,11.549,12.642,12.416,13.143,12.443,13.028,13.333,12.423,12.749,12.773,12.985,13.251,13.022,12.861,12.439,12.521,13.176,13.242,12.97,12.812,12.052,12.403,12.184,12.817,12.265,12.406,12.467,12.276,13.75,12.143,12.421,13.181,12.568,12.403,12.233,12.676,13.696,12.362,12.469,12.872,12.479,12.362,12.432,12.557,12.854,13.082,13.214,11.446,12.377,12.985,13.004,13.319,13.167,12.835,12.7,12.776,12.873,11.975,12.317,13.127,12.545,12.955,12.944,13.186,12.951,11.859
12.718,12.555,12.578,13.218,12.715,12.285,13.018,12.93,12.669,12.465,12.847,13.233,13.152,12.645,12.328,12.783,12.572,12.157,12.477,12.587,12.647,12.732,12.159,12.791,12.204,13.05,13.337,12.802,12.276,12.631,12.447,13.09,13.058,12.573,13.018,12.87,13.037,12.676,13.191,12.87,12.999,13.105,12.362,12.862,12.954,12.568,12.476,11.999,12.734,12.867,12.857,12.698,13.051,12.531,12.619,12.27,13.2,12.724,12.674,12.981,12.335,12.205,12.962,12.682,13.198,13.065,13.323,12.331,12.857,12.93,12.156,12.442,12.798,12.512,13.079,13.128,12.701,13.034,12.124,12.552,13.306,12.592,12.808,13.083,13.227,12.434,12.672,12.583,12.769,12.8,12.853,12.153,12.685,12.464,12.567,12.778,13.196,12.844,13.081,13.389
12.546,12.744,12.768,12.457,12.482,12.45,12.59,12.48,12.315,13.182,11.977,12.819,12.352,12.462,12.775,12.729,12.839,12.656,12.602,12.695,12.544,13.212,12.866,13.062,12.887,13.146,12.276,12.997,13.26,12.821,13.014,13.144,12.899,13.078,12.907,12.746,13.053,13.863,12.412,12.616,12.546,13.647,13.055,12.64,12.611,12.308,12.653,12.767,12.67,12.664,12.696,13.159,13.06,13.039,12.22,13.03,13.107,12.562,12.908,12.455,13.114,12.949,13.065,12.989,12.657,13.913,12.255,12.436,12.408,12.728,12.768,12.334,12.951,12.721,12.729,12.429,13.09,13.001,13.315,13.057,12.601,12.336,12.691,12.123,12.919,13.332,12.809,12.573,12.791,13.328,12.368,12.828,12.897,12.471,12.9,12.556,12.611,12.374,13.016,12.164
12.664,12.578,12.581,12.697,12.886,12.699,12.928,12.819,12.838,12.625,12.913,13.02,13.083,12.833,12.651,13.014,12.74,13.287,13.018,12.777,12.333,13.207,13.19,12.548,12.878,12.838,13.238,12.24,11.729,12.766,13.145,12.579,12.975,12.392,12.726,12.519,12.754,13.545,13.648,13.144,12.3,12.844,12.512,12.494,12.445,13.044,12.782,13.413,12.461,12.256,12.963,12.972,13.08,12.733,12.615,12.878,12.522,12.555,12.065,12.52,12.322,12.846,13.065,13.078,12.678,12.23,12.196,12.739,13.157,12.784,12.614,12.765,12.609,12.603,12.447,12.529,13.25,12.333,13.12,13.056,12.108,13.419,12.63,12.172,12.592,12.87,12.308,13.044,12.224,13.292,12.757,12.64,12.401,12.892,12.507,12.52,12.961,12.949,12.332,12.518
12.954,12.692,13.113,13.044,12.429,12.99,12.725,12.894,12.525,12.592,12.448,12.677,12.568,12.275,12.706,11.931,12.399,12.924,12.52,12.54,12.852,12.889,12.447,12.881,12.764,13.12,12.973,12.077,12.316,12.827,13.204,12.763,12.829,12.593,12.446,12.227,13.17,12.654,12.703,12.854,12.571,13.551,12.332,12.83,12.726,12.422,11.55,13.366,13.031,12.252,13.135,12.473,12.571,12.998,12.748,12.526,13.405,12.949,12.993,12.729,13.173,13.15,13.159,12.256,12.984,12.867,13.211,12.782,13.274,12.46,13.733,12.456,12.531,12.653,13.032,12.646,13.024,12.422,12.474,12.529,12.514,12.701,12.74,12.965,12.322,12.269,13.138,12.965,13.293,12.675,13.456,12.428,12.899,13.41,12.534,13.056,13.036,12.557,12.477,13.041
12.77,12.599,12.324,12.401,12.33,12.164,12.376,12.504,12.88,13.057,13.422,13.096,12.469,13.028,12.869,13.494,12.868,13.03,12.771,12.607,12.532,12.926,12.64,12.426,13.054,12.778,13.136,12.947,13.959,12.543,12.415,12.6,12.525,13.216,13.791,12.721,12.43,11.732,13.569,12.469,12.37,11.916,12.363,12.634,12.68,13.201,13.088,12.743,12.22,13.195,12.562,13.062,12.969,12.626,12.621,13.264,12.831,12.701,13.91,12.57,12.252,12.665,13.099,12.403,13.216,13,13.395,12.881,12.522,12.539,11.984,12.966,12.662,12.927,12.581,12.274,12.048,12.398,12.654,12.609,12.882,13.405,12.775,12.486,13.273,13.372,13.648,12.938,12.718,12.679,12.503,12.911,12.976,12.797,12.863,12.727,13.021,12.971,12.474,12.174
12.735,12.609,12.657,12.016,12.515,12.236,12.625,12.834,12.838,12.968,13.339,13.005,13.308,13.102,12.953,12.96,12.642,12.688,12.482,12.487,13.088,13.254,12.42,12.824,12.727,12.857,12.895,12.394,13.184,12.674,12.86,12.922,12.527,12.42,12.789,12.624,12.887,13.169,13.312,12.92,12.458,12.54,12.46,12.692,12.546,12.291,12.509,13.41,13.17,12.902,12.742,12.791,12.421,12.635,12.571,12.66,13.373,12.786,13.389,12.614,13.254,13.211,12.795,13.694,12.133,12.906,12.809,12.803,13.174,12.524,12.714,12.939,12.768,12.736,12.607,12.418,12.371,12.829,12.78,12.536,13.098,12.915,12.844,13.419,13.114,13.621,12.649,12.557,12.704,13.187,13.174,13.281,13.184,11.956,12.735,13.162,12.792,12.769,12.661,13.739
12.753,12.432,12.149,12.804,13.036,13.175,12.279,13.113,12.638,12.528,12.19,12.862,12.903,12.249,12.389,12.085,12.631,13.155,12.844,12.648,12.641,12.396,12.484,12.886,12.851,12.645,12.217,13.024,12.043,12.718,13.1,12.192,12.963,12.474,12.47,12.998,13.015,13.89,12.72,13.047,12.272,13.506,12.433,12.652,12.852,12.468,11.547,12.921,12.701,13.106,12.73,12.513,12.501,12.739,12.364,13.362,13.725,12.583,12.575,12.953,13.188,12.571,13.07,13.808,12.923,12.741,12.924,12.434,12.877,12.247,12.249,13.108,12.822,12.931,13.05,12.299,13.063,12.74,12.726,12.403,12.833,12.52,12.494,12.8,13.068,13.409,13.213,12.607,12.366,12.364,12.685,12.569,12.502,12.067,12.73,12.549,12.518,12.52,12.783,12.806
13.041,12.993,12.878,12.657,12.817,12.706,13.277,12.986,12.982,12.606,11.818,13.104,12.07,13.119,12.757,12.265,12.569,12.376,12.13,12.639,12.664,12.716,12.603,13.212,12.146,12.279,13.078,13.262,11.588,12.519,13.086,13.055,12.848,13.039,13.743,12.899,12.438,12.613,12.567,12.907,13.172,12.534,12.67,12.676,12.928,12.941,12.533,12.085,13.054,12.844,13.421,12.923,12.906,12.822,12.702,12.23,12.686,12.666,12.519,12.776,13.051,13.457,12.918,12.089,12.745,11.752,13.206,12.846,12.796,12.915,12.625,13.108,12.43,12.722,12.352,12.291,12.915,13.144,13.247,12.365,13.143,12.674,12.639,12.624,12.534,12.649,12.496,12.562,12.601,12.434,12.393,13.203,12.964,12.563,12.951,12.818,12.896,12.567,12.543,12.346
12.754,12.854,12.784,12.319,12.16,12.909,12.39,12.489,13.012,12.87,13.421,12.189,13.362,13.002,12.41,12.529,12.225,12.418,12.17,12.632,13,12.401,12.92,13.212,13.008,12.712,13.139,12.179,12.261,13.315,12.432,12.915,12.959,12.757,12.813,12.581,12.622,13.442,13.081,12.489,12.689,13.341,12.74,12.754,12.77,13.321,12.84,12.812,12.818,12.467,12.705,12.977,12.226,12.754,12.587,13.024,12.61,12.568,12.242,12.788,13.073,12.696,12.582,12.281,13.377,13.163,13.04,12.714,12.936,12.339,12.82,12.892,12.793,12.633,13.029,12.807,13.12,13.305,13.054,12.331,12.369,12.075,12.654,12.622,12.313,12.584,12.47,12.995,12.805,13.009,12.552,12.296,13.03,12.732,12.936,12.86,12.566,12.76,13.117,11.984
12.616,12.867,12.982,13.04,13.307,12.426,12.328,12.987,12.966,12.625,13.531,12.673,12.032,12.326,12.597,12.802,12.763,12.064,13.008,12.723,12.965,12.275,12.791,12.787,12.586,13.174,12.135,13.165,13.425,13.054,13.021,12.652,12.591,12.098,13.623,12.556,12.472,12.479,12.928,12.534,13.028,12.006,12.548,12.802,12.901,12.426,12.575,12.963,12.5,13.078,12.458,13.03,12.404,12.673,12.771,13.124,13.453,12.583,12.267,12.385,12.294,13.186,12.842,13.225,12.382,12.104,12.326,12.72,12.958,13.05,12.792,12.441,12.469,12.959,13.09,12.863,12.506,13.171,12.984,13.013,12.847,13.137,12.798,12.884,13.167,12.933,13.597,12.912,13.078,12.219,12.145,12.896,12.452,11.648,12.875,12.738,12.831,12.631,12.89,13.248
12.601,12.894,12.679,12.864,12.544,12.169,12.422,12.898,12.301,12.541,12.324,12.745,13.341,13.01,12.755,13.248,12.698,13.385,12.353,12.854,12.606,13.423,12.524,13.187,12.568,12.307,12.123,13.006,12.426,12.971,13.289,12.642,12.618,12.357,14.085,12.863,13.06,12.652,12.727,12.796,12.942,13.152,12.401,12.788,12.727,12.371,12.923,13.064,13.025,12.691,12.395,12.581,12.528,12.929,12.719,12.334,11.624,12.544,12.932,13.129,12.647,12.787,12.423,11.663,12.693,12.121,12.266,12.826,13.145,12.876,12.885,12.634,12.61,12.577,12.751,13.047,12.655,12.598,12.929,12.54,13.061,12.586,12.693,12.805,12.544,12.527,13.214,12.856,12.843,13.129,13.43,12.553,12.673,12.801,12.714,12.585,12.881,13.062,12.474,12.08
12.661,12.557,13.184,12.058,13.317,12.578,12.282,12.878,13.246,13.132,13.195,13.232,13.166,12.208,12.701,12.712,13.066,13.354,13.069,12.98,12.98,12.555,12.426,12.583,12.584,13.022,12.399,12.237,14.091,13.106,12.683,12.602,12.525,12.816,12.469,12.509,12.524,12.299,12.9,12.557,12.635,13.366,12.885,12.665,12.721,12.821,12.415,12.573,12.477,12.589,12.912,12.946,12.276,12.525,12.753,12.692,11.762,12.594,11.953,13.089,13.212,12.357,13.106,12.54,12.759,12.02,12.428,12.768,12.783,13.123,13.266,12.82,12.477,12.963,13.125,12.853,12.579,12.695,13.03,12.503,12.501,12.796,12.653,12.766,12.562,12.863,13.203,12.707,12.472,13.265,11.918,13.051,13.033,12.854,12.85,12.546,12.828,12.765,13.106,12.104
12.821,12.825,12.545,13.247,13.267,13.404,13.269,13.146,12.242,12.97,13.669,12.719,13.437,12.45,12.934,12.257,12.646,12.793,12.383,12.58,12.469,12.948,12.977,12.285,12.615,12.714,12.646,12.558,11.689,12.514,13.005,12.771,12.505,12.653,12.643,12.844,12.907,12.959,12.505,12.524,12.527,13.243,12.916,12.533,12.469,12.259,12.83,13.251,12.439,12.844,12.289,12.598,12.534,12.761,12.52,12.646,12.856,12.584,12.657,12.476,12.988,12.86,12.575,12.936,13.072,12.272,12.914,12.378,12.769,12.677,12.021,12.95,12.985,12.549,12.909,13.112,12.684,12.857,12.826,12.758,13.029,13.017,12.38,12.372,12.176,12.467,12.54,12.804,13.137,13.222,12.93,12.381,12.546,13.12,12.63,12.438,12.663,12.994,12.742,13.066
12.673,12.855,12.898,13.087,12.788,12.413,12.377,12.916,13.106,12.986,12.04,12.643,12.31,13.334,12.403,12.827,12.897,12.377,12.938,12.956,12.665,13.034,12.678,12.205,12.417,12.8,12.964,12.707,11.762,12.882,12.39,12.118,12.9,12.173,12.124,12.79,12.844,12.892,12.965,12.468,12.328,13.702,12.888,12.865,12.698,12.914,12.416,12.421,12.421,12.75,12.921,12.492,13.011,12.55,12.517,13.241,13.701,12.646,13.665,13.046,12.923,12.379,12.768,13.769,12.678,12.213,12.736,12.667,13.025,12.714,12.544,12.457,12.766,12.856,12.344,12.537,12.953,12.657,12.744,12.563,12.606,12.993,13.149,12.639,13.066,12.953,13.125,12.529,13.109,12.742,13.095,12.892,13.144,12.584,12.557,12.816,12.921,12.862,12.639,12.829
12.765,12.64,12.706,12.855,12.313,13.163,12.346,12.938,13.087,13.222,12.324,12.635,13.324,12.34,12.642,13.451,12.552,12.745,12.766,12.752,12.952,13.137,13.129,12.457,12.61,12.768,13.276,12.668,12.201,12.65,12.79,13.028,12.811,12.877,12.953,12.492,12.938,11.776,12.884,12.981,12.407,13.471,12.025,12.628,12.947,12.246,12.823,12.289,12.171,12.969,12.671,12.533,12.916,12.547,12.936,13.016,12.216,12.932,13.945,13.166,12.512,12.328,13.24,13.25,12.644,13.252,12.407,12.514,13.014,12.743,13.779,12.903,12.824,12.488,12.549,13.226,12.571,13.105,12.924,12.573,12.725,12.216,12.967,12.579,12.273,12.43,12.216,12.356,13.07,12.846,12.717,12.718,12.498,12.035,12.763,12.506,12.883,12.52,12.469,13.584
12.739,12.84,12.496,12.595,12.423,12.996,12.46,13.453,12.353,12.771,13.335,12.817,13.082,12.871,12.598,12.254,12.837,12.251,13.256,13.117,12.631,12.64,12.986,13.217,13.107,13.287,13.142,12.267,13.582,12.348,12.952,12.698,12.888,12.028,13.09,12.552,12.854,13.539,12.613,12.325,12.396,11.976,13.208,12.794,12.62,12.416,12.919,12.33,12.646,12.726,12.513,13.229,12.15,12.601,12.702,13.197,12.711,12.735,13.786,12.797,12.228,12.214,13.095,12.302,12.916,12.899,12.636,12.595,12.772,12.821,12.842,12.434,12.977,12.888,13.222,12.42,12.704,12.68,12.569,12.845,12.718,13.013,12.852,13.238,12.181,12.218,11.969,12.371,13.063,12.777,12.86,12.693,12.39,13.615,12.8,12.83,12.539,12.637,12.348,12.498
12.72,12.798,12.702,12.306,12.577,13.348,13.086,12.691,12.546,12.549,12.452,12.683,12.278,12.31,12.878,12.827,12.848,12.38,12.53,12.848,12.877,12.337,12.853,12.541,12.282,12.288,12.493,12.395,12.444,12.751,12.219,12.81,13.209,13.175,11.962,12.764,12.62,12.485,12.903,13.324,12.444,12.191,13.18,12.722,12.582,12.372,12.424,13.119,12.484,12.252,12.857,12.473,13.289,12.111,12.691,12.474,13.764,12.653,13.458,12.863,12.595,12.527,12.766,12.293,12.743,12.856,13.155,12.699,13.178,12.389,12.507,12.092,12.65,12.418,12.45,12.836,12.935,12.488,12.565,12.94,12.803,12.249,13.024,13.186,13.139,12.499,13.214,12.471,13.165,12.702,13.132,13.07,12.402,13.498,12.722,13.113,12.809,12.593,12.499,12.892
12.576,12.534,13.136,12.671,12.478,12.606,12.586,12.657,12.713,12.365,12.095,12.796,12.919,12.399,12.326,12.796,13.023,13.284,13.094,12.869,12.842,13.017,12.572,12.801,12.554,12.951,12.506,12.158,12.768,12.681,12.253,13.3,12.457,13.066,13.35,12.444,12.916,13.037,12.987,13.316,12.578,12.834,13.356,12.656,12.637,12.951,12.871,12.679,12.399,12.914,12.966,12.561,12.328,13.229,12.353,12.598,13.106,13.068,12.86,12.62,12.347,12.208,12.493,12.729,12.729,11.937,12.494,12.181,12.682,12.446,13.667,12.879,12.871,12.548,12.781,12.879,12.415,12.545,12.739,12.644,12.841,13.781,12.836,12.275,13.037,12.948,12.305,12.49,13.161,12.452,13.33,12.873,12.518,12.845,12.93,12.662,12.54,12.263,13.022,13.05
12.545,12.956,13.034,12.533,13.153,12.209,12.477,12.874,12.275,12.418,12.25,12.499,13.574,12.991,12.343,12.37,12.907,12.801,12.88,12.57,12.569,12.942,12.946,13.115,12.439,12.951,12.39,12.506,11.454,12.398,12.311,12.461,12.72,13.236,11.474,13.069,12.897,12.009,12.687,11.977,12.717,12.575,11.941,12.531,12.599,12.907,12.821,13.291,12.697,13.153,12.984,12.406,12.801,12.173,12.76,12.88,13.263,12.552,13.181,12.726,12.349,13.069,12.352,12.813,12.499,12.282,12.88,13.044,13.154,12.776,12.345,12.636,13.061,12.871,12.458,13.16,12.466,12.481,12.799,12.661,12.74,13.242,12.91,12.878,13.128,12.711,12.901,12.99,12.81,12.89,12.353,12.829,12.851,12.531,12.883,13.27,12.698,12.464,12.464,13.277
12.707,12.537,12.406,12.62,12.633,12.209,12.971,12.771,12.868,12.962,11.958,13.244,12.803,12.072,12.649,13.074,12.697,12.208,13.375,12.643,12.776,12.634,12.821,13.045,12.716,13.267,13.063,12.724,13.617,12.866,12.957,12.523,13.005,12.495,12.508,12.368,12.783,12.967,12.582,11.958,13.044,13.514,12.587,12.806,12.583,12.995,13.326,12.39,12.672,13.251,12.847,12.728,12.663,13.051,12.858,13.022,12.545,13.019,13.35,12.832,12.676,12.958,13.341,12.802,12.813,12.848,12.212,12.44,12.716,12.762,12.232,12.444,12.931,12.941,13.027,12.432,12.519,12.847,12.781,12.71,12.893,12.984,12.866,13.341,12.388,12.137,12.563,12.901,12.09,12.946,12.551,12.713,12.569,12.261,12.988,12.91,12.56,12.225,13.027,12.298
12.415,12.96,12.485,13.211,13.064,13.287,12.552,12.91,12.705,12.453,13.858,12.781,12.498,12.483,12.73,12.804,12.534,13.229,12.776,12.696,12.937,12.697,12.896,12.177,12.774,13.076,12.873,13.125,13.949,12.926,12.714,13.113,12.987,12.242,12.344,13.051,12.513,12.13,12.468,12.935,12.596,12.741,12.332,12.854,12.733,12.67,12.562,13.413,12.91,13.27,13.064,12.726,12.817,13.08,12.812,12.914,12.297,12.422,13.721,12.894,12.641,13.042,13.011,12.902,12.904,12.908,12.947,12.895,12.447,12.841,13.291,12.714,12.741,12.845,12.737,13.15,12.125,12.613,12.434,12.566,13.246,12.883,12.486,12.245,13.082,12.61,12.404,12.484,13.34,13.24,12.998,12.521,12.656,12.67,13.171,12.719,12.678,13.488,13.101,12.582
12.431,13.005,12.618,12.053,12.73,12.976,13.031,12.672,12.505,12.466,13.259,12.716,12.997,13.185,13.093,12.616,12.882,12.589,13.036,13.185,12.721,13.05,12.843,12.67,13.017,12.943,12.715,13.37,12.002,12.429,12.927,12.558,13.306,12.862,12.946,12.5,12.709,12.285,13.129,12.201,13.112,12.791,13.402,12.732,12.88,12.237,13.023,12.692,13.032,12.767,12.445,12.24,12.28,12.399,13.184,12.698,12.347,12.45,11.944,12.948,12.436,13.186,12.726,13.296,12.953,12.605,12.344,12.685,13.041,12.626,12.479,12.624,12.793,12.706,12.627,12.917,13.261,12.542,12.602,12.487,12.925,12.831,12.589,12.372,12.556,12.41,12.688,12.88,13.646,12.828,13.17,12.747,12.377,12.615,12.431,13.011,12.858,12.086,13.029,13.396
13.029,12.943,12.644,12.503,13.139,12.203,12.443,12.537,12.973,12.94,13.167,11.983,12.216,12.164,12.806,12.341,12.64,13.375,12.41,12.824,12.598,12.377,13.151,13.28,12.448,12.582,12.631,12.598,13.333,13.011,12.288,12.879,12.352,13.253,12.722,12.577,12.535,11.858,13.071,12.76,12.835,13.336,13.236,12.662,12.849,12.704,12.765,12.243,12.446,12.895,12.86,13.132,13.068,12.353,12.739,13.206,12.541,12.446,12.031,12.626,12.854,12.361,12.904,12.781,12.242,12.809,12.748,12.75,12.361,12.762,13.604,12.448,12.934,12.461,13.027,12.403,12.929,12.416,12.426,12.433,12.499,11.849,12.81,12.156,13.086,12.818,12.788,12.456,12.991,13.048,12.393,12.757,12.951,12.881,12.528,12.661,12.67,13.294,13.079,12.587
12.59,12.433,13.097,12.983,12.653,13.351,12.955,12.874,12.233,13.048,13.554,13.29,13.358,12.459,13.003,12.603,12.813,13.109,13.048,12.801,12.572,13.136,12.809,12.969,12.647,12.394,13.179,12.642,13.106,12.253,12.207,12.848,12.461,12.435,13.705,13.021,12.587,12.358,12.689,12.531,12.166,12.638,12.999,12.641,12.431,13.124,12.503,13.267,12.105,13.055,12.741,13.122,12.566,12.596,12.443,12.651,13.18,12.911,13.391,12.937,13.115,12.206,12.875,11.794,12.865,13.435,12.387,12.271,12.367,12.551,12.674,12.836,12.587,12.837,12.992,12.797,13.157,12.837,13.047,12.897,12.154,12.208,13.076,12.351,12.661,13.285,12.195,13.058,12.747,12.717,12.18,12.837,13.113,11.948,12.265,12.353,12.761,12.683,12.535,13.648
12.295,12.542,12.634,12.426,12.57,12.398,12.372,12.899,12.85,12.531,12.427,12.565,12.291,12.4,12.676,12.726,12.616,12.686,12.808,12.867,12.937,12.493,12.688,12.342,12.678,13.117,12.256,13.135,13.694,12.336,12.507,12.922,13.272,12.927,12.608,12.68,12.66,12.395,12.887,12.666,12.442,12.949,12.174,12.708,13.164,12.74,13.402,13.115,12.485,13.118,13.245,12.037,12.565,12.064,12.717,12.513,12.925,13.12,13.242,12.523,13.321,12.265,13.033,13.961,12.605,12.209,12.466,12.719,12.761,12.329,12.821,12.598,12.693,12.421,13.073,12.489,12.981,12.871,12.964,12.358,13.077,12.691,12.862,12.194,12.85,13.148,13.015,12.343,12.63,12.795,13.047,12.536,12.627,12.764,12.521,12.984,12.803,13.208,13.062,12.136
12.866,12.729,12.292,13.283,12.929,12.194,12.538,13.393,12.779,12.918,13.61,12.78,13.411,12.871,12.344,12.651,12.826,13.035,12.628,12.913,12.632,12.337,12.437,12.356,12.846,12.212,12.882,13.115,14.289,12.545,13.002,12.625,12.255,12.651,13.042,12.889,12.472,13.609,12.6,12.825,12.187,12.489,12.474,12.694,12.591,12.711,13.075,12.159,12.365,12.741,13.034,13.134,12.886,13.099,12.76,12.621,12.122,12.275,11.874,12.288,12.557,12.426,12.583,13.919,12.96,11.954,12.714,13.149,12.665,12.594,12.369,12.677,12.946,12.323,12.659,12.942,12.744,12.468,12.879,12.396,12.7,13.652,13.07,12.324,12.396,12.676,13.285,13.04,12.932,12.537,13.346,12.505,12.503,12.597,12.449,12.919,13.01,12.552,13.325,12.965
12.999,12.795,12.251,12.179,12.476,13.206,13.047,12.628,13.111,12.333,12.339,12.362,12.208,12.972,12.829,12.676,12.26,12.817,13.202,12.797,12.611,12.595,12.946,13.187,12.977,13.064,12.943,12.475,12.336,12.56,12.245,12.559,13.133,12.97,13.171,12.965,12.49,13.185,12.874,12.509,12.524,12.391,12.683,12.855,12.805,13.029,12.305,12.36,13.387,13.155,13.066,12.576,12.598,12.684,13.085,12.776,13.228,12.7,13.709,12.379,12.869,12.862,12.431,13.901,12.786,12.471,13.31,13.234,12.4,12.503,12.525,12.386,12.774,12.25,13.128,12.929,12.697,13.09,12.625,12.304,12.655,12.231,13.005,12.403,12.449,13.165,13.027,12.453,12.872,12.623,12.196,12.732,12.959,13.836,12.839,12.786,12.798,12.905,13.145,13.031
12.607,12.867,12.714,12.884,12.685,13.245,12.505,12.97,12.894,12.417,12.586,12.631,12.258,12.468,12.468,12.807,12.408,12.458,12.757,12.822,12.689,12.465,12.471,13.309,12.997,12.792,12.471,12.273,12.488,12.617,12.298,12.541,12.415,12.369,13.496,12.612,12.76,13.422,12.984,12.638,12.429,12.797,12.645,12.569,12.63,12.413,13.012,12.878,12.837,12.281,12.982,13.354,13.079,13.067,12.45,12.901,13.491,12.973,12.347,12.979,12.196,12.731,12.664,12.614,12.815,12.66,12.569,13.108,12.601,12.661,12.947,12.586,12.605,13.538,13.045,12.752,12.879,13.241,12.794,12.988,12.233,12.848,13.035,12.635,13.095,13.377,12.494,12.467,12.172,12.782,13.074,12.87,13.23,13.359,12.744,12.463,12.652,12.498,12.875,12.96
12.621,12.906,12.604,13.018,12.502,13.009,12.366,13.241,12.849,12.588,13.071,13.086,12.348,12.351,12.713,12.561,12.585,12.363,12.846,12.768,13.045,13.092,12.877,12.177,12.859,12.2,13.36,12.324,12.936,12.632,12.374,12.434,12.442,13.043,13.924,12.488,12.683,13.171,12.626,12.902,12.8,12.074,12.315,12.967,12.385,12.495,12.909,13.217,12.858,13.182,12.427,13.249,12.941,12.84,12.743,12.888,13.639,12.48,12.866,12.639,12.815,12.7,12.943,13.102,12.831,12.01,13.156,12.643,12.407,12.806,12.199,12.244,12.892,13.412,13.189,12.257,12.585,13.046,12.592,12.947,12.959,12.34,12.586,13.195,12.555,12.809,12.896,12.993,12.741,12.744,13.126,12.865,12.334,12.983,12.452,12.562,13.198,12.477,12.543,11.834
12.884,12.805,12.561,13.194,12.492,12.192,13.313,12.229,12.44,13.118,12.751,12.959,13.058,13.122,12.628,13.065,12.816,13.221,13.098,12.673,13.026,13.041,12.916,12.747,12.581,12.681,13.225,13.177,12.488,12.573,12.729,12.429,12.46,12.298,13.201,12.961,12.635,11.88,12.585,12.509,13.113,12.837,13.238,12.792,12.331,12.142,12.611,12.12,12.748,13.019,12.656,13.321,13.067,12.983,12.569,12.974,12.968,12.314,12.155,13.286,13.193,12.239,12.254,12.343,12.579,13.22,12.949,12.252,12.343,12.451,12.681,12.902,12.763,12.436,13.076,13.117,13.034,12.523,12.654,12.365,12.781,13.497,12.923,13.093,12.341,12.426,12.909,12.968,13.02,12.786,12.696,12.841,12.843,11.62,12.888,12.32,12.794,13.174,12.231,11.912
12.904,12.446,12.305,12.601,12.905,12.909,12.989,12.138,12.729,12.777,12.207,12.333,12.894,13.08,12.213,12.6,12.64,12.781,12.856,12.825,12.96,12.846,12.943,12.344,13.139,13.248,12.969,13.149,12.337,12.59,12.422,12.755,12.63,12.983,11.645,13.006,12.943,13.079,12.84,12.574,13.372,12.991,12.258,12.671,12.193,12.996,12.751,12.482,13.23,13.6,12.105,12.263,12.339,13.425,13.242,12.832,12.52,12.931,13.093,12.938,12.72,13.209,13.264,12.547,12.551,12.765,13.228,12.415,12.591,12.847,12.025,12.68,12.836,12.942,12.805,13.005,12.887,12.271,12.832,12.885,12.67,11.652,12.788,12.668,12.571,12.21,12.618,12.494,12.982,12.504,12.553,12.771,13.052,13.497,12.365,12.585,12.84,12.749,12.845,12.784
12.684,12.642,12.75,13.487,13.008,12.12,12.872,12.776,12.596,12.98,13.281,13.154,12.434,13.108,12.72,12.476,13.032,12.45,12.494,12.849,12.449,12.569,12.433,13.148,12.535,12.514,12.378,12.461,12.972,12.284,12.948,12.509,12.565,12.386,13.257,12.562,12.996,12.432,12.632,12.869,12.1,12.853,13.153,12.834,13.439,13.315,12.621,12.948,12.617,11.805,12.118,13.215,12.952,12.336,13.099,12.695,11.826,13.17,11.947,12.125,12.451,12.478,12.97,11.989,12.804,13.163,12.35,12.849,12.709,12.324,12.576,12.897,12.541,13.069,12.784,12.924,12.516,13.25,12.919,12.685,12.188,12.651,12.235,12.32,12.747,12.349,12.719,12.884,12.594,12.779,12.276,12.565,12.469,13.397,12.925,12.581,12.835,12.831,13.206,12.492
12.707,12.76,12.484,13.293,12.874,12.528,12.884,12.694,12.809,12.343,12.879,12.97,13.798,12.718,13.5,12.856,12.615,13.331,12.485,12.703,12.444,13.124,12.524,12.957,12.718,12.587,12.721,12.987,12.967,12.911,12.799,13.318,12.816,12.396,13.756,12.534,12.393,13.443,12.714,12.555,12.005,12.384,12.497,12.469,13.104,12.868,12.867,13.324,13.125,12.136,12.699,13.361,12.927,12.456,12.982,12.664,12.238,12.931,12.105,13.117,12.469,12.645,13.184,11.797,12.967,12.247,13.153,12.945,12.414,12.943,12.568,12.523,12.824,12.67,12.356,12.689,12.359,13.022,12.219,12.835,12.455,13.676,12.383,12.332,12.97,12.718,13.265,13.078,12.082,12.426,13.001,12.562,12.784,12.117,12.665,12.956,12.563,12.722,12.546,12.309
12.965,12.479,12.585,13.646,12.757,12.454,12.786,13.529,12.984,12.831,12.377,12.479,13.205,12.901,12.631,12.994,13.171,12.358,13.176,12.791,12.764,12.956,12.791,12.393,12.373,12.6,12.633,12.599,12.934,12.297,12.766,13.124,12.961,12.955,13.712,12.502,13.109,12.573,12.915,12.534,13.494,12.906,12.149,12.92,12.445,13.108,13.082,12.067,12.227,12.794,12.751,13.172,12.569,11.951,12.856,12.597,13.585,12.912,13.065,12.806,12.28,13,13.051,13.678,12.523,12.889,13.333,13.002,13.36,12.4,13.724,12.794,12.487,12.56,12.543,12.857,13.112,12.224,13.127,12.636,12.464,13.448,12.316,12.674,12.362,12.569,13.053,12.441,12.279,12.953,13.189,12.541,12.879,13.336,12.537,13.139,12.661,12.671,12.355,12.842
12.794,12.952,12.34,13.332,12.53,13.392,12.546,12.927,12.485,13.071,12.226,12.498,11.901,12.91,12.92,12.853,12.626,12.753,13.127,12.753,12.947,12.548,12.725,12.659,12.761,13.176,13.082,12.241,12.268,12.921,12.2,12.55,12.559,12.381,11.491,12.519,12.563,13.004,13.168,12.604,12.402,12.546,12.354,12.296,13.062,13.151,12.183,13.389,12.244,13.19,12.353,12.562,12.819,13.133,12.632,12.632,11.812,12.532,11.903,12.685,12.283,12.332,12.725,12.095,13.024,13.819,12.854,12.347,12.808,12.48,11.953,12.729,13.145,13.134,12.527,13.288,12.886,13.491,12.542,12.918,12.957,12.926,12.987,12.711,12.839,12.817,13.267,13.067,12.629,13.159,12.575,12.773,13.002,12.539,12.606,12.676,12.746,12.43,13.151,12.701
12.767,12.548,12.503,12.559,12.535,13.074,13,12.572,12.262,12.618,12.438,13.269,11.896,12.264,12.544,12.471,12.819,12.454,12.282,12.796,12.944,13.045,12.557,12.85,12.979,12.402,12.968,13.287,12.006,12.429,12.355,12.662,12.88,13.051,13.278,13.143,13.016,13.755,13.067,12.836,12.769,12.892,12.289,12.705,13.009,13.001,12.773,12.966,12.304,12.6,12.431,12.299,13.014,12.211,13.521,13.038,13.303,12.732,13.182,13.129,13.118,13.264,12.914,12.74,12.951,12.582,13.16,13.107,13.387,12.302,12.632,12.973,12.819,12.562,13.16,12.469,12.978,12.898,12.52,12.453,12.863,12.386,13.017,12.515,12.348,13.167,12.382,13.014,13.163,12.841,12.393,12.97,13.042,13.057,12.948,11.721,12.793,12.17,13.383,13.206
12.854,12.461,12.525,12.066,12.608,12.168,12.837,12.586,12.623,12.964,12.525,12.873,13.042,12.276,12.452,12.655,12.915,12.245,13.031,12.895,12.78,12.684,12.255,12.701,12.507,13.131,13.315,13.035,13.883,13.206,12.403,12.447,12.361,12.755,13.801,12.584,12.659,11.923,12.673,12.894,12.443,12.681,12.913,12.839,13.044,12.93,12.744,12.53,12.531,12.829,13.049,13.283,12.299,12.916,13.158,12.632,13.453,13.056,12.479,12.58,12.538,12.681,12.838,12.615,12.571,12.903,13.296,12.592,12.641,12.809,12.15,12.961,12.512,12.828,13.099,12.728,12.684,11.909,12.723,12.847,13.037,12.011,12.543,12.969,12.264,12.019,12.192,12.591,11.948,12.491,12.846,13.009,12.969,12.829,12.983,12.714,12.789,12.827,13.474,13.201
12.797,12.947,12.941,13.561,12.549,12.731,12.428,11.826,13.061,12.427,12.695,13.017,13.494,12.493,12.754,12.924,13.179,13.247,13.235,12.842,12.914,12.647,12.853,12.241,12.993,12.251,12.752,13.067,12.727,12.946,13.242,12.664,12.499,12.474,12.252,12.472,12.471,12.298,12.509,12.585,12.78,13.017,13.291,12.617,12.479,13.134,12.753,12.727,12.303,12.764,12.383,12.666,13.071,12.434,12.26,12.647,12.502,12.868,12.242,12.345,13.05,13.087,12.45,12.865,12.52,12.403,12.585,12.825,12.849,13.469,12.586,12.592,12.523,12.109,12.319,12.757,12.745,13.49,13.211,12.542,12.91,12.884,12.712,12.372,12.786,13.354,13.254,12.478,12.841,12.624,12.487,12.863,12.843,12.562,12.583,12.569,12.523,12.375,12.116,12.399
12.839,12.466,12.678,12.403,12.844,12.183,13.089,12.029,12.966,12.516,13.284,12.512,12.607,12.926,13.168,12.762,12.417,12.044,13.084,12.537,12.769,12.334,12.372,12.825,12.456,12.865,13.277,13.205,12.178,13.241,13.143,12.626,12.638,12.673,12.823,12.575,13.048,12.44,12.905,12.766,12.121,13.728,12.857,12.905,12.839,12.649,13.177,12.114,13.025,12.696,12.056,13.378,12.672,13.519,12.715,12.426,13.721,12.7,13.566,12.732,13.127,12.616,12.717,12.732,12.5,13.068,13.265,12.851,13.044,12.635,13.496,12.911,12.753,12.039,12.755,12.39,12.464,12.763,12.451,12.911,12.735,12.831,12.447,12.877,12.895,13.306,12.788,12.462,12.895,12.855,12.774,12.866,12.752,13.246,12.398,12.537,12.772,12.828,12.329,11.729
12.879,12.95,13.001,13.682,12.575,12.219,12.444,12.977,12.631,12.309,13.442,12.606,13.109,13.143,12.075,12.545,12.696,12.637,12.715,12.618,12.737,12.717,12.94,12.73,12.496,12.907,13.099,13.067,13.286,13.165,12.578,12.855,12.83,12.26,11.993,12.99,12.677,13.422,12.405,12.829,12.777,12.971,12.514,12.801,12.935,12.781,12.372,12.263,13.031,12.794,13.062,12.213,13.182,12.574,12.082,12.594,11.873,12.985,13.163,12.666,12.046,12.758,12.833,12.572,12.996,12.967,13.169,12.854,12.774,12.278,13.431,12.781,12.601,13.1,13.083,12.551,12.562,13.386,13.241,12.995,11.981,13.758,12.094,12.505,12.826,12.872,12.41,12.779,13.169,13.032,13.088,12.651,12.729,12.471,12.909,12.503,12.654,12.596,13.177,12.406
12.669,12.926,12.506,12.018,12.894,13.214,12.657,12.956,12.433,12.59,13.276,12.361,13.382,13.224,12.682,12.717,13.065,13.407,13.423,12.419,12.42,13.143,12.521,13.041,12.945,12.937,13.299,13.17,12.389,12.869,12.986,12.838,12.8,12.845,12.529,13.097,12.36,13.512,12.986,12.401,13.419,13.347,13.083,12.273,12.488,12.683,12.393,13.174,12.848,12.874,13.088,13.283,12.339,12.41,12.423,12.464,12.957,12.905,13.122,12.822,12.38,12.338,12.851,11.844,12.639,11.996,13.114,12.742,12.638,12.598,12.831,12.792,12.536,12.652,12.818,12.805,12.097,12.779,12.253,12.775,12.378,13.661,12.313,12.377,12.996,12.585,12.286,13.027,12.358,12.672,13.034,12.715,12.905,12.319,12.258,13.804,12.846,12.616,12.529,12.584
13.057,12.653,12.528,12.404,12.553,13.107,12.545,13.166,13.098,13.201,13.163,12.479,13.171,13.111,13.286,12.291,12.443,13.002,13.139,12.645,12.796,12.391,12.427,13.101,12.617,12.361,12.322,13.297,11.786,12.626,12.98,12.575,12.929,12.448,14.085,12.756,12.519,13.094,12.829,12.737,12.407,12.208,12.975,13.048,12.953,12.634,12.776,13.047,12.477,12.737,12.732,12.316,12.758,13.447,12.891,13.012,12.161,12.798,11.827,12.427,12.42,13.085,12.823,12.237,12.851,13.223,12.314,12.056,12.668,12.436,13.317,12.979,12.651,12.93,13.149,12.337,13.207,13.077,12.734,13.049,12.734,13.392,12.333,12.981,12.358,13.217,13.206,12.871,12.861,13.065,12.95,12.865,12.497,12.841,13.095,13.695,12.82,13.044,12.836,12.804
12.559,12.48,12.512,12.269,12.91,12.129,12.877,13.143,12.684,12.702,13.285,13.095,13.473,13.236,13.181,12.552,12.749,12.428,12.767,12.855,12.424,12.209,12.472,12.594,12.611,12.797,13.424,12.138,11.901,12.731,12.56,12.536,12.706,11.982,12.77,12.963,12.42,12.455,12.68,12.772,12.902,12.911,12.827,13.198,13.09,12.738,12.21,12.577,12.703,12.768,12.555,13.142,13.104,12.496,13.302,12.546,11.799,12.926,12.369,12.411,12.731,12.716,13.316,13.031,12.815,12.473,13.4,13.208,12.388,12.844,12.942,12.893,12.804,13.054,13.09,12.944,13.048,12.323,13.113,12.816,12.844,11.875,12.29,12.493,12.406,12.7,12.178,12.566,13.089,12.909,12.56,12.944,13.071,12.631,12.402,12.853,12.793,12.825,13.023,11.779
12.871,12.478,12.505,13.039,12.692,12.578,13.053,12.361,12.413,12.602,13.197,12.782,12.142,12.219,11.98,13.039,12.983,12.724,13.326,12.679,12.464,13.14,12.797,12.508,12.248,13.022,13.035,13.378,12.264,13.184,12.945,12.635,12.728,12.751,13.914,12.734,12.739,11.957,12.773,12.71,13.288,12.767,13.506,12.925,12.481,12.54,12.077,13.088,13.05,12.682,13.111,13.187,12.923,13.008,12.757,12.51,12.328,12.548,12.894,12.624,12.515,13.047,12.962,11.683,12.841,12.934,12.277,12.854,12.492,13.225,12.82,12.893,12.793,12.832,12.346,13.09,13.386,13.159,12.797,12.568,12.628,13.167,13.149,12.776,12.512,12.901,12.566,12.582,12.574,12.992,12.508,12.757,12.51,13.265,12.818,11.946,12.68,12.774,13.092,11.529
12.717,13.005,12.833,13.501,12.813,12.819,12.756,12.063,12.486,12.289,13.312,12.408,11.994,13.07,12.319,12.69,13.124,13.237,12.557,12.535,12.787,13.064,13.239,12.455,12.906,12.796,13.281,12.143,12.415,12.805,12.309,12.63,12.616,12.647,13.126,12.447,13.005,13.14,12.658,12.51,12.298,13.217,12.612,13.34,12.842,12.564,13.532,12.442,12.512,12.974,13.226,12.803,12.678,13.53,13.02,12.618,13.245,12.929,12.199,12.696,12.981,12.311,12.689,12.797,12.495,12.682,12.189,13.004,12.279,12.178,12.837,12.564,12.845,12.804,12.498,12.489,13.167,13.231,12.572,12.5,12.407,12.856,13.534,12.945,12.255,13.224,12.871,12.367,12.061,12.568,12.216,12.629,13.105,13.147,12.739,11.957,12.514,13.108,13.226,12.255
12.409,12.954,12.646,12.546,12.651,12.44,12.885,13.344,12.216,12.757,12.469,12.603,12.051,13.312,12.951,12.694,12.887,13.145,12.349,13.01,13.151,12.761,12.363,13.04,12.402,12.081,13.055,12.446,12.567,12.591,13.02,12.602,13.05,12.834,12.597,12.642,12.38,13.461,12.799,12.472,13.087,12.192,12.261,13.295,12.947,12.882,12.924,13.183,12.485,12.858,12.153,13.06,13.043,13.183,12.529,12.61,11.572,12.637,12.915,12.608,12.858,12.314,12.818,11.657,12.401,13.152,12.644,12.669,12.808,12.398,13.194,12.868,12.524,12.892,12.489,12.904,12.923,12.292,13.268,12.46,13.057,13.41,12.399,12.546,13.19,12.657,12.625,13.138,12.878,12.885,13.198,12.776,12.492,13.173,12.495,13.207,12.916,12.899,13.439,12.077
13.138,12.532,12.683,13.154,12.49,12.844,12.793,12.249,12.338,12.614,12.524,13.614,13.508,12.441,12.834,12.309,12.533,12.463,12.69,13.12,12.752,13.123,12.591,12.535,12.78,12.463,12.394,12.345,12.991,12.436,13.061,12.699,12.5,13.28,12.409,12.354,12.404,12.777,12.818,12.722,12.291,12.433,12.217,13.282,12.745,12.959,12.712,12.592,12.81,12.703,13.106,13.066,12.437,12.456,13.411,13.141,13.586,12.657,13.106,13.24,12.663,12.861,12.526,13.064,13.115,12.463,12.5,12.392,12.404,13.205,12.188,12.256,12.211,12.738,12.323,12.903,12.944,12.345,12.594,12.793,13.413,12.179,13.246,13.041,12.396,13.339,12.544,12.258,12.628,12.833,12.986,12.87,12.942,12.979,12.386,13.03,12.484,12.467,13.057,12.148
13.075,12.182,12.965,12.97,12.605,12.569,12.599,12.391,12.242,12.962,12.135,13.056,12.738,12.226,13.045,12.122,12.408,12.416,12.46,12.976,12.789,12.461,12.508,12.378,12.445,13.14,13.183,13.17,12.529,12.558,12.456,13.021,13.094,13.299,12.859,12.809,13.115,12.467,12.92,12.813,12.422,12.554,12.687,13.517,13.048,12.57,13.404,12.842,12.484,12.669,13.105,12.147,12.952,12.858,12.27,12.991,13.423,12.6,12.487,13.12,13.064,12.316,12.607,11.799,12.607,12.924,12.777,12.908,13.075,12.192,12.065,12.286,13.111,12.769,12.556,12.662,12.593,12.312,12.779,12.488,12.593,12.02,12.906,12.821,12.753,12.286,12.253,12.458,12.402,12.575,13.05,13.085,12.458,13.128,12.778,12.892,12.924,12.773,12.904,12.671
12.952,12.854,12.945,11.931,12.933,12.279,12.838,13.045,13.153,12.314,12.165,12.738,12.736,12.392,12.167,12.532,13.153,12.293,12.689,12.787,12.751,12.506,12.717,12.507,12.547,12.879,12.793,12.564,13.288,12.784,13.494,12.731,13.229,12.256,13.432,12.869,12.816,11.729,12.754,12.515,12.274,13.315,12.359,12.818,13.239,13.004,13.155,13.229,12.928,12.652,12.882,13.319,12.889,12.494,13.377,12.703,12.782,12.389,12.874,12.821,12.436,12.992,12.811,13.284,13.078,12.676,12.088,12.952,12.625,12.915,12.37,12.838,12.48,12.926,13.168,12.303,12.969,13.294,12.86,12.421,12.972,12.161,12.435,12.921,12.507,12.872,13.004,13.259,12.475,12.858,12.475,12.82,13.015,12.822,13.026,12.614,12.575,12.769,13.287,13.091
13.076,12.568,12.485,12.495,12.421,12.254,12.402,12.655,12.413,12.925,12.995,12.784,12.929,12.388,12.748,13.34,12.9,13.083,12.352,12.706,12.612,12.925,12.775,12.436,12.969,12.472,12.018,12.326,12.877,12.519,12.399,12.97,13.071,13.037,12.172,12.967,12.318,12.919,12.657,12.618,13.278,12.41,13.195,13.055,13.131,12.546,12.802,12.729,12.922,12.703,12.563,12.532,12.339,12.883,13.033,13.075,13.395,12.746,13.278,12.366,13.018,12.316,12.561,12.795,12.415,12.847,12.544,12.304,12.119,12.108,13.009,12.139,12.715,12.662,12.538,13.339,12.891,12.553,12.87,12.762,12.604,13.175,12.472,13.099,12.558,12.358,12.688,12.96,12.44,12.252,12.461,12.713,12.971,12.523,12.379,12.887,12.508,12.915,12.263,13.387
12.766,13.148,12.929,13.099,12.618,12.204,12.79,11.929,12.334,12.937,12.858,12.8,13.601,12.779,13.005,13.421,12.952,12.636,13.176,12.717,12.765,12.756,12.69,12.753,12.738,12.854,13.012,13.085,12.114,13.107,13.112,12.691,13.018,12.335,13.193,12.515,12.485,12.331,12.895,12.745,12.143,12.134,13.172,12.268,12.51,12.971,12.911,13.033,13.252,12.488,12.943,13.218,12.98,12.719,12.24,12.685,13.129,12.892,13.36,12.368,12.67,12.425,12.858,12.281,12.199,13.553,12.574,12.117,13.125,12.237,12.618,13.319,13.219,12.659,12.658,12.657,12.944,13.532,12.643,12.99,12.861,12.982,13.421,12.632,12.975,13.006,12.874,12.891,12.561,12.732,12.983,12.851,12.616,12.978,12.63,12.881,12.806,12.714,12.379,12.514
12.945,13.135,12.283,12.637,12.949,12.172,12.635,13.343,12.981,13.04,12.205,13.12,13.281,12.26,12.402,12.804,12.763,13.199,12.226,12.599,12.706,12.74,12.513,12.918,12.491,12.587,12.145,12.394,13.669,12.948,12.548,13.046,12.511,12.578,13.31,12.59,12.86,12.271,12.804,12.86,12.236,12.636,12.48,12.169,12.112,12.988,12.317,12.315,12.967,12.542,12.576,12.999,12.561,13.063,12.674,12.893,12.947,12.53,13.015,12.989,12.876,13.022,12.944,12.156,12.553,11.86,12.678,12.497,12.609,13.046,12.976,12.803,13.014,13.116,12.341,12.434,12.859,12.726,12.506,12.558,13.024,13.519,13.095,12.659,13.185,13.061,12.55,13.25,12.872,12.579,12.921,12.708,12.787,13.227,12.377,12.807,12.906,12.921,13.313,12.106
13.11,12.771,12.594,13.234,12.434,12.333,12.64,12.382,13.222,13.011,12.997,12.396,12.691,12.172,12.639,12.938,12.492,12.483,13.166,12.795,12.76,12.529,13.026,12.257,12.875,12.801,13.461,12.529,13.017,13.066,12.797,12.429,12.205,13.135,13.254,12.538,12.459,13.406,12.932,12.615,12.715,11.996,12.422,12.337,12.293,12.602,13.113,12.308,12.752,12.669,12.649,12.526,13.149,12.514,12.802,12.454,12.242,12.788,13.01,12.926,12.493,12.919,13.062,12.32,12.202,13.137,12.498,12.446,12.06,13.081,12.571,12.848,12.765,12.551,12.176,12.771,12.907,13.538,12.728,12.957,12.825,12.297,12.592,13.137,12.856,12.127,12.881,12.652,12.999,12.921,12.967,12.784,12.927,12.78,12.625,12.942,12.943,12.787,12.948,11.921
12.844,12.442,11.813,13.288,12.64,13.084,12.97,13.158,12.652,13.246,12.133,12.308,12.676,12.862,12.746,13.445,12.783,12.293,12.324,13.061,12.82,12.994,12.685,12.74,12.929,12.978,13.403,13.199,13.321,12.732,12.661,12.528,12.707,12.995,13.384,13.222,12.308,13.107,12.803,12.592,13.126,12.891,12.533,11.977,12.775,12.925,13.003,12.86,12.512,12.217,12.614,13.052,12.789,12.542,12.834,12.986,12.181,12.269,12.599,12.306,12.415,12.859,12.69,12.619,12.342,12.251,13.087,12.569,13.042,12.24,12.902,12.725,12.919,12.546,12.466,12.187,12.595,11.732,12.655,12.825,12.528,13.494,12.988,13.069,12.263,13.148,12.933,12.334,12.707,12.87,12.671,12.839,12.526,13.043,13.247,11.899,12.849,12.761,12.073,12.106
12.838,12.992,13.126,12.475,12.974,12.747,12.363,13.185,12.247,13.256,12.724,12.71,13.225,12.909,13.172,12.902,12.553,12.512,13.313,12.793,12.581,12.709,12.672,12.113,12.6,12.401,13.309,13.293,12.417,12.818,13.213,12.626,12.231,12.754,12.838,12.436,12.245,12.879,12.664,12.587,12.029,13.453,12.805,13.23,12.981,12.921,12.723,12.504,12.853,12.139,12.8,13.076,12.468,12.897,12.197,12.893,12.444,12.406,12.598,13.048,12.613,12.384,12.526,13.171,12.527,12.596,13.097,12.125,12.393,13.165,12.576,12.256,12.322,12.997,13.155,12.541,12.832,13.556,12.578,12.667,12.76,12.636,12.087,12.226,13.198,12.764,12.922,12.292,13.077,12.823,12.774,12.613,12.545,12.939,12.737,13.009,12.705,12.668,12.637,12.997
13.052,12.485,12.549,13.682,12.524,13.267,13.189,12.602,12.822,12.466,12.173,12.953,12.572,13.413,12.614,13.605,12.387,12.207,13.311,12.522,12.756,12.983,12.866,13.224,12.906,12.817,12.318,12.588,13.413,12.909,12.377,12.879,12.466,12.328,13.646,12.82,13.152,12.086,12.755,12.562,12.464,12.897,12.626,13.47,12.405,12.72,12.948,12.932,13.026,12.924,12.843,13.173,13.136,12.632,12.361,12.826,13.242,12.79,12.324,12.844,12.234,12.414,13.14,13.025,12.386,13.337,12.986,12.775,12.576,13.06,12.17,12.758,12.926,12.821,12.266,12.712,12.654,13.648,12.485,12.545,13.053,12.354,13.125,12.883,12.182,12.227,12.666,13.277,12.413,12.662,12.504,12.732,12.936,13.054,12.337,13.028,12.678,12.579,12.369,12.978
12.824,12.59,13.015,13.171,12.512,12.56,12.862,13.147,12.501,12.346,12.126,13.215,12.423,13.204,12.638,13.596,13.045,12.475,12.532,12.825,12.411,12.669,13.194,12.873,12.949,12.692,12.211,12.899,13.357,12.861,12.605,12.922,12.96,12.36,13.01,12.33,12.364,12.851,12.628,13.211,12.826,13.122,12.463,13.437,12.376,12.783,12.751,12.347,12.539,12.874,12.773,12.529,12.437,13.034,13.011,12.825,13.069,12.469,12.15,13.124,12.088,13.12,12.656,12.295,12.96,13.588,12.339,12.662,12.24,13.051,13.512,12.437,13.193,12.939,12.482,12.261,12.6,12.729,12.731,12.406,13.249,12.616,12.92,12.995,12.487,12.138,12.504,13.202,12.648,12.952,12.633,12.603,12.37,12.89,12.401,12.348,12.643,12.747,12.047,13.07
12.688,12.817,12.768,12.845,12.513,12.81,12.924,12.551,12.922,13.028,12.222,12.345,12.908,12.429,12.459,12.896,12.661,12.212,12.096,12.626,12.415,12.658,13.034,12.428,12.909,12.815,13.532,12.432,12.263,12.632,12.932,12.756,13.208,12.91,12.98,12.708,12.517,12.824,12.945,12.528,12.489,13.485,12.316,13.194,13.076,12.732,12.587,12.514,13.037,12.591,12.556,12.776,12.741,12.526,12.445,12.651,13.284,12.7,12.222,12.398,13.071,12.444,12.774,12.368,12.669,13.122,12.37,12.471,13.299,12.348,13.108,12.693,13.123,12.755,12.927,12.902,12.825,13.773,13.153,12.728,12.799,13.443,13.011,12.537,12.947,12.095,13.118,13.336,12.978,13.007,12.733,12.629,13.109,12.971,13.016,12.313,12.368,12.637,12.291,13.29
12.558,12.492,13.53,12.892,12.738,12.369,12.338,13.817,13.232,12.6,12.055,12.697,12.705,13.173,12.738,12.862,12.549,13.097,12.603,12.663,12.343,12.955,12.403,13.067,12.768,13.123,12.64,13.362,11.738,12.662,13.031,12.945,12.25,12.831,12.925,12.956,12.507,12.571,12.765,12.821,12.629,13.031,13.186,12.555,12.455,12.731,12.772,13.051,12.574,12.028,12.857,12.434,12.403,12.474,12.763,12.811,12.09,12.378,12.92,12.307,13.006,12.356,12.51,12.523,12.482,13.277,13.197,12.494,12.645,13.136,12.59,11.912,12.868,12.674,12.377,13.071,12.677,11.992,12.921,13.109,13.166,12.559,11.822,12.481,12.693,12.413,13.218,12.125,12.719,12.611,13.158,12.733,12.726,12.284,13.111,12.574,12.502,12.706,13.247,11.598
12.652,13.091,13.456,13.067,12.472,12.299,12.81,13.851,13.263,12.847,12.208,13.098,12.448,12.457,12.219,11.598,12.769,13.282,13.214,12.784,13.102,12.772,12.568,12.469,13.064,13.054,13.116,13.268,13.579,12.934,12.964,12.428,12.649,12.579,12.721,13.253,13.16,12.778,12.477,12.742,13.046,12.242,13.165,11.929,13.023,12.785,12.584,12.561,12.974,13.194,12.785,12.451,12.466,12.844,12.942,12.373,12.916,12.411,13.054,12.665,12.702,13.066,13.194,12.541,12.638,12.396,12.3,12.788,12.472,13.213,12.172,13.093,12.551,12.828,12.955,12.496,12.751,12.136,12.641,12.403,13.084,12.992,11.743,12.836,12.218,12.279,12.87,12.539,13.346,12.343,13.032,12.868,13.083,12.64,12.958,12.227,12.547,12.766,12.249,13.025
12.648,12.916,13.485,12.29,12.98,12.899,12.35,12.896,12.789,12.008,11.607,12.804,12.684,12.989,13.036,12.662,12.874,12.55,12.034,12.59,12.414,12.294,12.378,12.456,12.503,13.297,12.416,12.478,12.076,12.991,12.661,12.734,12.458,13.086,12.206,12.845,12.941,13.113,12.708,12.927,13.151,13.245,12.452,12.376,13.054,12.634,12.383,12.87,12.528,12.123,12.805,12.95,13.089,12.94,12.782,12.72,12.132,12.295,12.349,12.904,12.506,13.054,12.591,12.719,12.584,12.603,12.469,12.7,12.903,13.041,12.133,12.95,12.923,12.621,12.2,11.975,12.773,12.129,13.067,12.733,12.859,12.973,13.446,12.689,12.803,12.564,12.866,13.161,12.433,12.362,13.146,12.778,12.386,12.922,12.539,12.741,12.82,13.23,12.304,13.094
12.591,12.42,13.445,13.061,12.812,13.027,12.716,11.802,12.595,12.85,12.494,12.853,12.106,12.643,12.246,13.536,12.79,12.133,13.062,12.698,12.409,12.952,12.541,12.769,13.011,13.159,12.832,12.423,13.581,12.884,12.207,12.774,13.096,12.413,12.876,12.247,12.525,13.108,12.834,12.581,13.27,12.2,12.446,12.252,12.403,12.757,13.081,13.129,13,12.456,12.87,13.066,13.076,12.488,13.145,13.118,12.511,13.155,13.217,12.47,12.999,12.656,13.177,12.934,12.752,12.637,12.704,12.767,12.143,12.448,12.116,13.168,12.663,12.904,12.953,12.058,12.711,12.964,12.718,12.708,13.178,12.636,12.219,12.8,12.272,12.17,12.755,12.536,12.073,12.614,12.618,12.892,12.717,12.455,12.759,12.345,13.04,12.488,12.656,12.355
12.636,13.162,12.285,13.342,12.631,13.142,12.564,12.571,13.02,12.411,12.533,12.986,13.127,13.198,13.29,13.279,13.007,12.7,12.682,12.749,12.413,12.689,13.037,12.277,12.878,13.127,13.156,13.225,12.667,12.633,13.193,12.649,12.54,12.605,13.029,12.977,12.692,12.549,13.025,12.79,13.155,12.342,12.639,12.392,12.874,12.729,12.516,12.338,12.331,12.819,12.54,12.273,12.894,13.085,13.089,12.737,12.533,13.428,12.48,12.984,12.589,12.802,12.681,12.798,12.843,13.351,13.069,12.336,12.614,13.232,12.71,13.593,12.439,12.634,13.019,12.97,12.698,13.801,12.837,13.019,12.593,12.401,11.718,12.295,12.581,12.297,12.626,13.111,12.787,12.482,12.592,12.802,12.789,13.036,13.091,13.413,12.707,13.263,12.211,12.805
12.603,12.959,13.27,12.897,13.088,13.25,12.545,13.212,13.054,13.03,12.599,12.875,12.486,12.264,12.118,12.193,12.81,13.569,13.256,12.811,12.82,12.547,12.64,13.15,12.65,12.692,13.01,13.33,12.902,13.399,12.423,12.952,12.292,12.906,13.117,12.611,12.359,12.955,12.788,12.372,12.272,12.614,12.77,12.436,12.874,12.75,12.838,12.936,12.98,12.021,12.54,12.269,12.947,12.522,13.096,12.42,12.219,12.332,12.236,12.538,13.208,12.403,12.569,12.754,12.743,12.924,13.244,12.797,12.223,12.926,13.242,12.612,13.093,12.52,12.551,12.596,12.857,13.359,12.66,12.441,12.605,12.663,12.991,12.897,12.469,13.121,13.01,12.909,12.008,12.974,12.699,12.911,12.45,13.009,12.948,12.027,13.171,13.103,12.437,12.479
12.685,12.546,13.591,12.939,12.522,12.146,12.821,12.636,12.989,12.62,12.587,13.377,13.274,13.154,12.703,12.966,12.686,12.331,12.994,12.843,12.648,12.974,12.704,13.04,12.355,12.551,12.597,12.584,12.596,13.062,12.193,12.555,12.424,12.548,12.983,13.085,13.154,12.389,12.753,12.964,13.178,13.344,12.307,13.046,13.136,12.369,13.028,12.836,12.556,12.54,12.618,12.499,13.083,12.709,12.161,13.172,13.486,13.189,11.715,12.545,12.369,12.91,12.715,11.7,13.05,12.917,12.731,12.582,12.06,12.403,12.799,12.592,12.256,12.926,12.911,12.959,12.709,12.852,12.862,12.32,12.452,13.109,13.25,12.963,12.734,13.111,13.304,12.282,12.75,12.572,12.538,12.517,12.779,12.906,13.009,12.313,12.695,12.598,12.966,13.321
12.831,12.591,13.22,13.037,12.762,13.132,12.886,13.493,12.794,13.122,12.749,12.839,13.073,12.765,13.052,12.919,12.704,13.255,12.403,12.64,12.449,12.532,12.485,13.032,12.811,13.039,13.008,13.098,13.635,12.771,12.912,12.566,12.572,12.423,12.446,13.229,13.132,12.619,12.934,13.046,12.731,12.48,12.405,13.378,12.849,12.631,13.395,11.944,12.971,12.835,12.746,13.113,12.476,12.423,12.812,12.525,12.619,13.082,12.059,12.916,12.381,12.682,13,12.763,12.754,13.593,13.01,12.595,12.607,12.85,12.11,13.145,12.147,12.841,12.42,12.113,12.813,12.553,12.659,12.248,12.657,12.645,13.697,13.024,12.601,12.599,12.4,13.455,12.4,12.971,12.49,12.763,12.45,12.547,12.996,13.011,13.086,12.937,13.131,12.919
12.855,12.652,12.609,12.473,12.791,12.384,12.823,13.52,13.107,13.176,12.15,12.851,13.072,12.643,13.329,11.879,12.572,12.713,12.456,12.748,12.445,12.795,12.735,12.761,13.081,12.204,12.103,13.233,12.82,13.148,12.921,13.068,13.054,12.665,12.126,12.519,12.886,12.655,13.043,12.601,12.57,12.38,12.5,12.022,13.351,12.93,12.513,12.963,12.961,12.669,12.442,12.233,12.429,12.919,13.309,12.57,13.416,12.764,12.937,12.824,12.342,12.489,12.629,11.931,12.625,13.167,12.242,12.984,12.221,13.216,12.037,13.216,13.199,12.493,12.512,12.897,12.573,12.743,12.82,13.307,13.027,12.81,11.799,12.984,12.654,12.628,12.781,12.172,12.269,12.609,13.081,12.626,13.063,13.008,12.547,12.618,12.411,12.834,13.123,13.611
12.467,12.721,12.734,13.184,12.557,13.09,12.469,12.025,12.591,12.406,13.182,12.727,12.718,12.334,12.41,12.658,12.627,12.994,12.27,12.585,13.187,13.116,12.418,12.199,12.548,12.648,12.328,12.381,13.603,13.468,13.313,12.29,12.697,12.159,12.945,12.434,12.885,12.632,12.067,12.901,13.266,12.76,12.283,12.196,12.163,12.872,13.159,13.012,12.404,12.283,12.831,12.414,12.444,12.987,12.627,13.029,12.491,12.602,11.801,12.582,12.944,12.788,12.455,12.511,12.784,12.262,11.992,12.707,12.414,12.151,13.326,13.318,12.934,12.838,13.334,12.686,12.755,11.742,12.726,12.687,12.433,12.727,13.914,12.753,12.971,13.269,12.457,12.703,12.351,12.763,13.127,12.68,12.727,12.928,12.726,13.073,12.982,12.654,13.133,12.933
12.781,12.598,12.185,13.224,12.812,13.151,13.189,13.339,12.741,12.854,12.494,12.81,12.431,13.098,12.735,12.766,12.33,13.297,12.793,12.62,13.386,12.858,12.567,13.121,12.467,13.044,13.32,13.058,12.131,12.91,12.908,12.451,13.331,12.284,13.066,12.5,12.65,12.813,12.411,12.592,13.338,13.546,13.135,12.69,12.488,12.726,12.575,13.479,12.257,12.792,12.752,12.602,12.28,12.8,13.031,12.858,12.957,12.953,11.519,13.001,12.646,12.457,12.878,12.861,12.545,12.905,12.141,12.697,13.086,13.168,13.404,12.23,12.176,12.365,12.562,12.52,12.656,13.211,12.737,12.642,13.103,12.882,12.808,12.876,13.139,13.357,12.938,12.61,12.881,12.721,12.426,12.384,12.901,12.501,12.541,12.724,12.477,12.885,12.671,13.671
12.457,12.585,13.107,13.157,12.788,13.211,12.843,12.317,13.283,12.994,12.437,12.741,12.06,12.672,12.786,12.578,12.577,12.216,12.468,12.724,13.01,12.936,12.371,12.878,12.678,12.331,12.699,13.229,12.487,13.358,12.584,12.794,13.076,13.214,12.938,12.995,13.247,12.772,12.391,12.55,12.365,13.111,12.29,12.03,12.283,12.903,12.285,13.149,12.479,12.746,12.625,13.175,12.403,13.015,13.447,12.382,12.683,12.637,11.942,13.098,12.361,13.148,12.769,12.304,12.479,12.47,12.658,12.744,13.177,12.82,12.206,12.15,12.761,12.769,12.895,12.214,12.523,12.846,12.661,12.383,12.553,12.704,13.097,12.564,12.259,13.096,13.142,12.471,13.02,12.885,12.873,12.501,12.848,12.677,12.49,12.895,12.788,12.662,13.167,12.041
12.99,13.235,13.065,13.127,12.215,13.21,13.061,13.31,12.205,12.383,12.029,12.61,13.093,13.126,12.447,12.046,12.686,12.134,12.838,12.636,13.305,12.953,13.1,12.64,13.021,12.395,13.29,13.188,13.366,12.712,13.023,12.806,12.999,12.299,12.515,12.531,13.695,12.848,12.57,13.062,13.331,13.382,12.41,12.931,13.238,12.858,13.239,12.925,12.33,12.642,12.935,12.551,12.446,12.999,12.752,12.581,12.212,12.812,12.28,13.101,12.546,12.459,12.666,12.341,12.807,13.417,13.222,12.55,12.637,12.464,11.921,12.638,13.261,12.363,12.298,12.179,12.824,13.382,12.737,12.677,12.74,12.456,13.369,12.794,12.332,13.043,12.389,13.023,13.006,13.043,12.457,12.789,12.888,12.573,12.947,12.774,12.679,12.883,13.187,12.189
12.572,12.595,13.222,12.899,13.08,13.308,13.125,11.987,13.055,12.883,13.284,12.836,12.703,12.882,12.869,13.515,12.789,12.495,13.191,12.662,12.322,12.634,12.645,12.368,13.04,12.399,13.331,12.439,12.7,12.803,12.962,12.462,12.885,13.19,12.692,12.792,13.041,12.518,12.65,12.837,12.724,12.114,12.179,12.34,13.142,12.922,13.296,12.358,12.693,12.9,12.677,12.922,12.622,12.495,12.763,12.67,12.428,12.854,13.964,12.755,12.615,13.046,12.526,12.935,12.382,12.598,12.028,12.9,13.557,12.419,12.391,12.946,12.577,12.492,12.313,12.539,13.123,12.467,12.768,12.32,12.711,12.905,13.373,12.439,12.172,12.558,12.226,13.242,12.402,12.58,12.74,12.524,12.582,12.568,12.811,12.15,12.508,12.771,13.27,11.942
12.731,12.72,12.332,12.901,12.874,13.314,12.508,12.974,13.039,13.139,12.994,12.611,13.487,13.175,12.81,12.449,12.378,12.484,12.21,12.683,12.207,12.688,12.243,12.509,12.666,12.819,13.069,13.278,13.086,12.912,12.934,12.492,12.684,13.254,13.547,12.577,12.394,12.672,12.962,12.468,12.847,13.361,12.573,12.639,13.282,13.1,13.174,13.13,12.607,12.733,12.849,12.372,12.329,12.657,12.718,12.7,13.005,12.528,12.492,13.37,12.558,12.976,13.178,12.876,13.12,12.833,12.771,12.503,13.25,13.089,13.007,12.281,12.442,12.979,12.265,12.244,12.806,12.171,12.79,13.121,12.624,12.881,13.82,12.938,13.149,12.989,12.868,12.721,12.587,12.799,12.757,12.769,12.559,12.606,12.633,12.854,12.487,12.941,12.298,12.621
12.619,12.674,12.402,12.731,13.173,12.213,12.654,12.772,13.38,13.139,12.708,12.674,12.151,12.632,12.671,12.843,12.892,13.346,12.175,12.51,12.616,12.499,12.593,13.106,12.538,13.181,13.082,12.671,13.128,13.129,13.177,12.679,13.034,12.381,12.311,12.559,12.423,12.864,13.041,12.668,13.215,13.114,12.674,12.589,12.408,13.288,12.93,12.135,12.523,13.282,12.687,12.686,12.24,12.579,12.947,12.125,12.701,12.451,12.732,12.855,12.551,12.983,12.902,11.729,12.896,12.998,12.896,12.84,12.973,13.116,13.342,12.506,12.752,12.821,12.162,12.54,12.634,13.003,12.602,13.262,12.855,12.72,12.764,12.964,12.958,13.217,12.728,12.958,12.487,12.555,13.268,12.551,12.354,12.762,12.849,13.44,12.61,12.61,12.462,12.246
12.671,12.369,13.133,12.401,13.126,13.166,12.726,12.961,12.151,13.133,12.193,12.947,13.123,13.136,12.613,13.194,12.275,12.719,12.935,12.799,12.623,12.643,13.165,12.583,13.517,13.245,12.429,12.622,12.466,12.602,12.481,12.555,12.437,12.737,12.612,12.589,12.603,12.916,12.798,12.644,12.152,12.116,13.268,12.479,12.421,13.029,12.982,12.583,12.926,12.889,12.618,12.385,12.591,13.02,12.855,12.925,13.071,12.91,11.346,12.551,12.882,12.994,12.562,11.619,12.935,12.813,12.844,12.313,12.923,12.596,12.471,13.284,12.219,12.283,12.569,12.996,12.811,12.656,12.854,13.074,12.982,12.312,13.76,12.963,13.146,12.67,12.497,12.541,12.452,12.601,12.367,12.683,13.071,12.417,12.647,12.267,12.644,12.695,13.18,12.547
12.608,12.37,13.09,12.497,12.416,13.013,12.742,12.404,12.039,12.635,13.515,12.721,12.367,12.963,13.127,12.662,12.41,12.275,12.197,12.739,12.646,12.758,13.122,12.34,12.532,12.524,13.293,12.168,12.788,12.164,12.454,12.845,12.4,12.702,12.79,13.089,11.87,12.835,12.415,12.689,12.709,12.287,12.832,12.553,12.258,13.498,13.122,13.222,12.876,13.209,12.84,12.345,12.551,12.647,12.475,12.13,12.287,12.633,14.181,12.549,11.959,12.973,12.761,13.454,12.529,12.78,12.516,12.904,12.949,13.003,13.262,13.571,12.554,12.486,12.305,12.521,12.863,13.276,13.194,13.192,12.726,13.01,12.841,12.835,12.589,12.975,13.075,12.425,12.607,12.819,13.146,12.566,12.966,12.599,12.738,12.051,12.911,12.975,13.311,13.386
12.827,13.065,13.263,12.938,13.304,12.7,12.308,12.069,12.543,13.036,12.585,12.998,12.897,12.448,12.676,13.856,12.762,12.244,12.78,12.476,12.525,12.384,12.482,12.302,12.552,13.103,12.488,13.178,13.007,13.052,12.713,12.824,12.572,12.645,12.842,13.339,12.341,12.614,12.924,12.663,12.261,12.442,13.318,12.36,12.757,12.028,12.653,12.02,12.694,12.926,12.69,12.307,12.323,12.425,12.409,12.416,12.97,13.281,12.408,12.601,12.242,13.098,12.873,13.714,12.822,12.235,12.931,12.87,12.749,12.961,13.337,13.173,13.305,12.45,13.183,12.518,12.502,13.129,12.658,12.338,12.643,13.048,12.61,12.962,12.88,13.053,12.243,12.962,13.154,12.646,12.77,12.808,12.409,12.883,12.771,12.271,12.346,12.858,12.266,11.929
13.137,12.132,12.518,13.128,12.904,12.623,12.884,12.581,12.402,12.802,13.379,13.096,12.387,12.824,12.6,11.878,12.691,13.239,13.182,12.733,12.371,12.379,13.117,12.925,12.372,12.688,12.93,13.332,13.273,12.773,12.421,12.687,12.98,13.118,12.839,12.257,12.601,12.841,13.046,12.572,12.194,13.246,12.749,12.931,13.04,12.87,12.479,12.177,12.357,12.928,12.587,12.833,13.204,12.79,12.792,12.348,13.353,12.483,11.174,12.524,13.351,12.665,12.872,13.433,12.892,11.838,13.096,12.846,12.174,12.496,11.929,12.698,12.449,12.207,12.833,12.437,12.615,12.752,12.815,12.167,12.535,12.495,13.149,12.866,13.167,13.345,12.378,12.761,12.981,12.572,12.902,12.749,12.558,12.845,12.603,12.365,13.003,12.701,12.761,12.02
12.838,12.258,12.255,13.058,12.768,13.336,12.223,12.483,12.553,12.913,12.732,12.929,13.167,12.69,12.402,12.942,13.02,12.472,12.672,12.692,12.94,12.86,13.17,12.949,12.534,12.854,13.097,12.033,12.793,12.849,12.864,12.235,12.936,12.497,13.184,12.952,12.917,12.976,12.671,12.709,13.191,12.709,12.426,12.53,12.251,12.773,13.2,12.496,12.836,13.054,12.748,13.154,12.983,12.839,12.243,12.813,12.213,13.215,12.783,13.026,13.124,13.153,12.817,13.387,12.553,12.654,12.739,12.772,13.312,12.546,13.019,12.948,13.032,13.007,13.03,12.131,12.887,12.333,12.81,13.276,12.886,12.676,12.433,12.814,12.295,12.629,12.66,12.584,12.583,12.731,12.464,12.651,13.041,12.897,12.726,13.033,12.601,12.644,12.084,13.032
13.185,12.656,13.213,12.937,12.453,13.107,12.677,12.782,12.973,12.578,12.65,12.751,12.416,12.26,13.532,13.38,12.187,13.129,12.162,12.59,12.422,12.018,13.048,12.999,12.474,12.783,12.762,12.995,12.039,13.064,13.111,12.69,12.862,13.084,13.279,12.869,12.903,12.876,12.719,12.829,12.962,12.37,12.872,12.527,13.029,12.725,12.908,12.304,12.835,13.057,12.69,12.298,12.523,12.325,13.085,12.606,12.487,12.965,12.521,12.559,13.459,13.173,12.783,13.916,13.027,12.352,12.637,12.649,12.999,12.99,12.224,11.846,12.882,12.913,12.182,13.138,12.449,12.705,12.962,12.314,12.756,12.623,13.283,12.441,12.215,12.717,12.636,12.436,12.471,12.829,13.021,12.519,12.644,12.601,12.939,12.507,12.09,12.882,13.046,13.419
12.94,12.992,12.764,12.842,12.904,12.292,13.006,12.335,12.382,12.8,12.73,12.852,12.916,12.499,12.608,13.362,12.818,12.222,12.351,12.729,12.778,13.471,12.432,13.054,12.831,12.994,13.007,13.112,11.966,13.413,13.028,12.347,12.576,13.009,12.386,12.836,13.645,12.593,12.876,12.669,12.531,12.427,12.647,13.108,12.431,12.908,12.879,12.962,12.358,13.01,12.729,12.424,12.356,12.976,12.713,12.492,13.309,12.732,12.084,12.899,12.393,13.177,12.622,13.539,12.784,13.174,12.338,13.13,13.5,12.709,13.113,13.716,12.701,12.163,13.015,12.481,13.001,12.689,12.515,12.797,12.507,12.584,12.173,12.985,12.325,12.939,12.726,12.521,12.482,12.684,12.82,12.873,12.888,12.622,12.52,12.677,12.41,12.674,13.072,12.718
12.704,12.686,12.72,13.204,12.676,13.246,13.065,12.871,12.386,12.534,12.705,12.983,13.311,12.565,12.983,11.74,12.469,12.184,12.674,12.8,12.593,12.92,13.199,12.935,13.273,12.836,13.174,13.169,13.728,13.113,12.987,13.083,12.358,12.297,12.863,12.184,12.793,12.653,12.009,12.656,12.312,13.256,12.602,12.839,12.911,12.59,13.015,12.997,12.68,12.832,12.709,12.962,12.391,12.958,12.979,12.888,12.928,12.737,11.161,13.14,13.502,12.398,13.066,13.847,12.505,12.79,13.069,12.373,12.236,12.996,13.502,12.309,12.784,13.045,13.345,13.378,12.824,13.077,12.947,13.155,12.519,12.511,13.221,12.716,13.228,12.933,12.898,12.49,12.843,13.021,12.977,12.959,12.73,12.753,13.073,13.555,12.725,12.779,12.47,13.261
12.357,12.522,12.141,12.392,12.819,12.776,12.822,12.569,12.553,12.438,12.376,12.981,13.006,12.496,12.584,13.614,12.545,13.216,12.433,12.728,12.589,12.514,12.712,12.981,12.73,13.163,12.901,12.348,12.523,12.08,12.392,12.225,13.219,12.934,12.448,12.624,12.97,12.719,13.219,12.91,12.646,12.611,12.845,13.077,13.029,12.67,12.502,13.291,12.632,12.627,12.228,13.14,12.618,12.492,13.113,12.525,12.779,12.413,12.801,12.528,12.326,12.344,12.755,11.779,12.597,12.196,12.612,12.628,12.633,12.714,13.264,13.206,13.002,12.333,12.601,12.875,12.61,12.697,12.54,13.018,12.732,12.593,12.348,12.793,13.111,12.533,12.046,12.795,13.083,12.858,12.505,12.838,12.016,12.6,12.621,12.658,12.895,12.836,12.667,12.086
12.84,12.584,12.59,12.03,12.682,13.09,12.375,12.796,12.813,12.704,12.727,12.91,13.046,13.135,12.057,12.333,12.942,12.33,12.26,12.633,12.917,12.755,13.111,12.521,12.47,13.34,12.634,12.224,12.837,13.501,12.498,12.353,12.89,13.07,12.997,13.304,13.1,12.647,13.452,13,13.157,12.009,12.518,12.594,12.705,13.071,12.756,12.347,12.697,13.138,12.89,13.089,12.485,12.767,12.455,12.379,12.269,12.456,11.779,13.242,12.631,12.675,12.71,12.662,13.075,12.463,13.122,12.844,12.707,12.876,12.695,13.64,12.803,12.79,12.762,12.125,12.857,12.715,12.664,12.279,12.798,13.222,11.635,12.604,12.22,13.009,12.394,12.734,12.913,12.795,12.673,12.743,12.734,12.957,12.287,12.508,12.504,12.689,13.306,12.282
12.904,12.901,12.978,13.086,12.845,13.127,12.977,12.384,12.725,12.795,13.333,13.052,12.948,12.564,13.571,12.724,12.996,12.366,12.514,12.841,12.664,13.269,13.106,12.867,12.752,13.016,13.017,13.384,12.239,13.041,12.526,12.916,12.703,12.949,12.315,12.785,12.485,12.729,13.426,12.759,12.635,12.526,12.332,12.697,13.211,12.292,12.323,12.4,12.188,12.649,12.431,13.387,12.764,12.729,12.676,12.777,12.007,13.216,11.796,13.04,12.058,13.359,12.784,12.922,12.394,13.222,12.777,13.051,12.223,12.899,12.783,13.185,12.344,12.507,12.147,13.087,12.742,12.593,12.637,12.654,12.816,13.072,11.987,12.888,13.178,12.275,12.164,12.91,13.204,12.67,12.534,12.728,13.094,13.236,13.317,12.751,12.327,12.629,12.656,12.6
12.451,12.743,12.447,13.339,12.617,13.057,12.676,12.598,12.269,12.534,12.864,12.893,12.783,12.344,12.388,13.99,12.52,12.131,12.606,12.772,13.004,12.66,12.645,12.523,13.113,13.058,12.64,12.711,13.031,13.233,13.104,12.401,13.057,12.162,12.79,13.086,12.856,12.897,13.171,12.816,12.346,12.191,12.608,12.811,12.249,12.833,12.549,12.118,13.05,12.628,12.455,12.13,12.932,12.701,13.684,12.893,12.956,13.099,11.736,13.162,12.237,12.975,12.677,12.876,12.601,12.24,12.977,12.727,13.113,12.898,12.623,12.904,12.931,12.958,13.016,12.811,12.606,12.149,12.579,12.814,12.746,12.817,13.058,12.37,13.25,12.812,12.356,12.575,12.301,12.587,12.795,12.736,12.803,12.622,12.519,13.137,12.693,12.531,12.233,13.432
12.696,12.887,13.251,13.237,12.704,13.207,12.623,12.556,13.034,12.772,13.351,12.638,12.709,12.716,13.31,13.204,12.46,12.325,12.484,12.665,12.501,12.827,13.05,12.419,12.822,12.903,12.55,12.745,12.852,12.015,12.579,13.391,13.176,12.473,12.416,12.689,12.37,12.961,13.115,12.601,13.056,12.816,13.268,12.472,13.074,13.031,12.984,13.117,13.233,12.576,12.28,12.19,12.361,12.953,12.96,12.702,12.263,13.112,12.388,12.586,12.786,12.378,12.577,13.063,12.517,13.347,12.688,12.889,12.624,13.121,11.98,13.46,13.147,12.534,12.622,12.105,12.877,12.074,12.555,12.971,12.664,12.584,12.685,12.375,12.555,12.443,12.45,12.811,12.74,12.623,12.464,12.616,12.475,12.71,12.896,12.817,12.632,12.957,12.611,13.418
12.596,12.466,12.305,13.021,12.672,12.816,12.906,12.575,12.412,12.499,12.013,12.593,12.514,12.536,13.497,12.819,12.555,13.417,12.414,12.803,12.89,12.227,12.925,12.662,12.72,12.543,12.533,12.826,13.323,12.733,13.331,12.075,12.793,13.356,12.982,12.624,12.166,12.779,12.852,12.854,13.318,12.664,12.561,12.845,12.531,13.415,12.438,12.247,12.332,12.994,12.865,13.114,13.144,12.547,12.668,12.622,12.7,12.873,11.887,12.605,12.197,13.173,12.6,12.581,12.397,13.262,12.164,12.874,13.159,12.937,12.417,12.872,12.632,12.508,12.992,12.966,12.969,12.167,12.587,12.932,12.466,13.634,13.501,13.164,12.673,12.692,12.161,12.503,13.116,12.635,13.034,12.818,12.917,12.714,13.017,13.544,12.013,12.833,12.75,12.463
12.468,12.926,12.899,12.477,12.524,13.055,12.646,12.909,12.825,12.397,13.564,12.492,13.062,12.265,11.671,12.259,12.585,12.75,13.053,12.605,12.672,12.271,12.484,13.127,12.724,12.626,12.471,13.634,12.569,12.815,12.752,12.266,12.586,12.983,13.233,12.398,12.152,12.928,12.563,12.498,13.144,12.408,12.974,12.401,13.021,12.338,12.154,11.866,12.749,12.664,13.054,12.567,12.875,12.966,13.587,13.023,13.148,12.788,13.174,12.306,12.179,12.653,12.664,12.842,13.09,12.922,13.192,12.424,13.334,13.057,12.445,12.7,12.318,12.98,12.777,12.483,12.795,12.575,12.717,12.947,12.749,13.394,13.659,13.02,12.335,13.225,13.026,12.639,12.617,12.799,12.916,12.67,12.954,12.872,12.768,12.741,12.695,12.631,13.22,12.923
12.79,12.442,12.951,12.538,12.817,12.192,12.69,13.124,12.373,12.601,12.387,12.44,12.25,12.448,12.069,12.998,12.862,12.714,12.577,12.724,12.856,12.167,12.484,13.05,12.849,12.217,13.14,13.324,12.948,12.561,12.975,12.617,12.393,12.646,12.548,13.115,13.005,12.688,12.253,12.609,12.243,12.978,12.751,12.921,12.353,12.887,12.956,12.892,12.3,12.777,13.182,13.219,13.048,12.702,13.944,12.78,12.056,12.964,12.611,12.56,13.015,12.36,12.529,12.655,12.395,12.676,12.994,12.556,12.561,12.556,13.44,11.83,12.978,13.359,12.435,12.186,12.589,12.219,12.652,12.601,12.835,13.268,12.973,12.388,13.085,12.541,12.134,12.72,12.867,12.785,12.917,12.78,12.313,12.867,13.351,13.56,12.654,13.012,13.052,12.191
12.538,12.849,13.695,13.372,12.9,13.327,12.247,12.422,13.282,13.082,13.033,12.769,12.985,13.012,13.334,12.915,13.049,12.974,12.847,12.69,12.891,12.35,12.797,12.973,12.863,12.508,12.699,13.281,13.364,12.358,12.587,11.89,12.257,13.164,12.438,12.717,13.061,12.773,13.02,12.558,13.318,12.671,12.222,12.43,12.904,12.734,12.714,13.738,13.092,12.842,12.305,13.19,12.105,12.594,13.025,12.938,12.203,12.959,13.701,13.113,12.144,13.062,12.583,13.806,12.773,13.38,13.072,12.756,12.406,12.786,12.644,12.614,12.614,12.771,13.267,12.095,12.622,12.954,12.709,12.257,12.671,12.202,13.02,12.755,12.515,12.618,13.285,12.665,12.356,12.505,12.199,12.675,12.71,12.958,12.593,13.434,12.822,12.694,12.335,11.862
12.581,13.103,13.292,13.016,12.562,13.108,12.248,12.526,12.642,12.812,12.262,12.498,13.375,12.408,13.188,12.568,12.715,12.33,13.135,12.622,12.653,12.173,12.355,12.83,13.069,13.01,12.143,13.28,12.924,12.282,12.755,12.824,12.631,13.266,12.308,12.935,12.437,12.811,12.906,12.807,13.022,12.349,13.22,12.963,12.972,12.245,12.393,12.553,13.152,12.461,13.298,13.222,11.971,12.434,13.453,12.639,13.271,12.88,11.874,12.427,13.12,12.326,12.698,11.982,13.023,13.34,12.167,12.303,12.743,12.918,12.293,12.507,12.253,13.228,12.421,13.137,12.701,12.227,12.513,13.24,12.854,12.836,12.755,12.357,13.124,12.459,12.24,12.51,12.755,12.348,13.209,12.924,12.522,12.303,13.06,13.45,13.588,12.765,13.151,13.063
12.702,12.548,12.681,13.309,12.258,13.254,12.655,12.76,13.154,12.858,12.372,12.441,13.119,12.193,12.871,13.052,12.451,12.425,12.436,12.574,13.078,12.378,13.052,12.254,12.938,12.377,12.258,12.107,13.413,12.712,12.881,13.644,12.428,12.463,13,12.504,12.301,12.584,12.466,12.897,13.31,12.19,12.463,12.371,12.816,12.778,12.811,12.898,12.801,12.842,12.592,12.98,12.15,12.598,13.842,12.442,12.788,12.569,12.94,12.799,12.748,12.965,12.892,12.67,12.452,13.537,12.93,12.862,12.995,12.923,12.752,13.27,12.829,13.369,12.784,12.896,12.678,12.474,12.624,12.652,12.846,12.719,12.537,12.332,12.943,12.876,12.896,12.366,12.727,12.42,12.56,12.741,12.855,13.045,13.029,12.43,12.933,12.941,12.695,12.91
12.658,12.405,13.134,13.176,13.201,12.302,12.716,12.478,12.565,12.997,13.375,12.678,12.723,13.34,12.447,12.521,12.528,12.986,12.296,12.756,12.624,12.879,12.208,13.05,12.774,12.576,12.865,12.877,13.073,12.83,12.384,13.396,12.66,12.581,12.976,12.535,12.615,12.783,12.585,12.905,12.74,13.021,12.983,12.663,13.294,13.436,12.483,12.636,13.182,12.605,12.947,12.507,13.047,12.733,12.959,12.827,12.871,12.793,13.182,13.108,12.376,12.173,12.532,13.757,12.737,13.886,13.219,12.823,12.569,12.627,12.569,12.25,13.183,12.35,12.469,13.194,12.631,12.55,12.556,12.613,12.913,12.677,12.653,13.083,12.087,12.963,12.233,12.354,13.296,12.874,12.97,12.593,12.43,12.64,12.652,12.822,12.689,12.765,12.812,12.954
12.927,13.024,13.064,13.245,12.026,13.249,12.933,13.119,12.39,12.512,12.14,12.599,12.389,12.923,13.676,12.504,12.958,13.216,13.051,12.7,12.553,12.394,12.31,13.047,12.477,12.402,12.914,13.339,12.405,12.118,12.9,12.756,12.748,13.081,13.051,12.394,13.297,12.839,12.536,13.059,13.178,13.001,13.266,13.158,13.175,12.464,13.168,12.744,12.754,13.047,12.751,12.928,12.712,12.471,13.312,12.357,12.344,12.899,11.838,12.858,12.281,13.095,12.646,11.995,12.432,11.817,12.628,12.869,13.052,12.704,12.617,12.369,12.291,12.31,12.518,12.931,12.753,12.531,12.559,12.838,12.639,12.332,11.75,13,12.57,12.674,12.314,12.594,12.57,12.54,12.637,12.689,12.84,12.744,12.635,12.006,12.809,12.775,12.86,12.431
12.82,12.445,13.554,13.236,12.221,13.223,12.591,12.322,12.97,12.701,12.532,12.828,13.185,13.095,11.936,12.402,12.657,13.089,12.72,12.823,12.98,13.111,12.876,12.437,13.093,12.836,13.084,13.235,12.171,12.307,12.895,12.337,12.68,12.869,13.064,12.576,13.23,12.785,12.863,12.886,12.847,13.148,13.255,12.917,12.611,12.497,12.744,13.03,12.841,13.118,12.93,12.999,12.878,12.942,12.983,12.586,11.934,12.723,12.87,13.167,12.745,12.551,12.907,12.606,12.661,12.931,13.316,12.993,12.843,12.896,12.266,12.802,12.793,12.506,12.922,12.119,12.735,13.36,12.903,12.842,12.611,12.883,12.452,13.114,12.94,12.839,12.483,12.768,12.329,12.778,13.242,12.689,13.115,12.771,12.689,13.339,12.194,12.904,12.897,12.927
12.95,12.856,13.085,12.343,12.965,12.209,12.858,12.137,12.397,12.991,11.982,12.668,13.278,12.729,12.631,11.687,12.604,13.306,13.293,12.702,12.565,13.25,12.705,12.976,12.576,12.602,12.655,12.185,13.065,12.997,12.571,12.72,12.329,13.032,12.526,12.322,12.607,12.5,13.044,12.703,12.261,12.183,12.259,12.853,13.019,12.157,12.968,12.393,12.953,12.415,12.882,12.564,12.891,12.538,12.658,12.474,13.205,12.957,12.082,13.229,13.429,12.306,12.71,13.529,13.107,13.201,13.112,12.648,12.866,12.202,12.199,13.261,13.157,12.765,12.403,12.094,12.509,13.136,12.707,12.953,12.858,12.58,12.353,12.452,13.407,12.587,12.679,12.517,12.782,12.83,12.548,12.646,12.752,12.782,12.912,13.567,12.614,12.666,12.775,12.274
12.457,12.764,12.106,13.233,12.836,13.186,12.408,11.926,12.836,12.74,12.383,12.679,12.891,12.685,12.181,12.366,12.537,13.094,13.295,12.787,12.29,13.207,13.071,12.425,12.867,12.455,13.076,12.534,12.578,12.65,12.771,12.138,12.165,12.613,12.753,12.59,13.473,12.498,12.677,12.838,12.463,12.867,13.145,12.175,12.633,12.876,12.587,12.285,12.329,12.79,12.927,13.045,12.513,12.728,13.336,12.487,13.184,12.437,12.573,13.266,12.462,12.873,12.346,12.033,12.257,12.939,12.742,12.455,12.656,12.524,12.062,12.551,12.955,12.978,12.463,12.883,12.87,12.37,12.461,12.503,12.793,12.83,13.345,12.82,13.062,12.517,13.321,12.697,12.838,12.924,12.259,12.661,12.362,12.405,12.879,12.202,13.321,12.427,12.299,13.317
11.933,12.936,12.623,12.449,12.607,13.214,12.578,13.267,13.099,12.546,12.606,12.95,13,13.132,12.995,12.698,12.748,12.9,12.404,12.597,12.51,12.887,13.191,12.093,13.076,12.514,13.091,13.061,12.897,12.505,12.891,13.323,12.705,13.11,12.468,13.106,13.326,12.914,13.065,12.671,13.248,12.546,13.222,12.336,12.151,12.875,13.06,12.007,12.521,13.114,12.368,12.35,13.306,12.472,12.365,12.549,12.613,12.514,13.342,12.848,12.942,12.3,12.423,13.142,12.455,13.442,13.16,12.655,12.669,13.076,13.42,12.873,13.1,12.642,12.355,12.92,12.609,13.074,12.748,12.52,12.955,13.094,13.007,12.63,11.795,12.354,12.73,12.536,12.702,12.707,12.557,12.604,12.462,12.801,12.57,12.855,11.895,12.874,13.152,11.956
12.893,12.17,12.645,13.203,13.079,12.336,12.73,13.015,13.031,13.012,12.396,12.38,12.482,12.994,12.738,12.941,12.856,11.838,12.382,12.419,12.635,13.131,12.673,13.196,13.134,12.578,12.784,13.273,12.447,13.162,13.049,11.772,12.668,12.223,12.775,13.248,13.101,12.858,12.161,12.681,12.759,12.849,12.1,12.634,12.509,12.596,12.947,12.281,12.802,13.118,12.407,13.092,13.076,13.205,12.905,12.38,12.021,12.371,12.017,12.447,12.726,13.164,13.037,11.757,12.447,13.048,12.617,12.955,12.961,12.808,13.083,13.307,12.902,13.076,12.378,12.548,12.786,12.677,12.809,13.212,12.712,12.637,13.491,13.072,13.28,12.919,12.406,12.617,12.262,12.402,12.921,12.747,12.895,12.977,13.014,12.67,13.102,12.691,13.124,13.255
12.876,13.028,13.799,12.413,12.655,12.43,12.859,12.467,13.003,12.822,13.542,12.598,12.995,12.318,11.782,12.681,13.147,12.308,12.296,12.923,12.46,12.426,12.491,13.246,12.826,12.812,11.907,12.383,12.969,12.995,12.504,12.597,12.862,13.105,13.119,13.106,12.391,12.655,12.562,12.702,13.24,12.707,12.866,13.333,13.305,11.866,12.917,12.493,12.303,13.223,12.778,13.009,12.669,13.065,12.488,13.055,12.289,12.681,12.682,13.31,12.848,12.327,12.452,14.072,12.822,12.497,12.459,12.774,12.923,13.184,13.483,12.607,12.558,12.661,12.994,13.026,13.001,13.236,12.674,13.021,13.035,12.396,11.835,13.121,12.211,12.874,12.071,12.793,12.94,12.529,12.89,12.664,12.313,12.906,12.367,12.75,13.251,13.051,13.198,11.812
13.425,13.266,12.677,12.856,12.579,13.132,12.458,12.128,12.796,12.53,13.633,12.783,12.684,12.953,12.285,12.899,12.495,13.129,12.606,12.629,13.024,13.07,12.361,13.053,12.918,13.088,11.954,12.351,12.767,12.383,12.457,13.056,12.745,13.058,13.042,13.025,13.269,12.606,12.481,12.634,12.557,13.411,12.231,12.516,12.465,13.123,13.041,12.808,13.165,12.758,12.769,12.405,12.969,12.597,12.386,13.053,12.425,12.701,11.973,12.768,12.738,12.324,12.671,13.592,12.529,12.276,12.922,12.859,12.805,12.925,12.77,13.572,12.983,13.084,12.953,12.359,13.099,13.228,12.938,12.256,12.835,12.48,13.083,12.741,13.159,12.641,12.109,12.872,12.619,12.865,13.068,12.762,13.215,13.138,12.896,13.043,12.775,12.772,12.603,12.517
12.229,12.343,13.74,12.338,12.381,12.851,12.8,12.757,12.642,12.994,13.651,12.745,12.985,12.82,13.391,12.581,12.942,12.498,12.819,12.785,12.413,13.16,12.22,12.817,12.515,13.069,12.274,12.107,12.909,13.371,12.907,12.718,13.091,12.298,13.024,12.608,13.216,12.581,13.142,12.569,12.766,12.379,12.197,13.084,13.141,12.476,12.778,13.195,12.705,12.686,12.923,12.999,12.862,12.826,12.465,13.061,12.703,12.715,12.842,12.802,11.99,13.005,12.772,12.49,12.555,11.671,13.052,12.828,13.047,12.36,12.841,12.634,12.36,13.081,13.167,13.288,12.564,12.222,12.996,12.616,12.438,12.585,12.58,12.541,12.078,12.378,12.386,12.519,12.899,12.366,13.015,12.655,12.735,12.318,12.888,12.233,13.024,12.726,13,12.985
13.094,12.28,12.132,12.298,12.752,12.394,12.365,12.755,13.005,12.695,12.125,13.079,13.119,12.657,13.672,12.458,12.776,13.329,13.196,12.631,12.458,13.204,12.923,12.759,12.8,12.478,12.995,12.597,13.219,13.205,12.572,13.565,12.576,12.326,12.871,12.574,12.94,12.855,13.262,12.639,12.494,13.322,12.279,13.036,12.935,12.634,12.862,12.36,12.565,12.442,13.001,13.048,13.21,13.092,13.685,13.071,12.432,12.276,12.404,12.29,12.728,13.337,12.444,12.972,12.914,13.592,12.633,12.821,12.77,12.873,13.026,13.687,13.091,12.354,13.399,13.313,12.648,12.96,12.813,12.761,12.843,12.881,13.304,13.022,12.012,12.897,12.82,12.539,12.77,13.127,13.417,12.845,12.563,12.576,12.611,11.932,12.448,12.963,12.637,12.48
12.668,12.866,12.252,12.461,13.089,13.128,12.506,12.654,13.019,12.45,13.327,12.903,12.612,12.425,13.443,13.218,12.487,13.04,13.194,12.667,12.881,12.464,13.019,12.953,12.879,12.429,12.767,13.422,12.711,12.128,12.784,12.058,12.785,12.25,13.095,12.616,12.24,12.498,12.719,12.966,12.576,12.943,12.28,13.187,12.196,12.462,12.751,13.639,13.088,12.954,12.985,12.484,12.188,12.561,12.118,12.675,12.281,12.436,11.996,12.524,12.162,12.297,12.683,12.747,12.301,12.854,12.292,12.772,12.758,12.314,12.875,12.568,12.437,12.499,13.308,13.053,12.641,13.046,13.075,12.417,12.857,12.74,12.295,12.234,13.301,12.374,12.892,12.69,12.456,12.829,12.587,12.639,12.923,12.783,13.189,12.494,12.478,12.617,13.364,12.951
12.664,12.515,13.611,12.902,12.716,12.334,12.603,12.776,13.058,12.275,12.586,12.855,12.593,12.49,12.473,13.467,12.656,13.094,13.105,12.754,13.187,13.129,12.435,12.937,12.589,13.118,12.982,12.073,12.822,13.001,12.58,12.398,12.997,12.391,12.904,12.499,12.464,12.859,13.179,13.037,12.614,13.229,13.358,12.902,13.294,13.42,12.517,12.753,13.017,12.463,12.884,12.499,13.538,12.904,13.177,13.006,13.674,12.621,12.145,13.093,13.16,12.449,12.434,13.656,12.96,11.904,13.006,12.566,13.303,12.861,12.356,12.863,12.455,13.071,12.602,12.648,12.558,12.837,12.482,13.21,12.76,12.787,13.001,12.257,12.223,12.729,12.616,12.65,12.843,12.862,12.725,12.816,12.317,12.991,12.279,12.852,12.867,12.56,12.648,11.967
13.007,12.426,12.228,12.834,12.908,12.314,12.645,12.483,12.413,12.526,12.512,12.591,12.919,12.819,12.017,12.762,12.404,12.275,12.361,12.691,13.141,12.642,12.41,12.793,13.098,12.161,13.297,12.365,12.289,13.096,13.077,12.401,12.389,13.029,12.352,12.647,11.931,12.821,12.742,12.837,12.332,13.28,13.309,13.175,12.325,11.725,12.605,12.753,13.126,12.802,12.938,12.583,12.173,12.87,12.957,12.967,12.747,12.897,12.466,12.32,12.86,13.127,12.175,13.067,12.759,12.067,12.991,13.157,12.919,12.698,12.032,12.448,12.73,12.778,12.532,13.112,12.957,12.479,12.436,12.84,12.316,12.376,12.245,12.579,12.395,12.588,13.09,12.644,13.242,12.761,12.552,12.764,13.122,12.625,12.436,12.482,13.018,12.524,13.194,12.419
12.387,12.812,11.995,13.088,13.115,12.289,12.489,12.495,12.428,12.63,13.41,12.663,12.488,13.143,12.828,12.364,12.677,12.789,13.062,12.555,12.558,13.025,12.676,12.394,12.307,12.736,12.66,13.08,12.42,13.234,12.544,13.678,12.555,13.172,12.865,13.207,12.541,12.597,12.729,13.256,12.405,13.486,13.066,13.6,12.391,13.343,12.709,13.227,12.778,12.532,12.835,12.954,12.574,12.677,12.659,12.49,12.287,13.024,11.943,12.314,11.902,12.696,12.383,12.339,12.652,12.6,13.334,12.737,12.857,12.748,12.142,12.4,12.974,12.998,12.795,12.871,12.65,12.54,12.938,13.311,12.593,13.008,12.632,12.879,12.585,12.811,12.704,12.906,13.08,12.555,12.91,13.04,12.857,13.058,12.578,12.054,12.721,12.828,12.87,12.663
12.545,12.705,12.099,12.923,12.957,12.631,12.59,12.724,13.093,12.548,13.173,12.623,12.413,12.191,12.661,13.154,12.769,12.218,12.919,12.683,13.087,12.776,12.954,12.714,12.122,11.955,12.199,13.024,12.261,12.496,12.92,13.675,12.873,12.812,12.785,12.756,12.314,12.754,12.935,12.71,12.871,13.53,12.575,13.464,12.426,12.981,12.713,13.268,12.635,13.084,12.906,13.017,13.167,12.748,12.474,12.975,13.422,12.589,12.378,13.123,12.971,12.679,13.341,13.759,12.882,12.994,12.561,12.109,12.856,12.608,13.439,12.884,13.053,12.185,12.974,12.485,12.37,12.969,13.04,12.715,13.005,13.48,12.397,12.814,12.636,12.352,13.225,12.535,12.919,13.005,12.906,12.723,12.989,12.704,12.501,13.015,12.7,12.393,12.324,13.164
12.657,12.66,12.81,13.274,12.576,12.635,13.033,12.395,12.602,12.865,12.026,12.689,12.289,12.724,12.422,13.29,12.421,12.194,12.462,12.786,12.847,12.438,12.446,12.938,12.803,13.215,12.692,11.936,12.942,12.562,12.736,13.82,12.962,13.245,12.168,12.663,12.342,12.791,12.657,12.156,12.546,12.568,12.175,12.798,12.56,13.125,12.935,12.415,12.923,12.976,12.618,12.665,12.742,12.577,12.262,12.686,13.118,12.898,12.57,13.103,13.193,13.066,12.086,12.894,12.472,13.134,12.282,12.824,12.471,12.695,13.12,13,12.465,13.144,13.017,12.751,13.095,12.826,12.843,12.413,12.825,12.961,13.111,13.282,13.077,12.839,12.231,12.474,12.838,12.383,12.613,12.694,12.715,12.972,12.393,13.144,13.098,12.953,12.438,13.377
12.801,12.831,12.448,13.022,12.97,13.233,12.977,13.35,12.717,12.646,13.231,12.552,12.672,12.558,12.938,12.685,13.147,12.548,12.502,12.65,12.661,12.725,12.659,12.989,12.88,12.955,12.593,12.92,13.235,12.969,13.028,12.285,12.692,13.231,12.758,12.629,13.087,12.953,12.688,12.726,13.217,12.125,12.334,12.432,12.384,13.195,12.706,12.338,12.531,13.048,12.927,12.984,13.325,13.011,12.816,12.878,13.418,12.848,13.331,12.401,12.638,12.446,13.136,12.497,12.061,13.383,12.434,12.713,12.509,12.724,13.003,12.138,12.617,12.726,12.554,12.986,13.051,12.145,12.645,12.773,13.058,12.908,12.3,12.436,12.675,12.226,12.563,12.665,12.454,12.688,12.768,12.653,12.552,12.505,12.86,12.977,13.297,12.561,13.373,13.507
12.524,12.507,12.045,12.455,12.529,12.125,12.488,13.068,12.747,13.128,13.007,12.69,13.106,12.445,12.771,13.213,12.474,12.537,12.734,12.747,13.242,13.014,12.317,13.012,13.008,12.534,13.356,12.243,12.533,12.611,12.763,12.821,12.825,13.19,12.978,12.766,12.321,12.512,12.869,12.379,12.274,13.164,12.12,13.246,13.153,12.118,12.521,12.187,13.094,12.493,12.484,12.451,12.976,12.475,12.28,12.572,12.373,12.992,13.351,12.493,13.307,12.934,12.612,13.21,12.989,13.174,12.358,12.798,12.664,12.525,12.612,12.616,12.736,13.199,12.912,12.71,12.68,11.791,12.671,13.112,12.871,12.708,12.592,13.147,13.191,12.634,13.197,12.941,12.518,12.594,12.404,12.8,12.548,12.906,12.694,12.767,12.6,12.754,12.426,13.63
12.54,12.895,12.263,12.565,12.452,13.283,12.646,12.087,12.472,13.03,12.519,13.006,12.713,13.194,13.211,12.653,13.243,13.02,12.2,12.71,13.102,13.19,13.054,12.901,12.68,12.102,12.035,13.072,12.384,13.431,13.361,12.768,12.484,12.469,13.202,12.621,12.219,12.67,12.423,12.849,12.248,13.051,12.45,12.54,12.313,13.004,12.834,12.318,12.855,12.736,12.651,13.023,12.96,12.099,12.404,12.284,13.302,12.393,12.776,12.807,13.483,12.687,13.269,13.093,12.832,13.17,12.805,12.676,12.834,12.741,12.601,12.704,12.903,12.368,12.777,12.884,12.907,12.168,12.538,12.359,13.022,13.148,13.166,13.109,13.103,12.408,12.424,12.801,13.164,12.815,12.796,12.746,12.572,12.85,12.875,13.054,12.299,12.738,13.198,12.996
13.224,12.99,12.327,12.938,13.155,13.227,12.91,13.407,12.407,12.655,13.648,12.804,12.674,13.072,12.466,12.463,12.665,12.444,13.151,12.761,13.105,12.58,13.038,12.674,12.346,13.375,12.787,13.133,12.602,13.144,13.142,13.239,12.623,13.038,13.096,12.518,12.093,12.737,12.521,12.806,12.22,13.064,12.723,12.411,12.656,12.17,12.991,13.177,12.719,12.586,12.844,12.773,12.18,12.298,12.19,12.909,12.604,13.115,12.656,12.647,13.258,12.523,12.743,12.344,12.531,12.646,12.62,12.066,12.767,13.021,13.589,12.726,12.857,13.357,12.074,13.055,12.647,12.25,12.51,12.296,12.834,12.865,11.802,12.466,12.988,12.448,13.043,13.034,12.441,12.839,12.528,12.829,12.533,12.478,12.856,12.691,12.829,12.85,12.885,13.114
12.92,12.386,13.464,13.145,12.83,12.391,12.662,12.433,12.451,12.794,12.119,12.934,12.676,13.127,13.71,12.656,12.406,12.761,12.628,12.685,12.398,12.784,12.314,12.963,12.894,13.373,13.091,12.046,12.227,12.747,12.652,13.488,12.427,12.407,12.367,12.725,13.239,12.59,13.282,12.799,12.173,13.115,12.972,13.21,12.385,12.842,13.065,12.382,12.73,13.109,12.594,12.464,12.902,13.203,12.095,12.59,13.046,12.794,13.042,12.699,12.368,12.704,13.062,12.531,12.773,12.487,12.762,12.654,12.444,12.631,11.718,13.709,12.585,12.549,12.325,12.659,12.684,12.475,12.421,12.487,12.681,12.819,12.238,13.072,13.036,13.066,13.121,12.331,12.466,12.698,12.927,12.863,12.507,12.722,12.561,12.335,12.821,12.841,13.016,12.629
12.651,13.3,11.84,12.436,12.759,12.249,12.488,12.31,12.63,12.733,12.423,12.724,12.567,12.428,13.162,12.7,12.501,13.082,13.142,12.769,12.959,12.627,12.221,12.519,12.683,12.673,12.816,12.672,13.024,13.364,12.87,13.315,12.892,13.309,12.691,12.752,12.73,12.858,12.332,13.118,12.865,13.227,12.427,12.051,12.233,11.862,12.844,12.743,12.803,12.676,12.995,13.073,12.704,12.892,13.579,12.485,12.289,12.662,12.933,13.106,12.847,12.357,13.177,12.278,12.334,12.538,13.131,13.166,12.778,13.203,13.366,12.214,12.452,12.212,13.203,12.969,12.67,12.602,12.442,12.997,12.614,13.049,13.338,13.065,13.045,12.557,12.366,13.136,12.226,12.955,13.031,12.898,12.722,12.681,12.436,12.365,13.455,12.601,12.466,13.431
12.384,12.422,12.256,12.635,12.453,12.779,13.207,12.951,13.119,12.756,12.509,12.818,12.893,12.972,13.022,12.313,12.523,12.716,12.377,12.805,12.438,12.842,13.11,13.004,12.937,12.447,12.635,13.297,13.396,13.724,13.331,13.506,12.754,12.126,12.967,12.976,12.042,12.76,13.361,12.193,13.258,11.822,12.384,13.133,12.84,12.258,12.487,12.695,12.922,12.698,12.636,13.051,12.672,12.495,12.81,12.854,12.051,13.183,13.569,12.469,13.079,12.5,12.754,13.71,12.518,13.211,12.518,13.214,12.94,13.244,12.419,13.053,12.929,12.4,12.816,12.319,12.844,12.31,12.738,12.891,12.971,13.053,12.284,12.555,12.532,12.509,12.556,12.812,12.329,12.782,12.864,12.711,12.568,12.858,12.452,13.244,13.234,12.4,12.782,12.003
12.852,12.376,12.943,12.676,12.416,12.233,12.244,12.898,12.59,12.639,12.523,12.72,12.638,12.267,12.275,12.356,13.029,12.33,12.169,12.929,12.153,12.649,12.77,12.864,12.388,12.963,13.631,13.472,13.046,12.607,12.953,12.803,12.71,12.833,12.591,12.859,13.296,12.922,12.942,13.163,12.288,13.532,13.207,13.167,12.96,12.784,12.621,12.032,12.229,12.454,12.863,12.535,12.345,12.871,12.908,12.635,13.519,13.043,13.843,12.534,12.937,12.818,12.747,13.893,12.602,12.884,13.328,13.064,12.639,13.014,12.123,12.736,12.86,12.809,12.954,12.343,12.777,13.06,12.154,13.237,12.204,12.716,12.167,12.874,12.379,12.876,13.231,12.973,12.272,12.78,12.905,12.781,13.092,12.574,13.108,12.381,12.699,13.135,13.283,13.011
12.372,12.219,13.43,13.194,12.368,12.385,12.279,12.605,12.671,12.668,12.34,12.674,12.896,12.846,12.907,12.403,12.34,13.049,12.618,12.673,12.637,12.537,13.145,12.755,12.278,13.011,12.258,11.948,12.766,13.052,13.382,12.023,12.941,12.68,12.522,12.57,12.214,12.648,12.513,12.902,12.95,11.932,13.177,13.015,13.131,12.917,12.824,12.01,13.124,12.863,12.616,12.629,12.286,12.563,11.973,12.827,13.272,12.618,12.861,12.95,11.919,12.235,13.152,12.857,12.474,11.874,13.117,12.969,12.906,12.754,13.071,12.824,12.388,12.95,12.843,13.021,12.445,13.104,13.002,12.799,13.064,12.838,12.735,13.002,12.354,12.948,12.505,12.641,12.79,12.824,12.593,12.786,12.936,12.372,12.633,12.984,12.869,12.877,12.713,12.937
12.701,12.52,13.112,13.12,12.422,12.297,12.25,12.515,12.334,12.65,12.018,12.61,12.782,12.895,12.858,12.981,12.893,13.117,12.288,12.324,12.043,12.521,12.145,12.46,12.338,12.435,12.203,11.991,12.007,12.454,12.662,12.749,13.083,12.617,12.493,12.778,13.244,12.643,12.735,12.678,12.203,12.367,12.948,13.336,12.052,12.497,12.521,13.061,11.999,12.959,12.636,12.352,13.184,12.488,13.065,12.784,12.606,12.662,13.845,12.899,12.731,12.43,12.343,12.914,12.389,13.168,12.617,12.3,12.822,12.683,13.631,12.511,12.886,12.422,12.989,12.622,12.766,11.905,12.118,12.531,12.64,13.211,12.855,12.257,12.563,12.476,13.18,12.322,12.887,12.748,12.535,12.834,12.469,12.806,12.98,12.851,12.934,12.4,12.657,13.464
12.805,12.494,12.541,12.461,12.607,12.616,12.675,12.434,12.575,12.444,12.416,12.684,12.969,12.57,12.33,12.451,12.383,12.442,12.063,12.729,12.617,12.922,12.262,13.005,12.84,13.102,11.864,12.841,12.393,12.282,13.399,12.456,12.934,12.289,12.121,12.79,13.349,12.898,12.53,13.134,12.142,12.513,12.271,13.356,13.058,12.279,12.569,12.448,12.059,12.923,12.715,13.204,13.268,12.652,13.189,12.622,12.556,12.541,13.577,12.946,13.196,12.644,12.903,13.143,13.136,11.919,12.865,12.326,12.867,12.048,13.031,12.357,12.616,12.975,12.799,13.077,12.793,12.581,12.722,12.793,12.721,12.257,12.931,13.139,13.278,12.884,12.681,12.954,12.186,12.739,12.529,12.792,12.492,12.581,12.573,13.159,12.62,12.696,13.32,13.364
12.782,12.641,12.772,12.369,12.4,12.22,13.394,12.754,12.821,12.544,13.569,12.742,13.14,12.33,13,12.277,12.317,12.93,13.075,12.854,12.403,12.502,13.033,13.189,12.912,13.206,12.454,13.528,13.445,12.245,12.577,12.369,12.6,13.066,13.292,12.555,12.49,12.698,13.234,13.927,13.32,13.606,12.408,13.25,13.039,12.222,12.828,12.344,12.764,12.644,12.311,12.371,13.385,13.138,12.856,12.884,13.23,12.906,13.343,12.943,13.207,12.439,13.121,12.17,12.578,12.534,13.061,12.209,12.512,13.172,12.603,12.932,12.747,12.323,12.332,13.155,12.14,12.056,13.599,12.954,12.306,12.943,13.345,13.246,12.421,12.418,12.775,12.341,12.553,12.753,12.519,12.774,12.376,12.774,13.183,13.241,12.48,12.677,13.408,12.794
12.429,12.865,11.903,12.284,12.519,12.817,12.203,12.871,12.161,12.833,13.262,12.768,12.577,12.395,12.976,12.691,12.001,12.484,12.431,12.729,12.894,12.549,13.104,12.502,12.242,12.88,12.647,12.947,12.615,12.529,13.273,12.978,12.391,12.74,12.907,12.723,13.254,12.785,13.088,12.63,12.027,12.57,13.373,13.649,13.093,12.47,12.793,13.172,12.574,12.885,12.508,12.294,13.419,12.403,12.652,13.065,12.532,12.981,12.148,12.507,13.254,13.25,12.835,11.898,12.531,11.894,12.234,12.787,12.336,13.357,12.049,13.017,12.944,13.159,12.892,12.332,12.696,12.774,11.852,12.407,13.171,12.337,12.247,12.34,12.219,13.019,12.964,12.436,12.213,12.676,12.571,12.808,13.129,12.545,12.822,12.652,12.771,12.637,13.395,12.275
12.928,12.323,13.22,12.276,13.016,12.409,12.781,13.407,13.306,13.053,12.08,12.538,12.544,13.19,12.878,12.823,12.032,12.239,12.874,12.941,13.359,13.068,12.307,13.039,12.971,12.87,12.594,11.96,11.97,11.818,12.147,13.259,12.902,12.188,12.3,12.566,13.078,12.961,12.534,13.605,13.09,12.273,13.129,13.069,12.309,13.252,12.837,12.316,12.202,12.599,13.025,12.821,12.785,13.014,11.931,12.422,13.612,12.96,13.44,12.898,12.619,12.727,12.731,12.172,12.644,13.281,12.472,13.341,12.667,12.618,12.181,13.155,13.154,12.883,12.557,12.47,12.805,12.911,13.434,12.833,12.718,13.466,11.782,12.666,12.573,12.601,12.535,12.367,12.265,12.501,12.829,12.615,12.389,13.044,13.024,12.069,12.472,12.934,13.315,13.097
12.647,12.827,12.903,13.244,13.058,12.327,12.344,13.362,13.136,12.703,11.616,12.807,13.133,12.504,12.356,12.618,13.479,12.315,12.22,12.79,13.411,13.107,12.657,12.731,12.732,13.265,13.457,11.959,12.064,12.485,12.695,13.561,12.497,13.19,12.098,13.132,12.538,12.728,12.66,13.131,13.251,12.501,13.286,11.885,12.424,13.067,12.654,11.719,12.774,13.011,12.964,12.213,12.342,12.787,13.132,12.756,12.245,12.798,11.978,12.606,12.578,12.966,12.959,12.816,12.159,12.603,12.355,13.329,12.616,12.964,12.561,12.725,12.513,13.112,12.513,12.396,12.62,12.816,13.271,12.449,12.364,13.308,12.037,12.832,12.328,13.135,12.524,12.634,12.868,12.414,12.916,12.529,12.459,12.755,12.626,12.819,13.287,12.225,12.71,13.024
12.936,12.821,13.024,12.981,12.371,12.353,12.513,13.268,12.671,13.083,12.132,12.608,12.181,12.645,12.772,13.28,13.132,13.09,12.531,12.569,12.894,12.665,12.52,13.048,12.923,12.341,12.033,13.141,12.539,13.362,12.26,12.566,12.671,11.978,12.405,12.648,12.146,12.51,12.679,11.413,12.268,12.405,12.588,12.728,12.614,13.314,12.896,13.163,12.932,12.897,12.792,12.377,12.797,12.665,13.015,13.084,12.161,12.841,12.058,12.739,12.28,13.211,12.253,12.676,12.783,12.676,12.204,12.993,12.422,12.891,12.507,12.465,12.973,13.106,12.866,12.485,13.001,13.594,12.717,12.583,12.812,13.292,13.079,12.876,12.821,13.156,12.643,13.126,12.677,12.334,12.867,12.809,12.675,12.749,12.656,12.85,12.46,12.966,13.532,13.162
12.549,12.966,11.877,13.342,12.447,13.252,12.395,13.067,12.373,12.938,13.571,12.906,12.635,13.016,12.68,12.92,12.358,13.299,12.554,12.447,12.218,12.887,12.318,12.402,13.096,12.686,13.073,11.969,13.055,11.658,12.811,13.07,12.583,12.734,12.654,13.019,12.229,12.765,13.223,13.756,12.752,13.569,12.261,11.638,12.974,13.675,12.714,12.911,12.991,12.473,12.942,12.56,12.87,12.532,12.586,12.651,12.337,12.867,13.232,12.824,12.848,12.855,12.649,12.062,12.982,12.572,12.344,13.18,12.235,12.271,12.089,12.804,12.498,12.17,12.146,12.35,12.929,13.215,12.418,13.096,12.651,13.057,12.506,12.876,13.172,12.557,12.913,13.301,12.822,12.885,12.541,12.437,12.923,12.472,12.897,12.574,13.28,12.441,12.251,13.182
12.584,12.518,12.986,13.151,12.471,12.304,12.916,13.122,13.291,13.084,11.966,12.569,12.292,12.808,13.036,12.156,13.034,12.356,12.532,12.354,12.333,12.748,13.003,12.731,12.559,12.427,12.954,12.841,12.591,12.601,13.111,12.895,13.131,13.168,12.412,13.024,13.525,12.573,13.019,13.634,12.25,11.983,12.294,12.424,13.214,11.873,12.696,13.306,13.161,12.839,12.606,12.777,12.957,12.632,13.057,12.614,11.884,12.538,12.173,12.512,12.604,12.528,12.697,11.755,12.501,11.899,13.096,13.328,12.442,12.493,12.43,13.748,12.479,12.478,13.03,12.656,12.575,12.364,12.415,12.715,12.359,12.718,12.04,13.339,13.183,12.705,13.03,12.702,12.061,12.572,12.984,12.48,13.102,12.862,13.183,13.286,12.449,12.659,13.058,12.509
13.289,12.597,13.555,12.543,12.396,12.199,12.397,13.159,12.401,12.816,13.022,12.599,12.578,12.498,12.684,11.787,12.617,12.002,12.615,12.651,13.431,13.084,13.076,12.933,12.594,12.389,12.356,13.388,12.34,13.357,12.624,12.346,13.199,12.626,12.972,12.963,12.678,12.897,12.487,11.869,12.291,13.175,13.185,13.097,12.674,13.555,12.529,12.838,11.988,12.586,13.171,12.87,12.651,12.204,12.425,12.8,12.724,12.522,11.703,12.51,12.604,12.544,12.607,13.543,12.871,12.78,12.981,13.181,12.936,12.932,12.58,12.503,12.83,13.342,13.108,12.867,12.863,12.701,12.375,12.847,12.494,12.491,13.098,13.079,13.049,13.035,12.274,12.958,12.43,12.818,12.657,12.288,12.567,12.892,12.974,12.07,13.361,12.6,12.48,11.963
12.727,12.932,13.351,12.499,13.007,13.138,12.72,12.496,13.036,13.001,13.022,12.702,12.914,12.21,12.768,12.95,12.509,12.268,12.571,12.563,11.914,12.818,13.089,12.604,13.177,12.874,13.033,13.466,13.106,13.175,12.446,12.754,13.259,12.27,12.786,12.772,13.402,12.65,12.423,12.427,12.195,12.384,12.1,11.999,12.306,12.876,12.799,12.113,12.607,12.952,12.286,12.869,12.346,12.881,12.797,12.823,12.741,12.546,11.739,13.021,13.269,12.523,12.592,12.407,12.125,12.375,13.03,12.227,12.849,12.878,13.275,12.463,12.52,12.163,12.942,12.221,13.24,12.557,13.359,12.209,12.848,13.03,11.562,12.063,12.309,12.905,12.344,12.32,13.141,12.951,12.43,12.332,12.795,12.593,12.169,13.375,13.031,12.839,13.326,12.197
12.683,12.964,12.782,13.179,13.07,12.236,13.125,12.452,12.366,12.729,12.974,12.771,12.51,12.276,12.842,13.173,12.578,12.134,12.402,12.495,13.044,12.703,12.434,12.605,12.262,12.909,12.539,12.47,13.167,12.906,12.412,12.612,12.59,13.154,12.592,13.045,12.095,12.576,12.985,12.641,12.225,11.928,12.851,12.197,12.986,12.489,13.116,12.135,13.07,12.82,13.078,13.233,12.923,12.741,13.135,12.609,11.754,13.021,11.662,12.685,12.209,13.02,13.005,12.377,13.323,13.692,12.281,12.568,12.85,12.72,12.262,13.219,12.462,13.39,12.781,13.159,12.573,12.76,12.933,12.125,12.914,12.895,12.537,12.479,12.312,12.511,13.124,13.005,12.981,12.502,12.502,12.789,12.628,12.681,13.242,12.293,12.852,12.593,12.865,12.196
12.611,13.068,12.301,12.711,12.769,12.992,12.536,12.397,12.955,13.199,12.684,12.554,12.736,13.136,12.564,12.338,12.176,12.869,12.937,12.441,12.801,12.558,13.178,13.138,13.338,12.261,12.947,12.748,12.122,13.741,12.309,13.587,13.143,12.14,12.795,13.077,13.377,12.765,13,11.92,13.236,12.402,13.176,12.169,13.163,11.688,12.942,12.477,13.023,12.504,12.898,12.327,13.115,12.793,13.053,13.117,12.498,12.588,12.192,12.427,12.826,12.67,12.947,11.911,12.351,12.79,12.528,13.229,13.132,12.922,13.246,12.9,13.156,12.595,12.312,13.067,13.026,12.859,13.141,13.032,12.874,12.972,13.042,13.36,13.086,12.541,13.192,12.979,12.867,12.676,12.494,13.049,13.081,12.636,13.12,12.472,12.676,12.738,12.567,13.21
12.317,12.586,12.478,12.796,12.359,12.137,12.515,13.183,12.337,13.237,12.561,12.678,12.698,12.332,12.632,14.036,12.502,12.109,12.146,13.412,12.855,12.645,13.115,12.533,13.614,11.793,11.862,12.317,12.613,13.569,12.602,13.402,12.692,12.239,13.188,13.004,12.484,12.769,12.401,12.402,12.608,13.14,12.596,12.724,13.156,13.221,12.994,13.591,13.249,12.919,12.745,12.12,12.683,13.007,12.41,12.39,12.333,13.063,13.697,12.328,12.582,13.224,12.822,13.593,12.61,12.041,12.386,12.871,12.753,12.713,13.019,12.883,13.088,12.719,12.482,12.472,12.555,13.424,12.207,12.584,13.262,12.993,11.904,13.36,12.569,12.642,13.19,12.88,12.185,12.902,12.966,12.691,13.026,12.737,12.252,11.976,12.918,12.816,12.615,13.498
12.779,12.366,13.348,13.028,12.356,12.268,12.874,12.91,12.848,12.535,13.184,12.678,12.195,13.213,12.575,12.046,12.954,13.342,13.314,12.495,12.945,12.658,12.864,12.491,12.72,12.334,13.59,13.398,12.705,13.336,12.58,12.717,12.81,13.135,13.605,12.725,13.377,12.826,12.394,12.884,13.325,13.309,12.028,13.269,13.309,13.57,12.826,13.33,12.599,12.475,12.736,12.744,13.116,12.552,12.168,12.706,13.355,12.974,12.429,13.174,12.551,12.5,12.963,13.651,12.567,11.86,13.261,13.334,12.911,13.386,12.237,12.878,12.465,12.592,12.68,12.948,12.995,13.06,12.365,13.559,12.803,12.816,13.02,13.038,12.284,12.89,12.385,12.9,12.71,12.817,12.503,12.948,12.78,12.827,12.386,12.398,12.784,12.59,13.028,12.947
12.958,13.245,12.833,12.688,12.911,12.967,13.088,13.052,12.212,12.34,12.24,12.666,13.143,12.486,13.408,12.133,12.52,13.322,13.146,13.253,13.7,12.485,12.295,12.228,13.174,12.986,12.19,13.379,13.363,12.199,12.898,13.173,12.808,12.127,12.593,12.996,13.27,12.654,12.841,12.956,12.157,12.103,12.853,12.464,13.271,12.682,12.853,13.626,13.382,12.588,12.881,12.091,12.873,12.408,12.924,12.833,12.951,13.082,12.112,12.306,12.602,12.418,12.336,12.101,12.399,12.69,13.37,12.468,12.476,13.021,12.262,12.547,13.156,12.464,12.982,12.471,12.57,12.958,13.101,13.49,12.412,12.573,12.708,13.978,12.802,12.702,13.319,13.4,13.071,12.871,13.134,12.555,12.506,12.739,12.709,12.284,12.966,13.039,12.58,12.27
12.848,12.697,11.929,12.551,13.038,13.199,12.209,12.627,12.347,12.806,11.777,12.672,13.119,12.288,12.744,12.785,12.689,12.18,12.212,12.798,12.549,12.862,12.33,12.529,12.031,13.505,12.954,13.063,12.353,12.695,13.48,13.091,12.812,12.767,13.149,12.872,12.382,12.541,12.633,12.581,12.331,13.489,13.255,12.998,12.539,13.004,12.485,12.059,12.147,12.59,12.637,12.313,12.677,12.157,12.573,12.85,12.455,13.071,11.691,12.894,12.951,12.822,12.369,12.425,11.956,12.227,12.4,13.299,13.271,13.141,13.744,12.541,12.721,13.132,13.107,12.792,12.412,13.408,12.555,12.303,12.786,12.55,12.812,12.588,13.176,12.491,12.475,12.777,13.215,12.757,12.712,12.37,13.007,12.893,13.036,12.96,12.952,12.81,12.776,13.604
13.022,12.96,13.197,12.992,13.07,12.401,12.086,12.821,13.358,12.998,12.633,12.684,12.462,12.942,12.981,12.281,12.702,12.111,12.539,13.087,12.823,13.04,12.647,12.234,11.913,12.535,12.71,13.246,12.236,12.993,12.813,12.346,12.927,12.904,13.064,12.741,13.297,12.517,12.758,12.99,13.001,13.441,12.477,13.222,13.039,12.911,12.844,12.536,12.633,12.759,12.954,11.682,12.592,13.11,12.893,12.382,12.206,12.946,11.505,12.388,12.381,12.833,11.736,13.226,12.524,13.428,12.452,12.921,12.717,12.719,12.685,13.172,13.173,12.639,13.052,12.688,13.056,11.888,12.424,13.399,12.574,12.586,12.789,13.077,12.311,12.661,12.226,12.9,13.063,12.577,12.384,13.007,13.201,12.873,13.122,12.282,13.009,13.029,12.983,12.732
12.861,12.899,12.306,12.523,12.822,12.993,12.991,12.254,12.217,12.874,13.038,12.509,12.762,12.654,13.126,13.193,12.484,12.364,12.379,13.031,12.824,13.215,12.46,12.31,12.791,12.451,13.306,13.249,12.166,12.292,12.742,13.049,12.823,13.168,12.778,12.476,13.301,12.597,12.513,12.347,13.076,13.219,12.4,12.315,13.322,13.391,12.626,13.315,12.471,12.625,12.863,13.643,12.525,13.019,12.55,12.597,12.358,12.65,11.943,12.732,12.438,12.93,11.892,12.324,13.52,12.228,12.978,12.548,13.084,12.568,12.857,12.848,12.289,13.378,12.381,12.546,12.56,12.177,12.358,12.791,12.128,12.835,12.88,12.81,13.171,12.966,12.406,12.705,12.956,12.64,12.563,12.91,12.263,12.518,13.312,12.28,12.54,12.71,12.956,12.082
12.645,12.821,12.202,13.201,12.458,12.347,13.105,13.071,12.155,12.534,12.257,12.512,12.697,12.576,12.834,11.469,12.659,13.621,12.74,12.71,12.361,12.723,12.384,12.736,12.694,13.81,13.101,12.817,12.551,12.762,13.181,12.491,12.596,13.367,12.763,12.614,12.844,12.5,12.99,12.782,13.217,11.938,12.117,12.992,12.664,12.526,12.636,13.107,12.364,12.736,12.572,11.969,13.296,12.917,12.423,12.935,13.094,12.605,13.524,12.687,12.45,13.074,13.44,12.394,12.974,11.849,13.205,13.254,12.771,13.121,12.428,12.985,12.535,13.335,13.109,12.419,12.84,12.778,13.09,12.388,12.255,12.45,12.613,11.919,12.876,13.016,12.6,12.873,12.355,12.698,12.618,12.652,11.945,12.94,12.846,12.31,12.904,12.722,12.548,13.296
12.783,12.363,13.464,12.539,12.369,12.263,12.964,12.358,12.965,12.46,13.261,12.84,12.662,12.531,12.678,12.507,12.287,12.13,12.437,12.351,13.478,12.606,12.642,12.579,12.937,12.16,12.272,12.475,12.756,13.505,12.549,13.51,12.793,12.274,12.963,12.582,12.5,12.799,12.715,13.398,12.132,13.1,12.606,13.213,13.188,12.826,12.737,13.285,12.748,12.481,12.627,12.26,13.05,12.967,12.534,13.195,13.926,13.081,12.637,12.614,12.315,12.974,13.627,12.15,13.01,12.061,12.613,12.832,12.856,12.508,12.299,12.959,12.201,13.138,12.275,12.364,12.848,13.642,12.762,12.66,12.532,12.49,12.972,12.347,12.38,13.049,12.283,12.497,12.351,12.684,13.093,12.831,12.964,12.73,12.987,12.632,12.746,12.731,12.774,12.865
12.891,13.026,13.27,12.345,12.457,13.09,12.868,12.774,13.179,12.394,12.109,12.934,12.411,12.886,13.036,11.506,12.772,13.192,12.17,13.331,13.744,12.771,13,12.691,12.564,13.524,11.755,11.895,12.768,12.401,13.023,12.919,12.565,13.346,12.887,13.004,12.739,12.77,12.597,12.234,13.249,12.115,12.702,13.427,12.514,12.705,12.706,12.319,13.416,12.955,12.357,13.152,12.361,12.482,12.648,12.659,13.389,12.951,12.535,12.758,13.064,12.839,13.055,13.717,12.632,13.63,13.274,12.099,12.916,13.513,12.358,12.625,12.123,12.588,12.979,13.024,12.661,12.677,12.667,12.74,13.119,12.893,13.428,13.878,12.392,12.572,13.096,12.907,12.768,12.681,12.613,12.633,13.176,12.725,12.98,12.73,12.663,12.815,13.223,13.199
12.312,13.085,12.858,12.855,12.734,13.27,12.739,12.421,12.129,12.969,12.108,12.989,12.591,12.658,12.56,13.918,12.331,13.234,12.31,12.608,11.831,12.996,12.408,13.099,12.721,13.745,12.09,12.902,12.386,12.566,12.679,12.685,12.844,12.35,12.778,12.596,12.783,12.85,12.972,12.773,12.893,12.286,13.077,11.743,12.949,12.598,12.661,13.119,12.838,12.995,12.936,11.766,13.051,12.611,12.57,13.124,13.119,12.464,12.634,12.536,12.661,12.279,12.929,13.129,13.154,13.492,12.847,13.277,12.759,13.564,13.2,12.717,13.419,12.273,12.534,12.468,12.292,13.639,12.731,12.991,13.501,12.448,12.629,12.188,12.124,12.587,12.911,12.855,12.644,12.827,13.069,12.637,13.116,12.622,12.672,12.727,13.101,12.89,12.487,12.354
12.733,12.365,11.885,13.045,12.84,12.969,12.285,12.976,13.064,12.903,13.182,12.677,12.453,13.102,13.049,12.752,12.837,12.805,13.129,13.229,12.254,12.74,12.765,12.4,12.602,12.406,11.807,12.322,11.915,12.449,12.47,12.883,12.765,12.709,12.917,12.439,12.755,12.656,12.722,11.994,12.21,12.846,12.517,13.108,12.984,13.277,12.838,12.419,12.536,12.919,12.93,13.501,12.372,12.377,12.79,12.891,12.469,12.797,12.628,12.526,12.583,12.559,12.125,12.776,12.615,12.865,11.941,12.534,12.905,13.283,12.636,12.576,12.98,12.052,12.727,12.431,12.556,12.273,12.716,12.434,12.556,12.644,12.204,13.216,12.491,12.635,12.576,12.928,12.557,12.837,12.884,12.384,12.618,12.842,12.461,13.12,12.489,12.853,13.074,12.881
12.422,12.384,12.402,12.659,12.488,13.222,12.334,12.898,12.95,12.713,13.315,12.945,13.034,13.146,12.922,12.704,13.175,13.224,13.209,12.745,12.843,12.869,12.416,12.308,12.711,13.367,13.368,12.425,12.741,13.111,12.622,12.521,12.451,13.427,12.605,12.929,12.392,12.801,12.885,13.428,12.932,12.604,13.335,13.092,12.375,13.255,12.394,13.397,12.74,12.89,12.53,13.059,13.215,12.685,12.622,12.694,12.877,12.794,13.137,13.089,12.619,12.862,13.012,12.746,12.536,11.867,12.436,12.781,12.773,12.19,12.802,12.625,12.799,13.243,13.014,13.11,13.099,12.096,12.226,13.006,12.562,12.492,12.331,12.946,12.633,12.849,13.018,12.861,12.52,12.54,12.377,12.683,12.355,12.808,13.081,13.13,12.654,12.753,13.132,12.789
12.48,13.181,11.77,13.05,12.63,12.43,13.345,13.215,12.34,12.703,11.849,12.79,12.752,13.168,13.112,12.911,12.919,13.214,12.952,12.7,12.176,12.7,13.11,12.458,11.876,13.548,12.526,12.402,12.542,13.018,12.284,12.549,12.622,12.683,13.049,12.607,12.764,12.648,12.513,13.339,12.8,12.633,12.367,12.031,12.492,12.584,12.743,13.111,13.097,12.669,12.48,11.812,12.26,12.508,12.286,12.97,13.03,12.474,12.99,12.938,12.73,12.949,13.147,13.18,12.968,12.568,13.245,12.728,12.584,12.544,12.765,12.668,13.032,12.811,12.919,12.875,12.779,13.497,12.174,12.655,12.525,12.828,12.745,13.546,12.421,12.455,12.952,12.334,12.604,13.24,12.987,12.491,13.021,12.479,13.077,13.009,12.459,12.664,12.258,12.688
12.709,13.083,12.219,12.677,13.174,12.501,12.219,12.189,13.295,12.768,13.244,12.77,12.95,12.95,12.731,12.792,12.718,13.17,12.985,13.251,12.793,12.721,12.701,13.017,12.742,13.006,12.367,13.166,12.425,12.351,13.011,12.35,12.533,12.733,12.866,13.047,12.215,12.729,12.46,12.851,12.412,12.168,12.82,12.587,12.611,12.499,12.951,13.455,12.716,12.668,13.201,12.683,13.018,12.687,12.751,12.711,13.129,12.559,13.516,13.11,13.136,12.737,13.197,13.591,12.826,13.06,13.398,12.896,12.731,12.942,13.316,12.853,12.853,13.288,12.769,12.244,12.61,12.991,12.521,12.808,12.696,12.572,12.138,12.691,13.334,12.749,13.057,13.075,12.747,12.645,12.689,13.456,13.018,13.048,13.283,12.99,12.969,12.549,13.124,11.97
13.182,12.995,12.465,13.075,13.277,12.556,12.267,12.375,12.139,12.601,12.377,12.525,12.372,12.44,12.543,12.997,12.168,13.194,11.878,12.54,13.22,12.399,13.277,13.053,12.348,12.2,12.294,12.558,12.697,13.183,12.886,12.992,12.749,12.486,12.898,12.441,12.904,12.826,12.97,12.174,12.531,13.176,12.532,12.703,12.662,12.769,12.842,12.883,13.313,12.713,12.562,12.388,13.119,12.811,12.065,12.8,12.602,12.662,11.81,12.488,12.838,12.758,13.044,12.498,13.202,13.585,12.069,13.047,12.796,12.669,13.344,12.642,12.104,13.38,12.852,12.409,13.196,13.097,12.077,12.91,12.616,12.514,13.314,13.164,13.623,12.855,12.485,12.416,12.555,13.056,12.939,12.395,13.424,13.037,13.376,13.175,12.646,13.118,13.207,13.319
12.679,12.432,12.813,12.778,12.524,12.934,12.157,13.172,13.178,12.748,13.282,12.772,12.521,13.047,13.139,13.481,12.772,13.414,12.758,12.829,12.284,12.729,12.697,13.176,12.692,12.607,13.239,12.149,13.158,12.808,12.327,13.442,12.729,13.006,12.943,13.16,12.288,12.529,12.618,13.89,12.358,13.341,12.043,13.156,12.668,12.635,13.035,12.183,13.267,12.753,13.028,13.426,12.333,13.434,13.013,12.841,12.549,12.315,12.562,12.819,12.297,12.852,12.595,12.492,12.351,13.025,12.809,12.883,12.393,12.673,12.489,12.876,13.28,13.033,12.804,13.066,12.318,13.504,12.438,11.819,12.528,12.494,12.908,13.088,13.086,12.69,12.539,12.807,12.997,13.022,12.647,13.167,12.807,13.058,13.154,13.093,12.575,12.67,13.738,12.048
12.665,12.427,11.896,12.731,13.008,12.688,13.066,12.906,13.247,12.73,12.913,12.632,13.006,12.967,12.899,11.75,12.901,13.263,12.914,12.489,12.821,12.309,13.159,12.255,12.932,13.156,12.322,12.413,12.921,12.407,12.353,12.681,12.548,13.025,12.885,12.607,12.8,12.962,12.824,12.627,13.199,12.804,12.415,11.847,13.31,13.234,12.713,12.459,12.58,12.622,13.278,12.689,13.16,12.603,13.026,13.177,12.262,12.722,12.618,12.735,12.491,12.268,13.18,13.27,12.606,13.607,12.94,12.779,12.736,12.893,13.232,13.06,13.161,13.037,12.993,12.542,12.213,13.353,12.571,12.012,12.692,13.01,12.482,13.354,13.281,12.513,13.019,12.716,12.656,12.483,12.522,11.924,13.511,12.834,13.268,13.254,12.615,12.801,14.16,13.649
12.777,12.386,12.322,12.956,12.957,13.313,13.429,12.407,13.261,12.887,11.784,12.814,13.082,12.835,12.603,11.512,12.165,12.612,11.986,12.763,13.124,12.828,12.88,13.225,12.822,12.46,12.192,12.633,12.979,13.01,12.036,12.457,12.552,13.118,12.543,12.888,12.941,12.923,12.954,12.775,12.873,12.338,12.256,14.007,12.716,12.332,12.826,13.103,12.586,12.93,12.982,12.5,12.318,12.267,13.017,12.519,13.275,12.898,12.737,12.864,12.567,13.079,12.669,11.938,12.735,12.878,12.297,12.556,12.982,12.715,13.261,12.768,12.45,12.537,12.38,13.002,13.046,13.44,13.862,12.87,12.86,12.533,12.676,13.311,12.768,12.78,12.898,12.491,12.94,12.474,13.153,12.429,13.189,12.531,12.166,12.332,12.894,12.23,14.008,13.433
12.733,13.089,12.525,12.656,12.696,12.919,13.369,13.039,13.124,12.515,11.855,12.581,13.081,12.209,13.176,12.055,13.062,12.817,12.302,12.611,13.329,12.819,13.147,13.051,13.639,12.304,12.86,12.293,12.906,12.242,11.925,12.495,12.905,12.526,12.544,12.442,12.836,12.484,13.033,12.562,13.164,12.156,12.499,12.968,13.268,12.071,12.681,13.369,12.859,12.555,12.8,12.583,13.21,13.272,12.664,13.224,13.064,12.49,13.529,12.686,12.343,13.302,12.798,13.087,12.732,13.024,12.121,12.995,12.637,12.765,12.194,12.709,13.239,12.317,12.894,13.061,12.455,12.643,13.783,12.966,12.266,13.01,12.841,12.259,12.378,12.648,12.494,13.014,12.828,12.827,13.056,13.008,12.112,12.858,12.332,13.358,12.678,12.424,13.597,12.632
12.799,12.409,12.55,13.046,12.62,12.912,12.397,13.023,12.978,12.788,13.218,12.993,13.205,12.978,12.938,12.743,13.19,12.464,12.324,12.687,13.588,13.158,12.744,12.164,13.426,12.945,11.986,12.273,12.71,12.898,12.487,13.214,12.929,12.217,12.783,13.004,13.152,12.973,12.942,12.85,12.177,13.239,12.625,13.26,12.719,12.059,12.877,13.191,12.014,12.411,12.746,12.101,12.874,12.577,12.937,12.747,12.34,12.612,12.592,12.729,12.655,12.812,12.735,12.505,12.58,11.9,12.339,13.089,12.837,12.656,12.44,12.652,12.309,13.281,13.062,12.753,12.639,11.927,12.471,12.466,13.11,12.385,13.021,12.483,13.409,12.896,13.065,12.912,12.98,12.85,12.275,12.652,13.381,12.331,12.334,13.191,12.859,12.814,12.191,12.393
12.461,12.894,13.105,12.549,12.83,13.211,12.255,12.464,12.361,12.929,12.383,12.853,12.683,12.956,12.994,13.872,13.19,13.171,13.45,12.963,13.503,12.731,13.087,12.937,13.036,13.162,11.757,12.808,13.193,12.718,13.362,12.506,12.871,12.607,12.555,12.632,12.292,12.47,12.554,13.357,13.242,12.906,12.391,11.833,12.355,12.696,12.621,12.409,13.094,12.693,12.557,13.279,13.223,12.404,13.621,13.183,12.387,12.838,12.5,12.791,12.677,12.321,12.94,12.149,12.985,12.683,12.369,12.671,12.936,12.792,13.189,12.704,12.532,12.63,12.413,12.555,12.624,12.352,12.48,12.545,12.541,12.492,12.599,12.599,13.397,12.939,12.516,12.583,12.869,12.546,12.581,13.816,12.748,12.318,12.75,12.979,12.66,12.758,13.13,12.932
12.633,13.062,12.497,12.947,12.768,12.318,12.2,12.982,13.108,12.491,12.932,12.701,12.649,12.482,12.631,11.246,12.672,12.226,12.307,12.659,13.285,12.519,12.299,13.058,12.737,12.318,12.5,12.923,13.744,13.067,12.59,13.163,12.784,12.438,12.866,13,12.934,12.419,12.652,12.897,12.395,12.332,13.556,12.218,12.318,12.462,12.607,12.896,12.767,12.659,12.62,12.281,12.948,12.921,11.866,12.925,12.809,12.931,11.46,13.033,13.329,12.576,13.138,12.778,12.308,12.487,12.622,12.248,12.534,12.972,13.031,13.041,12.358,12.595,12.467,12.909,12.579,13.294,13.241,11.889,13.213,12.928,12.83,12.754,12.273,12.706,13.011,12.699,12.682,12.712,12.807,12.26,12.601,13.078,12.339,12.457,12.717,12.919,11.455,12.984
12.571,12.668,12.255,12.899,12.941,12.588,12.875,13.327,12.458,13.007,13.298,12.863,12.377,12.678,13.039,13.819,12.11,13.348,12.796,12.524,13.243,12.669,12.426,12.687,13.262,13.23,12.851,12.455,12.382,12.904,13.014,12.999,12.86,12.439,12.711,12.238,13.095,12.565,12.667,13.129,13.19,13.315,12.237,12.646,12.935,12.801,12.593,13.124,12.377,12.69,12.557,13.405,12.677,13.203,12.847,13.058,12.305,12.622,12.501,13.191,13.159,12.363,12.743,12.288,12.471,12.967,12.932,13.14,12.745,12.505,12.458,12.649,12.867,12.933,12.389,12.565,12.54,12.019,13.089,12.993,12.946,13.099,12.808,13.355,12.718,12.911,12.994,12.695,12.904,13.034,12.562,11.922,12.251,13.031,12.885,12.49,12.186,12.834,11.659,12.736
13.137,12.444,12.361,12.968,12.849,12.634,12.876,13.019,13.161,12.514,11.961,12.72,12.876,13.003,12.489,13.201,13.167,13.209,13.02,12.42,13.251,12.916,13.128,12.215,13.072,12.533,12.461,12.859,12.237,12.964,13.179,12.403,12.723,13.178,12.62,13.15,12.961,12.721,12.892,13.441,13.012,12.138,12.27,12.488,13.196,12.922,12.904,13.049,12.512,12.698,12.724,12.346,12.318,13.526,13.061,13.142,12.4,13.104,12.93,12.302,12.527,12.816,13.031,12.904,12.497,12.224,12.931,12.979,13.006,12.827,13.148,12.789,12.845,12.217,12.64,12.294,12.945,13.26,13.488,12.548,12.643,12.971,12.788,12.793,12.758,12.558,12.732,12.564,12.9,12.654,12.59,12.146,13.144,12.771,13.011,12.185,12.329,12.851,13.122,12.953
12.413,13.091,12.332,12.871,12.607,12.257,12.052,12.48,12.506,12.59,12.16,12.766,13.051,12.328,12.728,14.041,12.603,12.342,13.427,12.471,12.36,12.549,12.42,13.063,13.077,12.114,12.354,13.102,12.542,12.543,12.858,12.129,12.806,12.844,12.841,12.775,12.672,12.524,12.396,12.987,12.548,12.403,13.472,12.958,13.209,12.908,12.432,12.5,12.911,12.592,12.94,13.34,12.565,12.624,12.803,12.881,12.593,13.091,12.127,13.039,12.503,12.724,12.897,12.186,13.163,13.221,12.34,13.29,12.458,12.485,13.077,12.855,12.819,13.096,13.192,12.638,12.271,13.28,13.221,12.354,12.923,13.127,12.754,12.481,12.59,12.861,12.983,12.49,13.015,12.651,12.905,13.604,12.518,12.439,12.658,13.195,13.217,12.771,12.867,12.851
12.584,13.072,12.486,12.643,12.424,12.445,12.453,12.391,13.031,13.033,12.455,12.637,12.802,13.002,12.415,12.568,12.273,12.252,12.049,13.042,12.327,12.408,12.36,13.251,12.138,13.119,12.833,12.557,12.834,11.995,12.906,11.959,12.711,12.191,12.765,12.423,12.462,12.687,12.846,12.997,13.294,13.31,12.192,13.07,12.728,12.855,12.891,12.629,12.09,12.577,12.547,13.265,12.307,12.53,12.463,12.64,13.196,12.915,11.631,13.043,12.806,12.883,13.009,12.713,12.768,11.934,12.39,12.664,13.152,12.88,13.002,12.865,13.186,12.274,12.86,12.587,12.283,12.73,12.157,13.123,13.215,12.917,12.712,12.85,12.26,12.951,12.757,12.798,12.383,12.69,12.925,12.521,12.858,12.973,12.57,13.19,12.468,12.781,13.768,12.475
12.419,12.428,12.096,13.009,12.965,12.48,12.306,12.876,12.826,13.111,13.196,12.633,13.038,12.652,12.733,13.003,12.623,13.008,12.295,12.36,12.487,12.919,12.482,13.285,12.576,12.716,13.107,12.558,11.889,11.856,13.033,13.191,12.959,12.624,12.894,12.85,12.655,12.958,13.032,12.698,12.037,12.086,12.057,13.737,12.365,12.799,12.601,13.048,12.552,12.791,12.655,12.335,12.33,12.839,13.173,12.713,12.486,12.668,13.086,13.271,12.969,13.154,13.604,12.707,12.713,13.678,12.875,13.168,12.936,12.818,13.395,12.782,13.273,12.5,12.783,12.397,12.899,13.15,13.204,12.08,12.565,12.457,12.768,12.748,12.741,12.852,13.044,12.801,13.026,12.654,12.763,11.484,12.836,12.44,12.043,12.279,12.546,12.513,11.945,12.437
12.71,12.833,12.022,12.229,12.693,12.139,12.294,12.783,12.47,12.806,13.325,12.802,13.198,12.97,12.932,12.3,12.576,12.793,12.486,12.956,11.968,12.318,12.517,12.638,13.277,13.395,12.414,12.669,13.614,12.202,12.493,12.191,12.57,12.771,12.813,12.505,12.516,12.974,12.669,12.93,12.874,12.419,13.149,13.749,12.432,12.505,12.772,13.1,12.927,12.679,12.882,12.127,12.43,13.118,12.918,13.207,12.308,13.027,13.048,12.911,12.978,12.6,12.287,12.988,13.081,13.558,12.367,13.139,12.651,12.993,12.519,13.045,12.687,13.053,12.483,13.088,12.216,12.134,13.523,12.195,13.036,12.738,12.74,13.02,13.294,12.368,12.725,12.985,12.718,12.943,12.499,14.036,12.658,12.956,13.217,13.441,13.112,12.779,11.649,12.188
12.439,12.636,12.032,12.808,12.681,13.232,13.384,13.14,12.393,12.867,13.146,12.575,12.71,12.275,13.017,13.635,12.148,13.019,12.161,13.006,12.177,13.182,12.642,12.698,13.182,13.14,12.409,12.505,13.376,12.78,12.585,12.824,12.815,12.226,12.618,12.946,13.017,12.949,13.089,12.41,12.694,13.299,13.116,12.892,12.438,12.922,12.767,13.122,12.32,12.79,12.623,12.438,13.106,12.814,12.688,12.775,11.881,12.968,12.312,12.59,12.752,12.99,12.923,12.268,12.877,12.615,12.82,13.104,12.589,12.861,12.771,12.522,13.059,13.344,12.779,12.817,12.646,13.551,12.507,13.06,13.011,12.527,12.808,13.055,13.058,12.341,12.579,12.883,12.729,12.629,13.074,12.477,12.228,12.292,13.018,12.93,12.436,12.991,12.486,13.104
12.808,13.084,13.316,12.907,12.91,13.001,12.289,12.933,12.215,12.67,11.953,12.934,12.75,12.334,12.365,12.987,12.563,12.967,12.415,13.136,12.442,12.611,12.652,13.263,12.298,12.974,13.049,12.878,13.156,13.477,12.565,12.154,12.853,13.066,12.64,12.446,12.964,12.605,12.592,12.499,13.147,11.999,13.299,13.235,12.713,12.666,12.79,12.861,13.057,12.791,12.374,12.546,12.438,12.845,12.58,12.816,13.021,12.844,12.964,12.619,12.877,12.296,13.07,12.348,13.038,12.721,12.43,12.439,13.264,12.695,12.285,13.014,12.491,13.533,12.658,13.204,13.395,11.934,12.272,12.286,12.655,13.036,12.35,13.073,12.906,12.62,12.425,12.984,13.078,12.675,12.4,13.223,12.854,12.653,12.288,12.931,12.595,12.33,12.939,12.896
13.05,12.49,12.722,12.822,12.509,12.828,12.754,12.904,12.296,12.842,13.101,12.644,12.463,12.77,12.459,12.753,12.071,12.938,12.412,13.145,13.048,12.652,13.092,12.997,12.821,12.124,13.337,13.13,12.295,12.529,13.12,12.732,12.887,12.512,12.631,12.541,12.508,12.687,12.93,12.548,13.222,12.128,13.216,13.241,12.988,12.794,12.729,12.905,12.937,12.654,12.379,12.774,12.915,12.663,12.493,12.627,12.216,12.758,13.743,12.845,12.521,12.457,12.637,12.233,12.532,12.759,13.222,12.302,12.858,12.722,13.138,12.732,13.008,12.47,12.677,12.817,12.644,12.316,12.054,12.019,12.689,12.861,12.248,12.883,12.916,12.829,12.414,12.912,12.984,12.597,13.107,13.901,12.118,12.682,13.259,12.461,12.534,12.687,13.284,12.524
13.276,13.054,13.069,13.284,12.639,13.252,12.757,13.029,12.423,12.97,13.246,12.614,12.375,12.27,12.742,13.296,12.291,13.055,12.255,12.531,12.067,12.961,12.528,12.849,13.154,13.128,12.99,12.617,12.473,12.985,12.557,12.596,12.755,12.878,12.744,13.132,12.805,12.461,13.078,13.45,13.076,12.258,12.602,13.766,12.487,13.053,12.695,13.066,13.169,12.641,12.627,12.309,12.42,12.962,12.57,12.549,13.369,12.858,12.923,12.448,12.991,12.816,12.8,12.297,13.129,11.762,12.472,13.039,13.024,12.48,12.245,12.488,13.223,12.909,12.595,12.427,13.273,13.567,12.005,12.575,12.694,12.749,12.987,12.594,12.47,12.952,12.439,12.925,12.949,12.513,12.59,13.61,12.898,12.969,13.121,11.784,12.88,12.793,11.807,12.227
12.986,12.977,12.737,12.503,12.77,12.575,13.204,12.411,12.967,12.862,13.45,12.768,12.513,13.061,12.717,12.42,11.879,13.104,12.24,13.219,13.057,12.679,12.685,12.286,12.808,13.141,12.474,13.159,11.608,12.033,12.373,13.327,12.561,12.408,12.814,13.007,12.487,12.554,12.371,12.804,12.406,12.836,13.263,12.997,12.965,12.643,12.571,13.098,13.274,12.734,12.53,12.572,12.423,12.581,12.759,12.653,12.94,12.824,11.774,12.303,12.652,13.071,13.009,13.343,12.69,12.989,13.038,12.622,12.479,12.783,12.203,13.041,12.931,13.796,13.062,13.299,12.956,12.334,12.438,12.983,12.609,13.017,12.803,13.118,13.313,13.102,12.965,12.85,12.806,12.629,12.238,12.809,13.453,12.768,12.855,13.197,12.294,12.637,13.367,13.343
12.716,13.192,12.943,13.071,12.863,13.263,12.817,12.777,12.216,12.814,12.603,12.877,12.947,12.66,12.947,12.889,12.28,12.903,12.459,12.002,12.305,12.715,12.71,13.156,13.325,12.573,13.041,12.839,12.572,12.645,12.446,12.628,12.761,12.924,12.786,13.059,12.299,12.864,12.433,12.382,13.059,11.853,12.97,13.633,12.484,12.833,12.767,12.11,12.669,12.704,12.379,12.914,12.869,12.703,12.091,12.647,12.397,12.877,12.375,12.701,12.454,12.955,12.568,13.166,13.016,12.554,13.274,13.213,12.816,12.792,12.254,12.366,12.786,13.14,12.396,12.447,12.435,12.427,13.086,11.937,13.031,12.67,12.104,13.044,13.118,12.668,12.567,12.475,12.763,12.767,13.04,12.81,12.647,12.795,12.022,13.091,12.441,13.056,12.913,12.622
12.304,12.499,13.172,12.64,12.485,12.282,12.402,13.01,13.403,12.792,12.034,12.586,12.956,13.035,12.891,13.663,13.16,12.281,12.985,12.348,13.027,12.869,12.444,12.996,12.671,12.812,12.942,12.515,13.209,11.885,12.967,12.871,12.562,13.118,12.57,12.919,12.38,12.853,12.483,12.966,12.562,13.696,12.314,12.528,12.603,12.91,12.655,13.079,12.163,12.716,13.479,12.854,12.355,12.625,13.28,12.73,12.79,12.93,13.747,12.853,12.682,12.583,12.95,13.273,13.092,13.671,12.606,12.333,12.917,12.723,13.211,13.029,12.692,13.796,13.098,12.463,12.536,12.932,12.343,13.241,12.638,12.514,12.928,12.492,13.563,12.623,12.58,12.927,12.557,12.436,13.128,13.016,12.125,12.826,12.497,12.92,13.014,12.783,12.747,13.344
12.938,13.012,12.879,12.97,12.553,12.249,12.881,13.103,13.226,12.895,13.72,12.631,12.894,13,12.512,12.613,11.837,12.519,12.419,13.037,13.074,12.842,12.852,13.019,13.027,13.426,13.323,12.466,13.148,12.908,12.8,13.297,12.595,12.611,12.723,13.043,12.633,12.93,12.897,12.939,12.771,12.426,12.207,12.481,12.973,12.442,12.874,12.774,12.641,12.707,12.134,13.412,12.757,12.879,13.538,12.875,13.711,12.774,13.406,12.887,12.479,12.553,12.333,12.985,12.41,12.864,12.558,12.96,12.794,13.011,12.119,12.859,13.054,12.436,12.843,12.984,13.137,12.407,12.411,13.741,12.718,13.007,12.582,12.875,13.132,13.166,12.552,12.524,12.514,12.938,12.925,12.786,12.551,12.614,12.297,12.296,13.019,12.486,12.103,12.862
12.763,12.49,12.186,12.798,12.774,13.085,13.265,12.757,13.229,12.644,12.288,12.851,12.762,12.776,12.539,13.366,12.748,13.104,12.93,13.175,12.447,12.706,12.79,13.085,13.286,12.197,12.264,12.692,12.534,12.787,12.743,12.675,12.805,12.999,12.447,12.883,12.964,12.801,12.421,12.841,12.964,11.966,12.347,12.582,12.819,12.531,12.304,12.857,12.13,12.674,12.351,12.292,12.656,12.711,12.358,12.654,12.463,12.519,12.434,12.991,12.343,13.038,12.768,12.286,12.771,13.048,12.83,12.512,13.099,12.86,13.033,12.973,12.683,12.439,12.634,13.387,12.694,13.118,13.187,12.796,12.999,12.646,13.055,12.66,13.31,12.847,12.783,12.924,12.696,12.611,12.513,12.988,13.426,12.825,12.351,12.682,13.108,13.052,13.662,12.391
12.602,12.685,12.811,12.506,12.59,12.244,12.355,12.506,12.559,12.861,12.963,12.728,12.554,12.429,12.644,13.154,12.544,12.641,12.12,12.624,13.293,12.578,13.043,12.261,13.165,12.683,13.421,12.792,13.563,12.482,12.798,12.928,12.787,12.669,12.504,12.983,13.219,12.611,13.073,13.183,12.321,13.409,12.716,13.302,12.714,12.828,13.106,12.369,12.511,12.621,13.055,13.426,12.666,12.471,12.692,12.325,13.602,12.806,13.723,12.977,13.354,12.975,13.093,12.816,13.15,12.868,12.44,12.638,13.296,13.002,12.202,12.597,12.995,11.955,12.614,12.479,12.603,12.847,12.626,13.028,12.786,12.444,12.556,12.393,13.368,12.982,12.384,12.47,13.02,12.707,12.528,12.478,13.098,12.785,12.258,12.352,12.626,12.616,13.138,12.514
12.854,12.716,13.29,12.553,12.833,13.227,12.393,13.081,12.327,12.709,13.273,12.86,13.02,12.758,13.07,13.747,12.643,12.309,12.63,12.923,13.147,12.976,13.094,12.298,13.161,13.335,12.91,12.561,12.99,12.248,12.551,12.409,12.694,12.455,12.623,12.487,13.151,12.554,13.013,12.461,13.081,12.094,12.403,12.81,12.966,12.674,12.766,12.966,13.36,12.727,12.707,13.339,12.776,12.495,12.303,12.667,12.956,12.994,12.399,12.748,12.853,12.65,12.798,12.352,12.153,13.16,13.107,12.436,12.316,13.002,12.252,12.752,13.194,12.44,12.514,12.599,12.847,13.426,13.582,13.525,12.959,12.893,12.435,13.039,13.026,13.108,12.749,12.49,12.629,12.73,12.263,12.829,12.15,12.508,12.77,12.913,13.167,12.923,12.478,13.37
12.494,13.106,12.901,12.531,12.793,13.096,12.2,12.257,12.471,12.741,13.212,12.831,12.792,13.183,12.471,12.755,13.504,12.355,13.494,12.695,12.35,12.804,12.547,12.246,12.476,12.666,12.562,13.039,13.486,12.271,13.656,13.653,12.79,12.856,12.95,12.629,13.04,12.865,12.49,12.694,12.736,13.514,12.111,12.877,13.039,12.798,12.619,12.946,12.474,12.784,13.221,13.159,13.036,12.87,12.675,12.807,13.273,12.84,12.735,12.967,12.876,12.351,12.505,13.224,12.893,12.439,13.01,13.087,12.34,12.749,12.43,12.859,13.02,11.789,12.79,12.45,12.531,12.904,13.085,12.829,12.797,12.76,13.115,12.685,13.21,12.37,12.493,12.745,12.892,13.157,12.611,12.23,13.043,12.986,12.953,12.725,12.595,12.493,12.781,13.255
12.413,12.648,12.451,12.667,12.683,13.022,13.308,12.228,12.899,12.842,12.246,12.57,13.206,12.635,12.448,12.427,12.47,12.905,13.09,13.127,12.956,12.95,12.446,12.747,12.36,13.243,13.773,12.501,12.273,13.191,12.546,13.064,12.753,12.504,12.446,13.007,12.371,12.737,12.912,13.195,12.922,13.093,12.775,11.81,13.133,12.247,13.125,12.883,12.572,12.718,13.24,13.471,12.502,12.536,12.542,12.714,12.938,12.558,12.141,12.701,12.966,13.188,12.725,12.563,12.56,12.566,12.427,12.84,12.879,12.605,12.68,12.911,12.879,13.583,13,12.505,12.834,12.198,12.128,12.6,12.744,13.142,13.474,13.027,12.668,12.704,12.926,12.819,12.633,12.628,12.899,12.43,13.098,12.728,13.177,13.472,12.906,12.696,12.421,11.968
12.757,13.022,12.537,13.079,12.589,13.185,13.152,12.274,12.249,12.991,12.142,12.993,12.806,12.438,12.96,11.86,12.3,13.024,12.633,12.863,12.279,12.602,12.66,12.22,12.358,13,12.025,13.237,12.433,12.219,12.66,12.235,12.829,12.812,12.552,12.992,13.217,12.798,13.065,12.805,13.061,11.983,12.351,13.478,12.471,12.102,12.703,13.197,12.991,12.648,12.749,13.345,12.534,13.136,12.377,13.134,12.946,12.709,12.129,12.989,12.437,12.271,12.479,12.608,12.685,12.518,12.98,12.397,12.925,13.111,12.92,12.893,12.647,12.724,12.551,12.555,12.92,12.783,13.487,13.026,12.891,12.728,12.161,12.679,12.657,12.895,12.644,12.722,12.483,12.995,12.711,11.892,12.165,12.788,12.412,12.796,12.638,12.328,11.792,13.435
12.864,12.939,13.504,12.687,12.748,12.336,12.938,12.626,13.208,12.506,12.775,12.487,13.073,12.859,12.509,12.101,13.112,12.458,12.578,13.051,12.365,12.956,13.039,12.141,12.938,12.55,13.399,12.158,13.157,13.205,11.991,12.824,12.894,12.433,12.87,12.74,13.262,12.911,12.811,12.765,12.461,12.767,12.263,13.116,12.986,12.461,12.962,12.418,13.158,12.466,12.362,12.247,13.282,12.869,11.971,12.876,12.438,12.829,13.071,12.948,13.49,13.045,13.002,12.282,12.869,12.837,12.233,12.419,12.98,12.692,12.657,12.59,12.531,12.845,12.614,12.835,13.093,12.729,13.258,13.401,12.365,12.994,12.008,12.415,12.854,13.055,13.016,13.062,12.874,12.642,12.363,12.491,12.725,12.667,13.188,12.317,12.609,12.852,12.832,12.739
12.424,12.615,12.148,13.182,12.61,13.111,13.185,12.879,12.415,12.712,12.473,12.78,13.154,12.34,12.492,12.995,13.293,12.664,13.416,12.875,12.385,12.754,12.571,12.805,12.547,13.227,12.985,12.983,12.863,12.821,12.995,12.704,12.795,12.743,12.461,12.533,12.531,12.956,12.624,13.296,12.425,13.257,13.27,12.791,12.786,12.566,12.754,12.481,12.151,12.9,13.217,12.688,12.671,12.912,12.854,12.899,12.739,12.583,12.665,12.508,13.299,13.205,12.744,13.479,13.394,13.105,12.295,12.311,12.914,12.939,13.109,12.851,13.234,12.875,13.202,13.196,12.31,12.433,12.369,12.38,12.83,12.499,13.059,12.378,13.099,12.536,12.898,12.382,13.091,13.025,12.84,12.741,12.278,12.697,12.699,12.79,12.817,12.589,12.31,13.053
12.534,12.974,13.365,12.418,12.756,12.34,12.347,12.763,13.189,12.629,12.377,12.963,12.208,13.034,12.766,13.39,11.896,12.694,13.076,12.624,12.207,12.842,12.434,13.164,13.041,12.224,11.771,12.938,13,13.192,12.3,12.809,12.73,13.065,12.508,12.696,13.316,12.924,12.385,13.42,13.113,12.383,13.199,13.08,12.844,12.913,12.372,13.134,12.721,12.565,12.391,13.215,12.613,12.502,12.652,12.935,12.644,12.49,13.611,12.54,12.232,12.398,12.83,13.331,12.629,13.205,12.933,13.092,13.011,12.923,13.15,13.142,12.704,13.748,13.092,12.293,12.924,12.325,12.596,12.818,12.599,12.452,12.871,13.055,12.325,12.319,12.701,13.042,12.291,12.558,13.044,13.335,12.453,12.863,13.117,12.657,12.857,12.603,13.245,12.221
12.71,12.885,12.532,12.611,12.715,12.697,13.133,12.647,12.316,12.567,13.191,12.51,12.915,12.489,13.126,13.332,12.112,12.914,13.017,12.794,12.242,12.847,12.529,13.206,11.904,13.193,13.388,13.233,12.253,12.227,12.88,13.003,12.686,13.169,12.704,12.929,13.012,12.699,12.352,12.942,13.168,12.927,13.055,12.924,12.443,12.215,12.789,12.396,13.575,12.73,13.299,13.197,12.9,13.026,12.282,12.884,12.986,13.074,12.772,12.891,13.248,12.839,12.747,12.783,12.421,13.042,13.06,12.679,12.724,12.927,13.036,12.589,12.562,12.866,12.674,12.882,12.729,12.762,12.439,12.099,12.547,13.181,13.009,12.506,12.745,12.785,13.058,12.771,12.764,12.731,13.131,12.163,12.572,12.865,13.381,12.551,12.879,12.67,12.449,12.531
12.68,12.229,13.321,12.375,12.944,12.372,13.109,12.774,12.752,13.063,13.073,12.928,13.095,12.699,12.936,11.568,12.878,12.326,12.384,12.807,11.736,12.97,12.409,12.181,12.385,12.496,12.683,12.799,12.171,13.192,12.895,12.886,12.691,13.094,13.003,12.64,13.191,12.889,12.913,12.664,13.085,13.332,12.657,13.02,12.468,12.848,12.927,13,12.991,12.722,12.487,12.351,13.205,12.441,12.395,12.479,12.792,13.203,12.994,12.996,13.3,12.832,12.628,13.528,12.91,12.014,13.184,13.473,13.064,12.4,12.501,12.423,13.029,12.724,12.189,12.673,12.531,12.068,12.709,12.477,12.688,12.931,12.484,12.689,12.498,12.355,13.022,12.738,12.644,12.969,12.566,13.129,12.212,12.648,13.325,13.171,12.855,12.908,13.568,12.023
12.729,12.805,12.742,12.599,12.497,13.154,12.295,12.497,12.369,12.724,13.31,12.878,13.181,13.284,12.614,11.777,12.123,13.083,13.316,12.431,12.289,12.781,12.733,12.419,12.694,12.065,12.874,12.259,12.527,13.212,12.739,13.143,12.72,12.612,12.486,12.529,12.651,12.406,12.588,13.311,12.697,12.604,12.988,13.065,12.98,12.442,12.73,13.272,13.134,12.869,13.226,12.605,12.668,13.22,12.942,13.133,13.172,12.687,13.977,13.025,12.207,12.484,13.047,12.397,12.366,12.026,12.402,12.777,13.143,12.322,12.975,12.918,12.676,12.988,12.458,12.368,12.788,11.858,12.975,12.058,13.507,12.524,11.864,12.388,12.463,12.488,12.426,12.529,12.74,12.873,13.093,12.959,12.279,12.597,12.764,13.766,12.6,13.074,12.105,13.369
12.796,12.441,12.172,13.074,12.725,12.451,12.194,12.547,12.6,12.592,12.415,12.514,12.475,12.39,12.981,13.766,12.868,13.023,13.076,12.923,13.211,12.878,12.428,12.483,13.279,13.38,12.584,12.763,13.04,12.581,12.658,12.945,12.706,12.75,12.353,12.635,12.658,12.441,13.085,12.993,12.624,12.922,12.562,12.869,12.885,12.87,12.985,13.105,12.615,12.836,12.892,12.354,12.413,12.901,12.351,12.893,12.945,12.919,13.571,12.877,12.629,13.148,12.89,12.328,12.731,13.088,12.763,13.475,12.83,12.94,12.448,12.602,13.028,13.141,12.474,12.966,12.798,11.83,12.298,13.117,12.899,12.986,13.373,12.585,12.841,12.81,12.881,12.897,12.89,13.015,12.959,12.719,12.822,12.723,12.786,12.001,12.893,12.965,13.403,11.985
12.931,12.421,12.352,12.845,12.769,13.056,12.746,12.669,12.697,12.854,13.054,12.614,12.266,12.742,13.249,13.697,13.055,12.696,12.261,12.448,12.143,12.679,12.335,12.426,12.333,12.625,12.305,13.011,13.275,12.239,12.296,12.683,12.698,12.862,12.713,12.809,12.369,12.809,12.556,12.637,12.512,12.95,12.149,13.711,12.428,13.067,12.786,12.491,13.165,12.764,12.615,12.407,12.703,12.814,12.251,12.728,13.271,12.838,11.457,12.659,13.134,13.071,12.755,12.273,12.147,12.674,12.91,12.407,12.617,12.884,12.502,12.552,12.621,12.002,12.542,13.005,13.514,12.359,12.722,13.007,12.679,12.521,13.691,12.531,12.936,12.868,12.795,12.863,12.818,12.426,12.705,12.886,12.119,13.045,13.103,12.416,12.678,12.37,13.046,12.726
12.899,12.634,12.696,12.814,12.833,12.919,12.505,12.469,13.276,12.662,12.268,12.715,12.438,12.35,13.067,12.996,12.059,12.425,13.277,12.805,11.778,12.613,12.498,12.542,11.945,13.168,12.601,12.178,12.579,13.025,13.679,12.959,12.726,12.009,12.353,12.894,12.472,12.975,12.534,12.903,12.534,13.468,12.552,13.601,12.832,13.335,12.555,12.648,13.412,12.888,12.483,12.848,12.88,12.711,13.274,12.607,13.125,12.98,13.218,12.954,13.483,12.627,12.821,13.213,13.039,12.437,12.891,12.967,12.905,13.449,12.658,12.423,12.962,13.206,12.799,12.862,12.121,13.111,13.018,12.322,12.766,12.989,12.257,13.099,12.58,12.626,12.447,12.739,12.78,12.584,13.029,12.218,12.18,12.956,13.232,12.355,12.682,12.542,12.34,12.499
12.702,12.858,12.695,12.311,12.798,12.597,12.432,12.769,12.912,12.525,12.933,12.684,12.255,12.55,12.676,13.231,12.103,12.815,12.364,13.031,12.077,12.689,12.448,12.391,12.973,12.519,12.261,12.524,12.58,13.212,12.64,12.378,12.614,12.215,13.078,12.816,13.05,12.911,12.6,12.672,12.838,13.25,12.472,12.687,12.739,12.809,12.539,12.265,13.228,12.659,13.103,12.695,12.875,12.812,13.153,12.706,12.969,12.904,12.082,12.694,12.404,12.456,12.815,12.656,13.189,12.152,12.632,12.264,12.666,12.686,12.447,13.143,12.553,13.671,12.614,13.294,12.825,13.174,12.945,13.1,12.575,12.83,13.717,12.732,12.983,13.055,12.603,12.855,12.878,12.359,12.457,12.214,12.464,12.758,12.483,12.978,12.389,12.693,13.605,12.829
12.627,12.757,12.814,12.935,13.128,12.365,12.41,12.976,12.684,12.704,12.085,12.854,12.524,12.544,12.322,13.366,13.376,13.078,13.052,12.577,13.184,12.931,13.081,12.223,13.346,12.064,12.981,13.008,13.018,13.1,13.156,12.172,12.563,12.449,12.6,13.091,12.517,12.545,12.866,12.957,13.016,12.055,12.814,12.574,13.015,12.56,12.613,13.227,13.142,12.809,12.661,13.253,12.874,12.957,13.062,12.706,13.067,12.521,12.144,12.898,13.185,12.636,12.731,12.449,12.608,12.324,12.293,12.508,12.637,12.55,12.429,12.545,12.554,13.15,12.204,13.047,12.976,12.164,13.132,13.402,13.126,12.914,12.828,13.184,13.063,12.701,12.878,12.604,12.601,12.536,12.382,12.48,12.944,12.57,13.348,12.965,12.679,12.971,12.746,12.747
12.866,12.472,12.021,12.622,12.568,12.766,13.071,12.371,13.056,12.768,12.27,12.654,12.451,12.967,13.077,11.892,12.983,12.743,12.391,12.614,13.034,12.913,12.445,12.717,13.179,13.283,12.467,12.854,12.451,13.298,12.676,12.472,12.922,13.019,12.492,12.856,13.023,12.784,13.129,13.17,12.782,12.25,13.149,12.402,12.679,13.027,12.681,12.109,12.982,12.848,13.231,12.903,12.503,12.582,12.751,12.676,12.518,12.452,13.075,12.446,13.337,12.574,12.688,12.094,12.251,12.616,12.441,12.564,12.686,12.676,13.135,12.587,12.439,12.442,12.742,12.224,12.616,12.486,12.559,12.972,13.05,12.461,13.065,13.116,12.541,12.937,12.251,12.574,12.588,12.582,13.062,13.021,13.115,12.634,12.66,12.99,12.791,12.656,13.319,12.683
12.853,12.507,13.072,12.86,13.078,13.151,12.885,12.778,12.618,12.25,12.447,12.513,12.593,12.9,12.493,13.066,12.661,13.093,13.199,12.669,12.617,12.646,12.616,12.205,13.231,12.454,12.889,12.757,12.822,12.409,12.717,12.603,12.732,12.584,12.378,13.067,12.191,12.865,12.419,12.526,13.128,12.931,12.307,12.864,13.081,12.299,13.047,12.382,12.61,12.718,12.858,12.428,12.905,12.899,12.823,12.904,12.56,13.081,12.713,12.58,12.434,12.298,12.704,12.982,12.487,13.058,12.439,11.889,12.842,12.618,12.53,12.778,12.444,12.54,12.399,12.562,13.196,12.274,13.092,12.587,12.838,12.69,12.57,13.062,12.762,12.585,12.955,12.928,12.891,12.498,12.789,13.001,12.977,12.944,12.356,13.088,12.496,12.81,12.931,12.683
12.535,12.533,11.961,12.486,12.506,12.979,12.555,12.586,13.131,12.714,12.653,12.775,13.206,12.564,12.695,13.129,12.434,12.368,13.132,12.862,13.568,12.821,13.209,13.025,12.48,12.217,12.511,12.257,12.803,12.086,12.456,12.99,12.698,12.365,12.758,12.679,12.475,12.681,13.008,12.887,12.979,13.107,13.148,13.611,13.007,13.072,12.953,12.699,12.587,12.813,12.842,12.764,13.238,12.846,12.617,12.481,13.248,12.885,13.199,12.88,13.093,12.868,12.31,12.922,12.809,12.958,12.83,12.38,12.613,12.699,12.32,12.479,12.599,11.943,13.139,13.185,12.557,13.187,12.885,13.236,12.876,12.38,13.116,12.856,12.978,12.859,12.655,12.467,13.175,12.418,13.096,13.21,12.968,12.641,13.354,12.955,12.688,13.134,13.509,13.342
12.667,12.586,11.948,13.092,13.088,13.044,12.439,12.582,12.457,13.199,12.225,12.82,12.766,12.898,12.426,12.85,12.296,12.337,13.045,12.805,12.241,12.964,12.697,13.178,12.484,13.208,13.159,13.424,12.663,12.121,12.675,12.915,12.817,12.659,13.138,12.71,12.205,12.417,12.645,12.282,12.533,13.415,12.613,13.616,12.802,12.739,12.558,12.452,13.074,12.637,12.471,12.924,12.932,12.719,12.922,12.54,12.916,12.634,13.853,13.012,12.963,12.415,12.656,12.81,13.053,12.555,12.478,12.018,12.929,12.264,12.443,12.537,13.139,12.782,12.671,13.213,12.417,12.522,12.544,12.558,12.162,12.929,12.638,11.964,13.004,12.71,12.636,12.407,12.069,12.341,13.072,12.418,12.345,12.575,12.615,12.281,12.667,13.04,12.179,13.438
12.66,13.103,12.934,13.026,12.524,12.631,12.233,13.056,13.042,13.15,12.982,12.925,13.131,12.876,12.467,13.3,12.653,12.867,12.467,12.582,12.469,12.665,12.387,12.828,12.494,12.636,12.109,12.576,12.188,13.092,12.531,12.924,12.797,13.268,13.214,12.61,12.114,12.879,12.496,13.08,12.911,12.248,12.388,12.497,12.681,12.117,12.981,13.24,12.969,12.659,12.375,12.184,12.63,12.459,12.639,12.787,12.458,12.954,12.192,12.431,13.032,13.1,12.814,12.67,13.048,12.503,12.792,12.49,12.458,13.24,13.381,12.845,13.142,13.991,13.136,12.875,12.534,12.426,12.061,12.881,12.84,12.903,12.299,12.018,12.74,12.798,12.733,12.742,12.522,13.13,12.996,12.276,13.358,12.723,13.041,13.265,12.594,13.056,13.097,11.611
12.702,13.252,12.429,13.113,12.593,12.706,12.452,12.702,13.002,12.515,12.394,12.833,13,12.334,12.805,12.658,11.994,12.263,13.447,12.672,13.042,12.681,12.842,13.008,12.649,12.467,13.231,12.326,11.629,12.653,12.804,12.618,12.579,12.669,12.41,12.944,13.178,12.849,12.659,12.844,12.922,12.298,13.476,12.444,12.555,12.706,13.026,12.78,13.219,12.751,12.698,12.736,12.773,12.573,12.729,12.631,13.014,12.489,12.244,12.746,13.328,12.74,12.882,13.238,12.571,11.988,12.96,13.068,12.81,12.346,12.003,13.045,12.563,12.726,12.538,12.77,12.639,13.021,12.488,12.869,12.631,12.414,12.925,13.613,12.492,13.138,12.513,12.971,12.274,12.948,12.964,12.617,12.393,12.712,12.25,12.306,13.128,12.562,12.409,11.875
12.662,12.345,13.301,12.562,12.883,12.896,13.104,12.937,12.816,12.337,12.29,12.968,12.103,12.889,12.601,12.474,12.755,12.341,12.357,12.872,13.4,12.638,12.554,13.037,12.731,13.161,12.934,13.151,13.232,12.336,12.858,12.329,12.744,12.868,12.383,12.856,12.11,12.619,12.313,11.927,12.306,12.23,12.819,12.872,12.538,12.774,13.023,12.55,13.062,12.726,13.009,13.033,12.494,12.833,12.847,12.918,13.018,12.984,11.48,12.795,12.317,12.713,12.341,12.477,13.043,12.506,13.194,12.243,12.698,12.938,12.413,12.646,12.963,12.792,12.851,12.682,13.331,12.859,13.168,12.293,12.645,12.974,13.082,13.339,12.651,13.048,12.841,12.693,13.148,13.056,12.881,12.707,12.999,12.664,12.394,13.205,12.589,12.727,11.88,12.617
12.789,12.596,12.126,12.449,12.692,12.35,12.265,12.641,13.037,12.684,13.344,12.683,13.252,12.28,12.696,12.915,12.624,12.416,12.378,12.849,12.444,12.732,12.12,12.769,13.002,12.896,12.527,12.847,12.054,13.051,12.595,12.683,12.651,13.065,12.729,12.866,12.285,12.799,12.714,12.213,12.481,12.616,12.395,12.12,12.564,12.81,12.658,12.72,12.985,12.849,12.73,13.043,12.626,12.677,12.635,12.524,13.408,12.981,11.439,12.721,13.035,12.419,12.541,12.63,13.124,12.186,12.566,13.193,12.899,13.381,12.045,12.508,12.959,12.296,12.465,12.511,12.67,13.008,12.927,12.412,12.622,12.502,12.302,12.508,13.123,12.883,12.833,12.789,12.552,12.514,12.846,12.788,13.193,12.82,12.095,12.395,12.647,12.859,13.289,12.592
12.916,13.157,12.358,12.703,12.563,12.263,12.17,12.828,12.304,12.572,12.391,12.601,12.724,13.188,12.745,13.347,12.147,13.181,12.284,12.521,13.132,12.458,12.948,12.541,12.373,12.302,12.396,12.905,13.642,12.843,12.713,12.706,12.897,12.102,12.836,12.514,12.489,12.511,12.495,12.235,12.628,13.285,13.107,12.558,12.519,12.749,12.834,12.911,12.669,12.778,12.74,12.69,12.511,12.922,12.722,12.929,12.344,12.922,13.058,12.769,12.398,12.657,12.572,12.654,12.844,13.188,12.855,13.2,13.032,13.438,12.462,12.758,13.131,12.755,12.384,12.474,12.792,12.591,13.051,13.343,12.164,12.278,12.747,13.358,12.532,12.547,12.945,12.43,12.911,12.445,12.843,12.963,13.09,12.647,13.423,12.294,12.772,12.644,13.151,13.631
12.706,12.825,12.353,12.919,12.574,13.101,12.352,12.754,12.347,12.305,12.966,12.858,13.161,13.28,13.066,12.5,13.11,12.334,12.082,12.604,12.839,12.108,13.25,13.205,12.819,12.673,12.764,13.208,13.29,12.861,12.744,12.873,12.695,12.748,12.471,12.629,12.429,12.703,12.788,12.662,12.931,12.275,13.064,12.506,12.443,12.294,12.577,12.309,12.801,12.764,12.745,12.754,12.465,12.859,12.843,12.911,12.981,12.954,12.172,12.396,12.561,12.936,12.84,12.675,13.122,13.121,13.018,12.649,12.782,11.95,11.91,12.422,12.515,13.636,12.238,12.869,12.572,13.202,13.149,12.351,12.858,12.484,12.255,12.76,13.052,13.084,13.054,12.889,12.973,12.297,12.681,12.882,13.07,12.781,13.16,12.206,12.826,12.865,13.355,12.868
12.613,12.293,13.176,13.004,12.358,13.059,13.092,12.612,12.192,12.232,12.985,12.707,12.573,12.779,13.004,12.945,12.976,12.285,12.765,12.863,12.885,13.124,13.032,13.252,12.316,12.632,12.691,12.795,12.309,13.074,12.521,12.461,12.621,12.672,13.118,12.904,13.18,12.468,12.715,12.442,13.035,13.087,12.391,12.299,12.957,12.673,12.628,13.265,12.68,12.826,12.426,12.888,12.314,12.875,12.478,12.675,12.988,12.686,12.411,13.119,12.079,12.53,12.874,12.397,12.597,12.539,13.122,12.992,12.528,12.421,12.012,12.415,12.349,12.14,12.415,12.891,12.754,13.113,12.989,13.121,12.564,13.251,13.594,12.851,12.43,13.448,12.672,12.909,13.13,13.02,12.462,12.96,12.896,12.998,12.52,12.814,12.49,13.239,12.199,12.061
12.823,12.233,13.142,12.633,12.343,12.99,12.635,12.64,12.373,12.899,13.286,12.634,13.157,12.731,12.952,12.684,12.611,12.599,12.715,12.606,12.206,12.558,12.343,13.247,11.979,12.908,12.608,12.785,12.961,12.411,12.78,12.307,12.845,12.606,13.01,12.429,13.331,12.797,12.393,12.753,12.317,12.913,13.465,13.561,12.515,12.845,12.79,12.346,12.708,12.755,12.738,13.143,13.26,12.488,12.279,12.736,13.015,12.848,12.819,12.665,13.428,13.008,12.587,12.187,12.994,12.498,12.456,12.281,12.883,13.082,11.745,12.329,12.751,12.596,12.779,12.888,13.408,12.607,12.39,12.578,12.717,12.265,12.212,12.381,13.029,12.959,12.938,12.972,12.993,12.432,12.457,12.69,13.009,12.519,12.999,12.498,12.966,13,12.512,12.781
12.875,13.111,13.136,12.509,12.784,12.633,13.117,12.458,12.803,12.6,12.718,12.627,12.645,13.17,12.421,13.238,12.131,13.2,13.397,12.924,12.796,12.642,13.245,12.315,13.32,12.418,12.858,12.83,11.974,12.946,12.709,12.5,12.572,13.032,12.622,12.807,12.366,12.347,12.553,12.064,12.506,12.548,12.392,13.334,12.637,12.643,13.021,12.748,12.996,12.666,12.495,12.96,12.999,12.786,12.39,12.742,12.252,12.469,12.776,12.676,12.671,12.928,12.863,12.088,12.634,12.078,12.326,12.366,12.16,11.865,12.871,12.781,12.741,13.392,13.144,12.238,12.682,11.992,12.967,13.232,13.012,12.652,12.389,12.71,12.299,12.274,13.047,12.679,13.376,12.39,12.473,13.019,13.196,12.991,12.726,13.513,12.586,12.324,13.335,13.72
12.641,12.912,12.415,12.517,12.745,12.988,13.017,12.351,12.334,12.153,13.484,12.642,12.644,13.43,12.729,12.686,12.049,12.469,12.58,12.523,13.428,12.554,12.826,12.484,12.648,12.478,13.821,12.432,13.002,12.237,12.656,12.959,12.817,12.8,12.538,13.055,13.368,13.06,12.547,13.384,12.657,12.94,13.174,12.515,12.643,12.442,12.978,12.313,13.087,12.763,12.545,13.224,12.599,12.883,12.29,12.696,12.931,12.951,12.834,12.891,12.997,12.886,12.786,13.386,12.666,12.443,12.952,13.322,12.541,12.804,12.262,13.139,12.33,12.41,12.513,13.154,12.672,13.224,12.914,12.81,12.49,12.813,13.021,12.514,12.559,12.797,12.306,12.818,13.243,12.921,12.975,12.459,12.775,12.498,12.248,12.007,12.467,13.119,13.02,13.255
12.381,13.11,12.179,13.184,12.827,13.181,12.867,12.75,12.464,11.887,12.378,12.822,13.181,12.76,12.535,13.353,12.835,12.58,12.45,12.909,12.826,12.817,13.195,12.975,12.452,12.572,12.883,13.131,12.426,13.214,13.029,13.236,12.842,13.221,12.595,12.953,12.236,12.381,12.546,12.279,12.891,12.956,13.299,13.005,12.677,12.839,12.621,12.473,12.733,12.815,13.124,12.389,12.309,12.747,12.705,12.66,13.067,12.665,11.873,13.102,13.093,13.008,12.857,12.761,12.913,13.283,13.25,13.474,12.67,12.983,12.021,12.78,13.207,12.449,13.15,13.183,12.266,12.627,12.226,12.387,12.81,12.324,12.896,13.058,12.614,12.914,12.34,12.555,13.129,12.883,12.521,12.813,12.914,12.402,13.234,13.16,12.863,12.294,12.882,13.34
12.909,12.287,12.086,12.729,12.674,12.894,13.056,12.969,13.104,12.745,13.505,12.578,13.318,13.216,13.063,12.709,12.407,12.236,13.27,12.599,13.636,12.999,12.374,12.523,12.576,12.717,12.292,12.642,12.275,13.376,12.776,12.569,12.782,12.844,12.472,12.79,13.105,12.535,12.291,13.074,12.918,12.881,12.531,12.552,12.939,12.87,12.544,13.135,12.885,12.672,12.868,12.838,13.055,12.662,12.48,12.357,12.482,12.615,12.878,12.531,13.045,12.835,12.474,12.06,13.054,12.679,12.958,12.69,12.726,13.362,12.377,12.358,12.838,12.657,12.288,13.134,13.277,12.016,12.514,12.856,12.705,12.486,12.398,12.979,12.688,12.752,12.807,12.674,12.861,12.618,12.435,13.116,12.582,12.542,13.123,13.142,12.646,12.778,12.521,11.885
12.501,12.214,12.223,12.496,12.698,13.054,13.265,12.806,12.598,13.049,12.716,12.549,13.249,12.209,12.937,12.705,13.048,12.455,13.044,12.581,13.561,12.42,12.561,12.454,12.963,12.576,12.921,12.92,12.354,13.167,12.712,12.662,12.625,12.798,13.157,12.945,12.86,12.308,12.532,13.113,12.618,12.694,13.192,13.231,13.022,13.087,12.922,12.565,12.379,12.763,12.39,12.585,12.401,12.361,12.41,12.426,13.055,12.574,12.75,12.738,13.108,12.44,12.518,13.125,12.588,13.013,12.684,13.031,12.49,12.953,12.319,12.591,13.114,12.782,12.499,12.971,12.814,12.28,13.119,13.395,12.576,12.619,12.88,12.904,12.545,12.891,12.149,12.75,12.519,12.406,12.519,12.596,12.748,12.568,13.154,11.97,12.956,12.298,12.654,12.565
12.56,12.608,12.793,13.038,12.605,13.171,12.513,12.493,13.158,13.012,12.423,12.759,13.016,12.915,12.644,12.325,12.882,13.066,13.23,12.857,13.547,12.952,12.69,12.973,13.039,12.795,12.379,12.486,12.114,12.318,12.753,12.397,12.351,12.28,12.551,13.14,12.15,12.913,12.915,13.301,12.826,12.808,12.838,12.458,12.482,12.81,12.704,12.502,12.435,12.782,12.692,13.005,12.261,12.571,12.927,12.512,12.486,13.1,13.229,12.494,12.105,13.035,12.71,13.257,12.605,12.574,12.16,13.478,12.632,12.62,12.723,13.186,12.982,11.999,12.403,12.629,12.583,12.702,12.515,12.501,12.805,12.522,13.312,13.089,12.892,12.503,12.981,12.616,12.894,12.473,12.81,12.787,12.899,12.746,13.056,11.818,12.839,13.198,12.555,12.71
12.997,12.605,12.381,13.127,12.828,12.633,12.332,13.05,12.948,13.028,12.416,12.827,12.626,13.238,12.524,13.336,12.428,12.384,12.503,12.457,12.35,12.442,12.547,12.84,13.286,12.755,13.588,12.338,12.121,13.021,12.63,12.857,12.845,12.28,12.864,12.931,12.097,12.503,12.485,12.127,12.492,12.598,12.39,12.412,13.019,12.205,12.667,13.336,13.316,12.737,12.516,12.425,11.945,12.973,12.193,12.424,12.83,12.658,13.416,12.945,13.387,12.819,12.415,12.454,13.002,12.972,12.918,12.503,12.25,13.023,13.532,13.062,12.863,13.428,12.551,12.3,12.804,12.338,13.063,12.646,12.712,13.1,13.362,12.334,12.164,12.138,12.097,12.956,12.96,12.47,12.294,12.944,12.425,13.046,13.214,13.71,12.556,12.996,12.799,13.213
12.429,12.924,12.375,12.492,12.87,12.462,12.987,13.05,12.167,12.949,12.722,12.759,12.821,11.951,12.612,12.277,12.787,12.511,13.491,12.733,12.138,13.007,12.868,13.04,13.099,12.962,13.017,12.935,12.052,12.368,12.765,12.664,12.83,13.201,12.851,12.597,12.782,12.685,13.094,13.174,12.921,12.595,12.434,13,12.933,12.172,12.318,12.98,13.294,12.769,12.986,12.905,13.391,13.034,12.584,12.92,12.508,12.654,12.371,12.687,12.208,12.521,12.801,12.66,12.618,12.33,12.603,13.067,12.681,13.338,12.059,12.753,12.752,12.342,12.231,12.557,12.281,12.906,12.608,12.461,12.771,12.998,12.157,12.993,12.46,13.107,12.866,12.898,12.655,12.492,13.037,12.76,12.536,12.704,12.36,11.919,12.705,13.219,12.916,13.489
13.272,13.103,12.643,12.86,12.881,12.675,12.974,12.65,13.218,12.952,13.758,12.839,12.314,12.892,12.79,13.101,13.044,12.78,12.791,12.833,12.569,12.138,12.968,12.427,13.027,12.839,13.389,12.806,12.888,13.355,12.529,12.439,12.884,12.69,13.035,12.78,13.205,12.576,12.52,12.297,12.924,12.961,12.754,12.53,12.576,12.983,13.07,13.324,12.602,12.681,12.614,13.009,12.989,12.771,12.882,12.607,12.561,12.638,12.342,12.438,13.399,12.924,13.196,13.459,12.514,12.02,12.39,12.208,12.667,13.457,13.318,13.095,12.688,13.266,13,12.84,12.504,12.259,13.547,12.809,12.544,12.401,12.646,12.304,12.44,12.284,12.21,12.734,11.926,12.691,12.966,12.986,13.081,12.788,13.114,12.008,12.747,12.709,13.635,12.966
12.747,12.433,13.284,13.063,12.626,12.597,12.292,12.692,12.848,12.452,12.397,12.653,12.935,13.517,12.547,12.977,12.563,12.381,13.156,12.887,13.239,13.168,12.81,12.729,12.464,12.498,12.888,12.991,12.469,12.98,12.674,12.295,13.12,12.734,12.578,12.656,12.449,12.765,12.978,12.211,13.02,12.887,12.899,12.918,12.542,12.716,12.518,12.316,12.977,12.729,12.298,13.156,12.653,12.742,12.035,12.651,12.682,12.952,13.235,12.971,13.377,12.521,12.504,11.872,12.378,13.142,12.938,13.094,13.062,12.165,11.966,13.018,12.717,13.124,12.331,12.414,12.994,13.036,12.457,12.532,12.696,12.842,12.85,12.285,12.674,13.226,12.496,12.825,12.92,13.136,12.435,13.07,12.823,12.394,13.103,12.627,12.685,12.819,12.215,12.687
12.523,12.319,12.989,12.635,12.933,12.778,12.934,12.691,12.097,12.851,13.442,12.771,12.58,12.67,12.68,12.393,12.42,12.976,12.88,12.585,12.907,13.122,12.609,12.476,13.313,12.718,13.206,12.784,11.765,13.242,12.677,12.493,12.784,12.823,13.166,13.076,12.727,12.826,12.628,12.822,12.519,12.42,12.423,12.152,12.967,12.761,12.639,12.347,13.283,12.886,13.238,12.998,12.636,12.864,12.351,12.708,12.672,12.556,13.376,13.105,13.26,12.997,12.429,12.09,12.772,13.558,12.894,12.616,12.559,12.376,12.947,12.662,12.771,12.405,12.612,12.46,12.904,12.784,13.263,12.673,12.877,12.98,12.881,13.108,12.482,11.959,12.901,12.881,12.865,13.129,12.439,12.41,12.978,13.066,12.387,13.647,12.734,12.598,11.916,13.739
12.211,13.097,12.602,12.511,12.448,13.227,12.319,13.231,13.273,13.003,12.576,12.658,12.424,12.937,12.886,12.461,12.803,12.536,13.009,12.572,12.404,12.923,13.164,12.419,12.876,12.863,12.929,13.123,13.426,13.026,12.642,12.969,12.806,13.154,12.41,12.471,12.551,12.414,13.051,12.208,12.773,12.706,13.323,12.872,13.017,12.675,12.732,12.415,13.131,13.023,12.435,12.339,12.367,12.506,12.709,12.421,13.261,12.953,13.08,13.082,12.797,12.818,13.012,12.458,12.652,12.12,12.369,13.087,12.587,13.316,12.306,12.73,12.994,12.954,12.77,12.435,12.955,12.712,13.223,13.128,12.623,13.146,12.479,12.571,12.675,12.514,12.61,12.827,13.115,13.253,12.947,12.905,12.994,12.324,12.377,12.796,12.891,12.676,12.631,11.921
13.185,12.771,13.311,12.489,12.594,12.965,13.011,12.893,12.149,13.004,12.651,12.836,12.486,13.195,12.789,13.392,12.561,12.748,13.043,12.884,12.412,12.117,13.335,12.819,12.955,12.778,12.509,12.211,11.961,13.396,12.598,12.239,12.959,12.563,12.889,12.919,12.803,12.98,12.623,12.854,13.027,12.699,12.086,13.249,12.521,12.192,12.54,12.159,12.588,12.947,12.577,12.769,12.986,12.75,12.781,12.885,13.077,12.445,12.612,13.03,12.907,12.853,12.632,12.047,12.818,12.942,12.89,13.359,13.105,13.337,12.336,12.636,12.725,12.129,13.358,13.246,12.306,13.328,13.116,12.975,13.192,12.632,12.52,13.129,12.909,13.411,13.106,12.666,12.745,12.669,12.893,12.657,12.601,12.654,13.058,12.805,12.837,12.697,12.063,12.71
12.773,12.958,13.211,12.874,13.053,13.326,12.641,13.045,13.26,12.878,12.932,12.626,13.048,13.315,12.73,12.914,12.952,12.384,12.143,12.932,13.579,12.098,12.403,12.951,13.216,12.462,12.806,12.211,13.451,12.697,12.535,12.609,12.61,13.159,13.071,12.509,12.693,12.54,13.076,12.036,12.893,12.769,13.098,13.03,12.556,12.863,12.899,12.799,12.626,12.81,12.637,12.965,12.439,12.746,12.646,12.817,12.582,12.984,12.54,12.442,13.076,12.562,12.437,12.106,12.806,13.029,12.598,13.373,12.824,12.31,12.171,12.535,13.086,12.498,12.445,12.806,12.588,12.546,13.123,12.959,13.126,13.058,12.295,12.415,12.517,13.427,12.88,12.896,13.176,12.985,12.427,12.96,12.934,12.926,12.575,12.811,12.7,12.636,12.815,13.001
12.383,12.815,12.074,12.466,12.504,13.117,13.006,12.742,13.313,12.421,13.118,12.77,12.712,13.119,12.661,12.695,13.03,12.714,12.915,12.742,13.17,12.616,13.153,13.026,12.993,12.764,12.619,12.502,12.697,12.767,12.98,13.282,12.625,13.01,13.231,12.41,13.395,13.174,12.347,12.536,12.663,12.854,12.111,12.769,13.037,12.684,12.666,12.782,13.028,12.737,12.497,12.628,12.933,12.494,12.499,12.589,12.836,12.481,13.466,12.774,13.142,12.671,12.983,13.104,12.734,12.555,13.235,12.054,12.523,13.008,12.821,12.349,12.583,11.707,13.044,12.432,12.683,12.97,13.039,13.033,12.716,12.849,13.076,13.051,12.976,12.017,13.063,12.339,12.258,12.98,13.099,12.406,12.811,12.508,12.614,12.731,12.618,12.985,12.538,13.315
13.07,12.948,12.188,12.516,12.348,12.698,12.951,12.669,12.467,13.18,12.189,12.725,12.352,12.849,12.891,12.959,12.788,12.217,12.825,12.825,12.278,13.274,12.776,12.682,12.919,13.228,12.91,12.412,11.843,12.567,13.129,13.325,12.916,12.766,12.577,12.555,12.924,12.972,12.661,13.24,12.511,12.844,12.894,13.058,12.965,12.524,12.642,13.255,12.396,12.701,13.17,12.66,12.403,12.931,12.744,12.812,12.844,12.89,13.711,12.886,13.052,13.215,12.72,12.369,12.707,12.98,12.385,12.991,12.814,12.727,13.228,12.319,12.482,13.059,13.603,13.017,12.119,12.426,12.531,13.055,12.672,12.571,12.453,12.884,12.232,13.398,12.44,12.418,12.971,13.079,12.429,12.901,12.366,12.385,12.232,13.374,12.636,12.715,11.902,11.913
12.86,13.031,13.286,13.112,12.587,13.117,12.426,12.551,12.341,12.921,12.902,12.946,12.31,12.692,12.535,12.337,12.631,13.202,12.418,12.917,12.929,12.94,12.443,12.526,12.439,12.795,12.847,12.244,13.446,12.872,12.571,12.286,12.807,12.487,12.987,12.9,13.114,13.062,12.9,13.242,12.991,12.642,12.021,13.266,12.576,13.071,12.505,13.222,12.977,12.685,12.992,12.513,12.356,12.931,12.691,12.524,13.051,12.625,13.865,12.593,12.898,12.837,12.513,12.452,12.537,12.448,13.321,12.666,12.608,13.198,12.847,12.747,12.663,12.832,12.453,12.286,13.022,12.822,13.078,12.921,12.689,12.851,12.011,13.008,13.034,12.96,13.096,12.83,12.952,13.055,12.785,12.773,12.564,12.438,12.784,13.32,12.612,12.8,12.313,12.598
12.61,13.274,12.351,12.909,12.746,13.103,13.059,12.474,12.475,12.596,12.207,12.598,12.524,12.771,12.707,12.573,12.893,13.266,12.296,12.844,12.493,12.396,12.556,12.527,12.29,12.339,12.975,12.279,12.07,13.473,12.418,12.417,12.569,12.966,12.95,13.039,13.297,12.718,13.03,11.95,13.094,13.047,12.995,13.581,12.463,12.422,12.816,12.821,12.922,12.849,12.7,13.259,12.6,12.834,13.07,12.57,13.062,12.514,12.562,13.028,12.34,13.105,12.57,13.028,12.227,13.128,12.804,12.162,12.078,12.751,12.697,12.64,12.726,12.159,13.254,12.545,12.08,13.125,12.559,12.927,12.716,12.937,12.54,12.731,12.554,13.224,13.063,12.83,12.396,12.988,12.72,13.127,12.588,12.548,12.562,12.593,12.946,12.638,12.411,12.233
13.04,13.094,12.202,12.72,12.57,12.67,12.804,12.373,12.162,12.975,12.482,12.704,13.015,12.413,12.857,12.856,12.652,12.443,11.936,12.656,12.184,12.347,12.549,12.57,12.296,13.123,12.805,12.405,13.51,12.435,13.084,12.574,13.23,12.659,12.433,12.826,12.246,12.793,13.099,13.252,12.443,12.798,12.423,13.333,12.712,12.822,12.814,12.538,13.077,12.64,12.94,12.517,12.451,12.715,12.716,12.715,12.457,13.113,11.924,12.855,12.739,12.798,12.865,13.697,12.802,12.59,12.431,12.128,13.044,12.88,12.133,12.422,12.644,12.8,12.77,12.393,12.603,12.983,12.576,12.485,12.911,12.664,13.329,13.033,12.721,12.461,12.585,12.767,12.848,13.108,12.751,12.554,12.633,12.453,13.104,12.986,12.887,12.639,11.947,12.288
12.728,12.525,12.401,12.742,13.043,13.2,12.293,12.954,12.586,12.433,13.533,12.595,12.534,13.137,12.559,12.816,12.439,13.398,12.849,12.873,13.11,12.305,12.785,12.331,12.965,12.328,12.877,13.484,12.253,12.61,12.954,13.139,13.067,13.456,12.397,12.952,12.293,12.7,12.783,13.666,12.73,12.65,12.371,13.187,12.411,12.85,12.581,12.985,12.429,12.244,12.609,13.222,12.976,12.888,12.592,12.885,13.036,12.917,12.091,12.856,12.68,12.413,12.516,13.467,12.817,13.121,12.339,13.381,12.71,12.959,13.102,12.547,12.38,12.396,12.616,12.538,12.528,13.179,12.618,13.178,12.844,12.612,13.334,12.416,12.45,12.813,12.633,13.064,12.867,12.539,12.816,12.742,12.412,13.035,12.404,13.008,12.866,12.901,13.371,13.081
12.701,12.748,12.387,12.669,12.905,12.681,12.241,12.414,13.065,12.222,13.527,12.707,12.972,13.133,12.595,12.253,12.854,12.596,12.962,12.587,12.055,12.734,12.275,13.228,12.908,12.338,12.898,12.641,13.091,12.938,12.863,12.428,12.701,12.364,12.335,12.524,12.191,12.741,12.601,13.465,12.739,12.693,12.761,13.052,12.388,13.026,12.906,12.499,12.523,13.006,12.296,12.631,12.215,12.491,12.692,12.588,13.092,12.47,12.445,12.421,13.095,12.945,12.583,12.794,12.901,12.477,12.742,12.396,12.873,11.899,12.543,12.534,12.327,12.634,12.319,13.227,12.558,13.216,12.867,12.759,12.717,12.869,12.711,13.11,13.008,12.778,13.164,12.866,12.668,13.026,12.35,12.953,12.842,12.301,13.029,12.945,12.589,12.468,13.671,12.534
12.555,12.694,13.158,12.431,12.81,12.569,12.669,12.248,13.372,12.61,12.644,12.632,13.164,12.84,12.541,12.564,12.596,12.433,12.99,12.944,11.897,12.956,12.887,12.658,12.818,12.884,12.442,12.264,12.905,13.246,12.559,12.963,12.699,13.034,13.091,12.665,11.876,12.86,12.638,13.358,12.452,12.581,12.627,13.794,12.467,12.994,12.663,13.004,12.998,13.033,13.206,12.524,13.023,12.755,13.025,12.677,12.839,12.578,13.447,13.046,12.451,12.956,12.465,12.547,12.137,12.671,13.082,13.707,12.933,13.341,12.48,12.814,12.973,12.717,13.152,12.992,13.026,12.199,12.843,13.069,12.737,12.921,13.117,12.386,12.463,13.307,12.477,12.636,13.261,13.034,12.688,13.055,12.978,12.607,12.96,13.241,12.714,12.47,12.931,12.625
12.391,12.637,13.152,13.145,12.614,12.887,12.653,12.446,13.288,12.709,13.064,12.243,13.147,12.411,12.757,12.134,12.808,12.888,13.034,12.519,12.479,12.736,12.691,12.456,12.32,12.745,12.833,13.817,11.936,12.653,12.616,12.487,12.738,13.26,12.573,12.463,13.095,12.63,12.995,12.914,12.717,12.943,12.881,11.71,12.488,12.69,12.76,12.909,12.574,12.877,12.566,12.856,13.166,12.81,13.124,12.748,12.597,12.769,12.763,12.43,12.475,12.953,12.424,13.044,12.945,12.372,13.068,13.504,12.967,12.455,12.353,12.378,12.338,12.86,13.204,12.506,12.575,12.575,12.74,12.582,12.879,12.724,12.697,12.455,13.389,13.45,12.475,12.898,12.811,12.59,12.583,12.81,13.084,12.54,13.131,13.147,12.434,12.681,13.055,12.661
12.356,13.1,12.585,12.465,12.687,12.811,12.355,13.021,13.126,12.614,12.336,12.824,12.302,12.562,12.651,12.416,12.895,12.709,12.654,12.759,12.299,13.048,12.611,13.026,12.598,13.262,12.876,12.663,11.971,12.728,13.012,12.89,12.762,12.739,12.89,12.798,13.137,13.047,12.374,12.425,13.03,12.768,12.884,12.326,12.729,13.023,13.137,13.457,12.503,12.855,12.497,13.179,12.773,12.612,12.015,12.562,12.811,13.006,14.071,12.611,12.825,12.867,12.999,12.668,12.921,12.61,13.019,12.777,12.188,11.858,12.406,12.563,12.82,13.074,13.184,12.515,12.642,13.3,12.752,12.529,12.61,12.549,13.704,12.529,12.238,13.355,12.361,12.86,12.688,13.024,13.024,12.477,12.783,13.001,13.204,12.657,12.808,12.762,11.934,11.515
13.193,13.14,13.111,12.501,12.767,12.984,12.231,12.937,12.519,12.48,12.074,13.081,12.328,12.111,12.713,12.581,12.737,12.931,12.434,12.549,13.091,12.513,12.707,12.836,12.598,13.128,13.306,11.695,12.184,13.128,12.707,12.735,12.536,12.615,12.609,12.995,13.01,12.736,12.314,13.074,12.488,12.591,13.006,11.97,12.504,12.574,12.752,13.135,12.363,12.865,12.411,12.219,11.988,12.541,13.068,12.596,12.519,12.974,11.823,12.961,12.522,12.255,12.508,12.282,12.882,12.86,13.033,13.452,12.982,12.586,12.266,12.489,12.576,12.525,12.69,12.818,12.875,12.242,12.747,12.448,12.723,12.46,13.189,13.039,12.648,12.8,12.852,13.127,13.176,12.625,12.501,12.534,12.629,13.044,12.934,12.196,12.698,13.415,12.249,13.215
12.531,12.619,12.25,12.494,12.951,12.552,13.24,12.934,12.928,12.606,11.797,12.586,13.172,13.08,12.895,13.15,13.266,12.501,12.409,12.933,12.058,12.883,12.5,12.695,12.543,12.418,12.616,12.861,12.93,12.251,12.845,12.848,12.475,12.109,12.387,12.698,12.978,12.537,12.389,12.879,12.854,13.069,12.252,12.869,12.492,12.59,12.873,13.274,12.652,12.86,12.674,12.402,12.274,12.601,12.649,12.702,12.275,12.581,13.279,12.934,12.743,12.954,12.901,13.105,12.54,12.964,12.529,13.575,12.604,13.33,13.002,12.882,12.539,13.063,12.576,12.534,12.903,13.181,12.498,13.034,12.674,12.619,12.323,12.401,12.956,13.041,12.218,12.382,12.657,12.407,12.321,12.432,12.567,12.638,13.168,12.86,12.701,12.689,13.778,12.233
12.765,12.816,13.029,12.386,12.797,12.432,13.036,12.435,12.305,12.385,12.645,12.624,12.629,12.297,12.668,12.368,13.152,13.134,12.163,12.85,12.242,12.205,12.804,12.912,12.644,12.18,12.856,11.729,13.424,13.098,12.658,13.173,13.026,12.46,12.755,12.985,12.304,12.956,12.962,13.385,12.515,12.578,12.84,12.517,12.835,13.199,12.702,13.372,12.8,12.817,12.707,12.951,13.073,12.88,12.263,12.49,12.349,12.908,12.606,12.698,12.526,12.522,12.491,12.864,12.3,12.296,12.607,13.219,13.296,12.468,12.593,12.463,12.949,12.363,12.909,12.427,12.587,12.181,12.577,12.865,12.746,13.144,12.43,12.615,12.627,12.977,12.273,12.844,12.65,12.584,12.301,12.446,12.822,12.403,12.709,13.164,12.991,12.157,11.497,12.176
12.447,12.686,12.353,12.284,12.842,12.943,12.747,12.931,13.03,13.519,12.869,12.573,12.359,13.066,12.628,11.89,12.781,13.088,12.94,12.877,11.945,12.752,12.51,12.687,12.747,12.797,13.035,13.314,12.715,13.215,12.647,13.018,12.683,13.27,12.995,12.53,12.493,12.765,12.569,13.052,12.671,13.067,13.003,13.541,12.755,12.643,12.644,13.278,12.478,12.945,13.149,12.635,12.516,12.668,13.145,12.796,12.343,12.88,12.259,12.634,13.027,12.527,12.773,12.299,13.347,11.628,12.974,12.953,12.301,12.011,12.965,13.39,12.942,13.262,12.429,12.805,12.748,13.103,12.722,12.208,12.48,13.012,12.277,12.142,12.767,12.346,13.049,12.276,12.799,12.412,13.198,12.524,12.839,12.752,12.908,13.175,12.325,12.009,13.729,12.024
12.586,12.041,12.843,12.383,12.707,12.487,13.353,13.193,13.1,13.278,13.373,13.221,12.865,12.617,13.063,11.893,13.161,12.363,12.984,12.801,12.431,12.883,12.394,12.765,12.174,13.346,12.389,12.847,11.479,13.322,12.669,13.029,12.742,12.573,12.984,12.643,13.244,12.976,12.509,12.785,13.045,12.496,12.801,11.807,12.907,12.354,12.687,12.956,12.368,12.583,12.525,12.767,12.915,12.582,12.737,12.638,12.465,12.651,12.663,12.402,12.516,12.608,12.9,11.62,12.445,11.864,12.431,12.65,13.119,12.525,13.051,12.624,12.547,12.306,13.259,12.409,12.562,12.184,12.831,12.453,12.589,13.123,12.499,12.416,13.108,12.417,13.119,12.937,12.792,12.318,12.475,12.918,12.486,13.045,12.691,13.082,13.052,12.189,13.309,13.514
12.603,12.996,12.712,12.542,12.583,12.488,12.514,12.559,12.338,12.409,11.98,12.697,13.203,12.584,12.843,12.404,12.784,12.941,12.366,12.675,13.149,12.393,12.126,12.741,12.855,13.258,12.954,12.296,12.005,12.883,12.982,12.505,12.627,13.07,12.541,12.958,12.418,12.592,13.103,12.816,13.163,12.478,13.002,11.763,12.587,12.599,12.604,13.385,12.73,12.691,12.877,13.46,12.489,12.829,12.684,12.96,13.099,12.985,12.837,12.98,13.246,12.971,12.504,13.462,12.853,13.344,13.084,13.155,12.378,13.636,12.628,12.849,12.395,12.243,12.541,12.782,12.355,12.713,12.823,13.04,12.755,12.556,13.409,12.079,12.418,12.777,13.164,12.65,12.788,12.958,12.876,12.674,12.518,12.673,12.286,12.328,12.915,12.86,12.181,12.76
12.876,13.192,12.322,12.581,12.99,13.024,12.147,12.37,12.666,12.39,12.612,12.701,12.666,12.952,12.998,11.959,12.445,12.553,12.36,12.731,13.219,12.413,12.227,12.876,12.303,12.86,13.13,12.08,13.232,12.897,12.531,12.765,12.504,13.231,12.756,12.806,12.336,12.81,12.775,11.999,12.945,13.057,12.554,12.856,13.104,12.536,12.66,12.513,12.424,12.875,12.409,12.939,13.086,12.893,12.837,12.623,13.196,12.459,12.834,13.038,12.569,12.701,12.496,12.43,12.692,12.83,13.152,12.314,12.966,12.196,12.942,12.783,13.049,13.259,12.555,12.824,12.324,13.142,12.621,13.168,12.741,12.828,12.602,12.582,13.282,13.077,13.155,12.566,12.756,12.443,13.141,13.208,12.478,13.401,12.703,12.506,12.643,13.273,12.259,13.349
12.525,12.616,12.74,12.813,12.54,12.557,12.413,12.705,12.706,12.942,13.223,12.851,13.329,12.754,12.641,12.629,13.031,12.851,12.749,13.013,12.18,12.556,12.401,12.938,12.735,12.908,12.535,13.401,12.592,12.169,13.05,12.467,12.846,12.913,12.535,12.495,13.181,12.796,12.595,12.447,13.109,12.452,12.309,12.28,13.058,12.547,12.654,13.477,12.449,12.799,12.731,12.384,13.098,12.687,12.668,12.823,12.722,12.449,12.502,12.953,13.079,13.087,13.131,12.527,13.292,13.723,12.249,12.959,12.405,12.384,13.055,12.494,12.812,13.024,12.745,12.946,13.077,12.354,12.694,12.726,12.737,12.414,12.632,13.21,12.976,13.093,13.104,12.335,13.18,12.394,12.834,12.454,13.168,12.661,12.621,13.437,12.555,12.529,12.54,13.453
13.026,13.124,13.012,12.831,12.994,12.527,13.165,12.348,12.898,12.249,13.537,13.121,13.02,12.372,12.653,12.971,12.912,12.862,12.092,12.682,13.173,13.238,12.773,12.896,12.583,12.332,13.261,12.052,13.726,12.196,12.959,13.102,12.507,12.177,12.75,12.475,12.932,12.433,12.517,12.533,13.17,13.282,13.191,12.057,12.582,12.716,12.374,12.237,12.502,12.784,12.978,12.659,12.184,12.564,12.772,12.989,13.066,12.938,12.862,12.479,13.04,12.821,12.429,11.69,12.704,12.909,12.795,12.626,11.983,13.535,12.459,12.93,12.732,12.78,12.963,12.837,12.606,12.478,12.75,13.266,12.706,12.962,12.023,12.344,12.566,12.422,12.535,12.966,12.619,12.321,12.896,12.812,12.527,12.076,12.578,12.56,12.74,12.461,12.296,12.79
13.125,12.468,12.658,12.684,13.035,12.662,12.813,12.711,12.416,12.387,13.264,12.665,12.355,12.967,12.905,12.272,12.527,12.281,13.314,12.721,12.175,12.59,12.193,12.724,12.731,13.186,12.046,12.805,12.787,13.143,12.474,12.528,12.573,12.052,12.429,12.844,12.033,12.628,12.764,12.233,12.726,13.039,12.754,12.756,12.493,12.796,12.259,13.116,12.634,12.836,12.383,12.885,13.202,12.877,12.867,12.555,12.585,12.568,13.57,12.421,12.993,12.761,12.918,13.237,12.373,11.732,12.943,12.163,13.008,11.941,13.099,12.977,12.599,12.177,12.555,12.424,12.552,13.152,12.913,12.312,12.614,12.511,12.912,12.556,12.827,12.324,12.517,12.814,12.706,12.623,12.995,12.526,12.434,12.32,12.234,11.915,12.568,12.908,12.659,13.31
12.779,13.119,12.139,12.979,12.924,12.975,12.325,12.758,12.342,13.353,13.166,12.893,12.182,12.78,12.871,12.171,13.056,13.094,12.679,12.688,13.213,13.414,12.995,12.809,12.881,12.789,12.387,12.526,12.11,12.339,12.717,12.677,12.31,13.354,12.855,12.971,12.219,12.575,12.6,12.902,12.879,12.611,12.263,12.55,12.489,12.849,12.687,12.26,12.198,12.682,13.046,13.103,12.219,12.619,12.777,12.991,13.142,12.569,12.884,13.107,13.083,12.539,12.603,12.359,12.973,13.262,13.454,12.669,12.807,11.834,12.245,12.28,12.617,12.449,12.892,12.666,13.07,12.43,12.768,12.063,12.706,12.616,13.304,13.002,12.261,13.083,12.687,12.677,12.247,12.96,12.325,12.597,12.293,12.599,13.253,12.134,12.95,12.915,12.697,13.441
13.092,12.595,12.684,12.803,12.887,12.464,12.629,12.917,12.284,12.733,12.441,12.67,12.08,12.991,12.862,12.415,13.002,12.662,12.837,12.783,12.596,12.734,12.858,12.633,13.002,13.496,13.281,12.459,13.311,12.426,12.416,13.18,12.71,12.491,12.552,12.445,12.655,12.78,12.69,13.056,12.966,12.696,13.464,12.97,12.431,12.859,12.522,12.453,12.761,12.878,12.906,12.462,12.725,12.677,12.961,12.587,13.231,12.589,13.211,12.526,13.197,12.751,13.013,11.602,13.293,13.189,12.754,13.156,13.169,12.216,12.396,12.038,12.381,12.322,12.656,12.611,12.795,12.822,12.84,12.964,12.824,12.435,13.037,13.045,12.418,12.602,12.266,13.143,12.449,12.347,12.243,12.468,12.973,13.473,13.191,13.442,12.744,12.239,12.553,12.017
13.039,12.287,13.289,12.712,12.883,12.598,12.649,13.097,12.689,12.3,13.366,12.873,12.207,12.227,12.373,12.111,12.592,12.358,13.072,12.592,11.822,12.41,13.13,12.938,12.519,12.051,13.013,12.54,12.669,12.31,12.631,12.412,12.348,12.507,12.778,12.394,12.218,13.248,12.464,12.311,12.684,12.664,13.235,12.67,12.841,12.881,12.568,12.653,12.309,12.831,12.775,13,12.45,12.821,12.633,12.517,13.014,12.847,12.969,12.484,13.02,13.187,12.554,13.918,12.226,13.024,13.089,12.416,12.799,11.827,12.864,13.325,12.069,13.305,12.569,12.919,12.886,12.3,12.577,12.943,12.401,12.677,11.876,12.811,11.944,13.131,12.463,13.024,12.925,13.119,12.331,12.659,13.064,12.479,13.312,12.56,12.841,13.103,13.828,12.574
13.236,12.451,12.996,12.27,13.304,12.683,13.121,13.009,12.24,13.254,13.129,12.812,12.68,13,12.741,12.725,13.43,13.126,12.604,12.65,12.326,12.623,13.346,12.579,12.963,13.214,12.868,13.097,12.871,13.059,12.559,12.381,13.097,12.543,12.85,12.782,13.245,12.661,12.598,12.583,13.016,12.795,12.995,12.388,12.459,12.604,12.786,12.398,13.136,12.7,12.662,13.118,13.391,12.875,12.012,13.186,13.136,12.417,13.599,12.368,13.061,12.913,12.641,13.601,13.305,12.866,12.398,13.577,13.335,13.03,12.553,12.775,12.458,12.212,12.474,12.942,12.997,12.171,12.509,13.131,12.445,12.795,13.281,12.527,12.945,13.047,12.347,12.989,12.86,12.698,12.586,12.575,12.504,12.554,13.094,13.117,12.878,13.659,11.916,12.226
