0,0,0,0,0,0,0,0,0,0,0,0,0,0,0,0,0,0,0,0,0,0,0,0,0,0,0,0,0,0,0,0,0,0,0,0,0,0,0,0,0,0,0,0,0,0,0,0,0,0,0,0,0,0,0,0,0,0,0,0,0,0,0,0,0,0,0,0,0,0,0,0,0,0,0,0,0,0,0,0,0,0,0,0,0,0,0,0,0,0,0,0,0,0,0,0,0,0,0,0
-0.079465,-0.015994,-0.41297,0.22602,0.097041,0.22042,0.22816,-0.087281,-0.27443,0.14983,-0.071474,0.078818,-0.099242,0.11734,0.27099,0.13633,-0.079877,-0.045988,0.10066,-0.42803,-0.15247,0.25564,0.15988,0.19293,-0.16759,0.31364,0.31035,-0.15702,-0.34776,-0.20834,-0.50558,-0.18054,-0.38915,0.20158,-0.37219,-0.16648,-0.12701,-0.24694,-0.40829,-0.41332,-0.087347,0.2968,-0.016814,-0.045959,-0.37554,0.23285,-0.086426,0.10793,-0.41466,-0.027888,-0.10262,-0.50397,0.27681,-0.27397,-0.42744,-0.4775,-0.020863,0.021822,-0.11504,-0.079365,-0.015697,0.10799,0.14633,-0.3108,-0.21559,-0.052844,0.19018,-0.10148,-0.074438,-0.14477,-0.093796,0.22658,-0.063585,-0.010517,-0.2367,-0.28021,-0.43249,-0.15844,-0.091854,0.27359,0.29191,-0.44819,-0.2375,-0.061223,-0.092101,-0.158,0.10546,-0.0071229,-0.11644,-0.42312,0.10964,0.17861,-0.12577,-0.24166,-0.0035584,-0.036081,-0.28071,0.094437,0.13593,-0.35658
-0.44641,0.3294,-0.41707,0.26656,0.24828,0.40225,0.18791,-0.43188,-0.41951,0.49849,-0.28123,-0.012441,-0.51928,0.36731,0.23633,-0.11853,0.066342,-0.0074674,-0.10727,-0.34335,-0.12998,0.23782,-0.25286,0.12789,0.15962,0.53146,0.46141,-0.26774,-0.49034,-0.42181,-0.43472,-0.041667,-0.12412,0.39124,-0.3659,0.21815,-0.13132,-0.36715,-0.85816,-0.44725,0.04058,-0.13797,-0.13501,-0.21302,-0.60781,0.19826,-0.11027,0.28005,-0.42746,0.043611,0.096669,-0.67197,0.26081,-0.082844,-0.25301,-0.97285,-0.12957,-0.42866,0.21361,-0.18319,-0.1033,0.14508,0.010161,-0.64595,-0.41778,-0.20535,0.25778,0.13536,0.10359,-0.041479,-0.13252,0.24113,0.20381,-0.32566,-0.13227,-0.39543,-0.65682,-0.45325,-0.39086,0.23611,0.63709,-0.3029,-0.25966,-0.21165,-0.10934,-0.094156,0.027549,-0.10137,-0.054836,-0.19323,-0.24246,0.12766,0.13477,-0.76232,0.091579,0.047912,-0.40837,-0.17968,-0.33742,-0.46155
-0.20005,-0.083074,-0.41064,0.61774,0.42492,0.40216,-0.053022,-0.79498,-0.34049,0.38029,-0.33314,-0.19941,-0.33478,0.56913,0.35257,-0.47056,0.39352,0.27421,-0.19489,-0.59611,0.0063007,0.32171,-0.17738,0.091953,-0.035989,0.38598,0.1275,0.0729,-0.51504,-0.12513,-0.5098,-0.32983,-0.41436,0.48235,-0.68734,0.1069,-0.39462,-0.49204,-0.75634,-0.68687,0.2268,-0.22165,0.059521,-0.14678,-0.47172,0.21629,0.11131,0.28154,-0.91996,-0.22762,-0.31904,-0.71194,0.56831,-0.027574,-0.30616,-0.65426,-0.579,-0.19337,0.12238,-0.41749,-0.098222,-0.32776,0.20874,-1.055,-0.47429,-0.18473,0.57209,0.26531,0.2564,-0.026401,-0.31431,0.44367,0.13955,-0.68215,-0.042027,-0.52318,-0.68747,-0.30046,-0.45611,0.066839,0.51704,0.09473,-0.72678,-0.42026,-0.078582,-0.22104,-0.14885,-0.44056,0.22048,-0.11564,-0.29074,0.29904,0.15989,-0.94167,0.011262,0.27003,-0.75365,-0.073729,-0.62515,-0.29579
-0.57705,0.1535,-0.57944,0.71198,0.12236,0.30122,0.047438,-1.0988,-0.27078,0.68264,-0.067002,-0.089246,-0.34334,0.56337,0.29629,-0.50972,0.24847,0.5293,-0.028812,-0.38235,-0.035997,0.60361,-0.17722,-0.12697,0.0067902,0.69013,0.31425,0.11927,-0.11806,-0.26127,-0.71359,-0.66761,-0.30555,0.64458,-1.0302,0.56419,-0.67286,-0.371,-0.69147,-0.43059,0.25566,-0.32722,-0.065735,-0.19718,-0.47751,0.20958,-0.21077,0.55686,-0.88445,-0.44473,-0.26317,-1.115,0.69116,-0.023687,-0.38916,-0.46931,-0.42367,-0.19428,0.26367,-0.16042,-0.39778,-0.22979,0.1804,-1.2796,-0.62348,-0.56141,0.22293,0.49016,0.13118,-0.40169,-0.56707,0.75845,0.19372,-0.51645,0.28699,-0.56678,-0.69934,-0.28122,-0.16917,0.17326,0.08788,0.00342,-0.91656,-0.5176,-0.12573,-0.35387,-0.26672,-0.42988,0.12424,0.2251,-0.36107,0.10186,0.1676,-0.74086,0.017347,-0.11844,-1.0827,-0.28106,-0.98876,-0.055818
-0.54586,-0.23513,-1.0444,0.9974,-0.48059,0.087941,0.21946,-1.3719,-0.23078,0.47358,-0.06851,-0.43826,-0.043501,0.27733,-0.11844,-0.54014,0.19187,0.28845,0.068214,-0.091785,-0.29143,0.66278,-0.54753,-0.35929,0.10629,0.3569,0.325,0.088386,-0.27501,-0.49448,-1.1361,-0.31831,-0.23591,0.21585,-0.92081,0.61067,-1.1899,-0.45405,-0.75404,-0.3403,-0.048771,-0.61514,0.28884,-0.32162,-0.84325,-0.11947,-0.13042,0.78452,-0.90048,-0.89152,-0.2855,-1.2084,0.49988,0.0035704,-0.030412,-0.45635,-0.57313,-0.40279,-0.036664,-0.56586,-0.053802,-0.27947,0.064909,-1.4557,-1.1404,-0.46993,0.33026,0.0053732,-0.010757,-0.56299,-0.66509,0.69154,0.11636,-0.74083,0.28161,-0.27297,-0.49759,-0.042003,-0.28605,-0.11096,0.27836,0.016116,-1.3088,-0.82859,-0.36532,-0.3073,-0.18306,-0.35022,0.075857,-0.073623,-0.43419,0.12119,0.1762,-0.67407,-0.37857,-0.21207,-1.2106,-0.42094,-0.98161,0.0041467
-0.44615,-0.30056,-0.82923,1.1103,-0.58885,0.28856,0.15657,-1.4847,-0.54187,0.85813,0.28306,-0.48706,-0.1963,0.25522,-0.017268,-0.54625,-0.030278,0.3784,-0.14175,0.093122,-0.43677,0.67895,-0.71173,-0.36778,0.36411,0.33325,0.55923,0.075632,0.11517,-0.32929,-1.2225,-0.064481,-0.54893,0.33008,-0.85689,0.61888,-1.1374,-0.55679,-0.88726,-0.56641,-0.43727,-0.32953,0.0097606,-0.46725,-1.1378,-0.56712,-0.46273,0.43829,-0.83897,-0.68278,-0.27543,-1.2647,0.50842,0.38062,-0.18784,-0.064652,-0.76434,-0.83116,-0.066098,-0.78804,0.4113,-0.25907,-0.021299,-1.4349,-1.2796,-0.61447,0.34919,-0.27967,-0.22735,-0.14134,-0.76061,0.41706,-0.29251,-0.88705,-0.10629,-0.1776,-0.19727,-0.055786,-0.70388,-0.63353,0.16038,0.030191,-1.4021,-1.155,-0.56105,-0.23486,-0.089221,-0.082672,0.23886,-0.075106,-0.34635,0.10001,0.42407,-0.73574,-0.61684,-0.20562,-1.2942,-0.85384,-0.90538,-0.22381
-0.40934,-0.37765,-1.0399,1.3112,-0.52388,0.4128,-0.078039,-1.8952,-0.53745,1.0708,0.45338,-0.37463,0.045672,0.14819,0.24756,-0.61493,0.062105,0.20779,-0.21497,0.14524,-0.26591,1.0502,-0.617,-0.47386,0.13178,0.44125,0.48161,0.033066,0.21292,-0.43092,-1.1704,0.0038454,-0.47923,0.22092,-0.73182,0.66492,-1.1882,-0.46281,-0.99478,-0.92436,-0.7,-0.36404,-0.52711,-0.31175,-1.5882,-0.60756,-0.66055,0.45139,-0.71969,-1.0932,-0.42992,-1.4033,0.50567,0.72106,-0.67397,0.0094014,-0.63826,-0.95837,-0.26031,-0.84839,-0.0091242,0.070876,0.28775,-1.8147,-1.1198,-0.36284,0.13606,-0.68494,-0.064379,-0.4264,-1.0801,0.7229,-0.50793,-1.3839,-0.36655,-0.13649,-0.2114,0.025173,-0.86544,-0.29924,-0.034032,0.086245,-1.3067,-1.1506,-0.89372,-0.43639,-0.20853,-0.22023,0.47579,-0.47011,-0.24351,0.041883,0.14282,-0.43507,-0.65823,-0.17046,-1.1836,-0.62625,-0.79916,-0.34145
-0.83328,-0.29804,-1.1802,1.1243,-0.80384,0.27234,0.10434,-1.811,-0.45408,0.74873,0.37747,-0.060328,0.061642,-0.025522,-0.11415,-0.99268,-0.48546,0.022821,-0.52006,-0.15113,-0.041393,0.80986,-0.58371,-0.51774,0.1933,0.31817,0.047023,-0.22588,0.13268,-0.21686,-1.1518,-0.028974,-0.68549,0.25198,-0.70568,0.75261,-1.6749,-0.35068,-1.1303,-1.1527,-0.44557,-0.40531,-0.81629,-0.41429,-1.2955,-1.0346,-0.88247,0.73246,-0.80925,-1.3411,-0.61827,-1.7258,0.56449,0.32614,-0.76665,-0.18031,-0.65194,-0.7012,-0.49693,-0.71962,0.067461,-0.24069,0.39435,-1.741,-1.3138,-0.46184,-0.22389,-0.80948,-0.35998,-0.33738,-1.0108,0.67379,-0.4062,-1.6243,0.043007,-0.062996,-0.022045,0.29592,-1.0758,-0.35816,-0.19595,0.38267,-1.5347,-0.96162,-0.46232,-0.88625,-0.36418,-0.28117,0.40756,-0.72989,-0.11348,-0.31422,0.0092917,-0.27012,-0.74012,-0.46723,-1.2842,-0.61485,-0.71988,-0.50602
-0.87642,-0.4402,-1.3236,1.1674,-0.98461,-0.072744,0.23878,-1.9885,-0.30691,0.98427,-0.052529,-0.37723,0.18158,0.006294,-0.091943,-1.1634,-0.60894,0.17184,-0.29978,-0.030466,-0.022672,0.82499,-0.24328,-0.2043,0.092657,0.61287,0.012695,0.065904,-0.04271,0.052651,-1.2307,0.039628,-0.60052,0.23455,-0.33156,1.0214,-1.5182,-0.13253,-1.2446,-1.0714,-0.45086,-0.19886,-0.89694,-0.60056,-1.3535,-1.1957,-0.99593,1.0163,-0.74026,-1.3587,-0.69453,-2.155,0.31183,0.69932,-0.47625,-0.28906,-0.6199,-0.77859,-0.50031,-0.92853,-0.021858,-0.74215,0.30805,-2.0796,-1.5164,-0.42458,-0.40366,-0.43917,-0.41033,-0.050268,-1.3826,0.53449,-0.85297,-1.3226,-0.20618,-0.18204,0.017476,0.25377,-1.071,-0.28384,-0.48782,0.32239,-1.5079,-0.69525,-0.45781,-0.91998,-0.52346,-0.43363,0.39097,-1.1503,-0.090135,0.1226,0.060823,-0.58313,-1.1631,-0.91225,-1.3066,-0.75183,-1.074,-0.14458
-0.72205,-0.2366,-1.5336,0.75805,-0.93591,-0.041498,0.37462,-1.5935,0.029309,0.90141,-0.029106,-0.34855,0.54516,0.059897,-0.49091,-1.2576,-0.44077,0.47088,-0.46925,-0.056602,-0.40864,0.4516,-0.19691,0.10095,0.15404,0.39461,-0.044798,-0.21126,0.3298,-0.31614,-1.1507,0.017002,-0.42224,0.03163,-0.1684,1.2163,-1.5452,-0.19048,-1.3894,-0.8889,-0.020188,-0.39171,-0.92714,-0.44458,-1.1505,-1.3421,-0.68623,1.2914,-0.94628,-1.4633,-0.62183,-2.6109,0.12833,0.90281,-0.42463,-0.29474,-0.70355,-0.72508,-0.44168,-1.4112,0.40988,-0.49125,0.22874,-2.2416,-1.1486,-0.9523,-0.43134,-0.42495,-0.44746,-0.099181,-1.0805,0.40587,-1.0572,-1.4994,-0.25945,-0.21687,-0.01021,0.61894,-1.1656,-0.4197,-0.40893,0.75689,-1.6063,-0.63308,-0.23165,-0.85981,-0.36333,-0.16097,0.48021,-1.0953,-0.32784,0.13263,0.3032,-0.57033,-1.5489,-1.3249,-1.6159,-1.1244,-1.3198,-0.28989
-0.97653,-0.040794,-1.6261,1.1253,-1.045,-0.503,0.65446,-1.8275,0.014434,0.8306,-0.070349,-0.67895,0.27427,0.23504,-0.52632,-1.31,-0.94388,0.45389,-0.70479,-0.1902,-0.25901,0.11471,-0.13858,0.091248,0.30441,0.29644,-0.23476,-0.32857,0.10969,-0.073623,-1.3486,-0.17042,-0.29421,0.12362,-0.17864,1.2026,-1.2561,-0.15667,-1.4616,-0.80544,-0.012088,-0.72998,-0.92515,-0.15941,-1.1946,-1.2671,-0.53586,1.389,-1.2594,-1.9767,-0.4434,-2.7166,0.061204,1.0522,-0.33551,0.032056,-0.6975,-0.69776,-0.35407,-1.6019,0.50965,-0.91139,0.39455,-2.0863,-1.2973,-0.78291,-0.17219,-0.19698,-0.26295,0.29902,-1.0262,-0.034965,-1.4835,-1.8519,-0.090202,0.17187,0.093147,0.93634,-1.1856,-0.43767,-0.31849,0.9507,-1.7858,-0.78582,-0.38563,-1.0802,-0.41716,-0.48233,0.64699,-1.0684,-0.24461,0.011255,0.51207,-0.82897,-1.3051,-1.2458,-1.909,-1.1635,-1.0163,-0.19357
-1.1879,-0.029777,-1.6338,0.82028,-1.4002,-0.6522,0.57393,-2.3156,-0.29834,1.1571,-0.32754,-0.47204,0.41272,0.18777,-0.27333,-1.3052,-0.90675,0.74065,-1.1274,-0.12257,0.094019,-0.28188,0.12746,0.12848,-0.025982,-0.019531,-0.26313,-0.18086,0.40293,-0.21643,-1.6395,-0.02617,-0.17207,-0.15312,0.03541,1.066,-1.4212,-0.056997,-1.4873,-1.1507,-0.3325,-0.37695,-0.68095,0.14416,-1.1889,-1.6438,-0.29699,1.3535,-1.5481,-1.9765,-0.5234,-3.0644,0.077687,1.1442,-0.32004,-0.34946,-0.60785,-0.57191,-0.56325,-1.4687,0.21999,-0.75485,0.084862,-2.3787,-1.6694,-0.83628,-0.14082,0.030376,-0.54138,0.33443,-0.96079,0.085356,-1.6655,-2.1808,-0.27611,0.19373,0.13781,1.2009,-1.2945,-0.44786,-0.43013,0.86419,-1.8931,-0.4509,-0.13244,-1.0382,-0.52874,-0.25618,0.42702,-1.4277,-0.37007,0.21542,0.43161,-0.90956,-1.1817,-1.1517,-2.0575,-1.3668,-1.2902,-0.56425
-1.4115,-0.34478,-2.065,0.78784,-1.6408,-0.73141,0.69802,-2.3763,-0.27833,1.1445,-0.0099813,-0.21257,0.34415,0.13414,-0.38994,-1.1989,-1.2108,0.41546,-1.2452,0.11286,0.090734,0.15218,0.31073,0.47449,-0.2668,0.029401,-0.68123,0.0091344,0.72642,0.11276,-1.6225,-0.33919,0.22723,-0.18628,0.057058,0.80943,-1.2768,-0.025614,-1.6418,-1.2188,-0.27988,-0.21361,-0.47783,0.15276,-1.1264,-1.8492,-0.40192,1.3679,-1.9922,-2.1776,-0.35142,-2.9409,0.11287,0.7736,-0.43982,-0.25632,-0.3614,-0.60354,-0.62938,-1.5172,0.44875,-0.98188,-0.053651,-2.3914,-1.6889,-1.019,-0.29357,0.16028,-0.85184,0.4001,-1.2961,0.20442,-1.6278,-2.1768,-0.27101,0.47067,0.17469,1.1575,-1.4512,-0.23521,-0.31617,0.86512,-1.927,-0.38575,-0.30289,-1.1249,-0.38083,-0.42732,0.16529,-1.1371,-0.058425,0.28563,0.38052,-0.98765,-1.0084,-0.88487,-2.2897,-1.2696,-1.2545,-0.59468
-1.2682,-0.53792,-2.0918,0.51427,-1.5383,-0.91289,0.33476,-2.6069,-0.57705,0.87701,-0.098219,0.16769,0.21023,0.2789,-0.43642,-1.0944,-1.2677,0.40704,-1.4787,0.11965,0.10184,0.23284,0.39234,0.37112,-0.23274,-0.064996,-0.87246,0.28562,0.95519,0.063192,-1.8263,-0.72228,0.39106,-0.11674,0.063353,0.67284,-1.6213,-0.21517,-1.9102,-1.2285,-0.050978,0.025845,-0.29249,0.089985,-1.1209,-1.9273,-0.075251,1.5175,-2.0379,-2.1407,-0.072243,-3.2409,-0.33446,0.49109,-0.49531,-0.40893,-0.33734,-0.91503,-0.73442,-1.3321,0.38132,-1.412,0.26275,-2.0183,-1.9456,-1.3534,-0.36207,0.21027,-0.58352,0.44648,-1.5055,0.27793,-1.4803,-2.2703,-0.044501,0.012117,0.15198,1.1607,-1.2846,-0.43698,-0.37092,0.88436,-1.9886,-0.22501,-0.28505,-1.3632,-0.52548,-0.73237,0.51707,-1.1818,-0.25211,0.21427,0.59692,-0.96431,-1.0708,-1.1344,-2.7335,-1.4186,-1.2368,-0.72292
-0.97523,-1.0876,-2.2118,0.65327,-1.3536,-0.71643,0.54488,-2.5551,-0.87027,1.258,0.24271,0.16778,0.43523,0.47296,-0.33805,-0.80644,-1.6605,0.23579,-1.4119,0.19701,0.016805,0.54718,0.49334,0.35086,-0.20173,0.12758,-1.0033,0.031604,1.3143,0.46754,-1.5278,-0.67963,0.064508,0.13966,0.15825,0.93984,-1.9156,-0.56154,-1.7505,-1.0893,-0.43301,-0.27929,-0.75767,0.012021,-1.11,-1.9422,0.072583,1.7316,-2.114,-2.5537,-0.10671,-3.4774,0.066568,0.78278,-0.73701,-0.741,-0.15031,-0.77234,-0.90298,-1.5359,0.37005,-1.2843,0.36342,-2.109,-2.0084,-1.7119,-0.58013,0.24428,-0.86497,0.65735,-1.4561,-0.0086584,-1.3008,-2.1652,-0.43569,-0.063193,0.12916,1.5835,-1.2468,-0.63687,-0.80165,0.58264,-1.9258,-0.15127,-0.59943,-1.6533,-0.41428,-0.99565,0.78869,-0.99001,-0.42122,-0.30159,0.55919,-1.3967,-1.0519,-1.0421,-2.7293,-1.941,-1.6519,-0.85979
-1.0121,-1.1892,-2.0791,0.49423,-1.6935,-0.60353,0.51047,-2.9189,-0.91368,1.3398,0.41646,0.033444,0.090372,0.50493,-0.58153,-0.86838,-1.5697,0.60614,-1.6855,0.28313,0.14694,0.84962,0.4506,0.14512,-0.55431,-0.032037,-1.0076,0.022999,1.2428,0.66789,-1.4894,-0.58764,0.081898,-0.038686,0.13238,0.54117,-1.939,-0.634,-1.9103,-1.5375,-0.22503,-0.37662,-0.81507,-0.3221,-1.1922,-1.6736,-0.035526,1.5193,-2.0533,-2.683,0.14664,-3.4378,0.071852,0.79829,-0.85537,-0.88344,-0.088841,-0.85172,-0.56855,-1.2742,0.34775,-1.7684,0.39898,-2.5872,-2.304,-1.7797,-0.8166,0.20357,-0.77481,0.35551,-1.967,-0.31934,-1.0095,-2.171,-0.39093,0.12811,0.23357,1.6569,-1.2166,-0.8379,-0.85771,0.2135,-2.1543,0.13283,-0.77153,-1.3947,-0.14944,-0.80143,0.495,-1.0733,-0.4456,-0.28342,0.62215,-1.2291,-1.2434,-1.2656,-2.3811,-2.1279,-1.4238,-0.39783
-1.0474,-1.4837,-2.1058,0.80719,-1.7147,-0.63602,0.21217,-2.796,-0.98409,1.3785,0.024925,0.023164,0.086654,0.13764,-0.86107,-1.2374,-1.4509,0.37526,-2.0053,-0.034111,-0.28269,0.62753,0.13768,0.46752,-0.43897,-0.18615,-1.4237,0.25604,1.2741,0.75242,-1.5979,-0.44773,0.14697,0.080875,-0.025755,0.53122,-1.8053,-0.72153,-2.317,-1.6106,-0.44957,-0.27142,-0.84995,-0.87238,-1.5836,-2.015,-0.33247,1.5124,-2.4718,-2.7219,-0.23811,-3.5078,-0.11933,0.89333,-1.0403,-1.3019,-0.44612,-0.53823,-0.5744,-1.3635,0.28657,-2.0858,0.29283,-2.9433,-2.3039,-1.942,-0.51732,0.24565,-0.8084,0.2855,-1.9517,-0.15943,-1.1467,-2.1886,-0.21067,0.31795,0.50692,1.4364,-1.3846,-0.64875,-0.68877,0.63977,-1.8503,-0.22092,-0.59973,-1.7728,-0.60147,-0.84862,0.1393,-1.101,-0.39729,-0.39867,0.24523,-1.6535,-1.5387,-0.90084,-2.3303,-2.37,-1.6971,-0.47331
-1.3793,-1.2959,-2.1964,0.77382,-1.5165,-0.77352,-0.056574,-2.9448,-1.2161,1.4938,0.3699,-0.26302,0.28901,-0.22732,-0.54322,-0.99108,-1.7071,0.64812,-2.2937,0.21605,-0.32053,0.75031,0.2842,0.57169,-0.58725,-0.087823,-1.7063,-0.13752,1.4212,0.75377,-1.7842,-0.3601,-0.10166,0.077543,0.26736,0.13039,-1.431,-0.66039,-2.333,-2.0564,-0.73771,-0.041858,-0.65123,-1.1371,-1.6222,-2.2423,-0.39957,1.8847,-2.1183,-2.3984,-0.23532,-3.6895,-0.10625,1.1849,-1.2471,-1.4903,-0.22518,-0.39859,-0.81252,-1.4957,0.47472,-2.323,0.063661,-2.9944,-2.1021,-1.9311,-0.09895,0.48028,-0.59672,0.44756,-2.3808,-0.53449,-1.3871,-1.913,-0.28633,0.40445,0.48142,1.6611,-1.1646,-0.3139,-0.63447,0.65373,-1.8272,-0.20565,-0.56177,-1.5384,-1.0709,-1.0327,0.090054,-1.1048,-0.095555,-0.48673,0.084354,-1.3791,-1.1571,-0.61865,-2.5627,-2.4644,-1.5141,-0.16837
-1.0235,-1.191,-2.3184,0.70359,-1.593,-1.2285,0.21757,-3.407,-1.1561,1.8571,-0.037396,-0.20648,0.32265,-0.17421,-0.73519,-1.0022,-1.7193,1.0376,-2.5522,0.08657,-0.29739,0.97776,0.18672,0.91951,-0.69811,-0.1523,-1.5926,0.078635,1.436,0.89172,-1.8097,-0.43803,0.15906,-0.22028,0.16905,0.55539,-1.4512,-0.43666,-2.4991,-2.1317,-0.71357,0.015,-0.74751,-1.3728,-1.8499,-2.2502,-0.11744,1.936,-2.2712,-2.6427,-0.19278,-3.6063,-0.064845,1.0798,-1.0823,-1.5901,-0.38681,-0.14884,-0.85417,-1.5123,0.44066,-2.7614,0.41223,-2.8979,-2.1951,-1.8262,-0.19736,0.63663,-1.1264,0.41082,-2.3997,-0.52883,-1.5708,-1.8268,0.1252,0.22118,0.58637,1.465,-1.0896,0.075108,-1.0796,0.7966,-1.9355,-0.14088,-1.0492,-1.4575,-1.1523,-1.2919,0.1143,-1.0687,-0.035503,-0.77248,0.15987,-1.4423,-0.74113,-0.71102,-2.6649,-2.4647,-1.2476,0.035727
-1.0673,-1.607,-2.3807,0.63555,-1.7259,-1.3537,-0.20244,-3.4989,-1.3099,2.0181,0.29225,-0.53813,0.35905,-0.058386,-0.38206,-0.87613,-1.8018,0.84694,-2.2627,0.3072,-0.39371,0.58716,-0.0021444,1.3264,-0.49053,0.010919,-1.2856,-0.23898,1.0546,0.95478,-1.7341,-0.39378,-0.022551,0.14382,0.13685,0.72083,-1.1704,-0.837,-2.8731,-2.1703,-0.55183,0.34234,-1.2206,-1.085,-2.2106,-2.4406,-0.13577,2.1655,-1.9493,-2.6336,0.036774,-3.2671,0.12729,0.78114,-1.2908,-1.9526,-0.41648,-0.016209,-0.73638,-1.9521,0.37643,-2.4443,0.31906,-2.868,-2.3232,-2.1709,-0.39747,0.63667,-0.95575,0.44361,-2.4068,-0.39492,-1.4493,-2.1993,0.14688,0.36096,0.27961,1.4872,-1.1321,0.061235,-1.5503,0.7507,-1.8089,-0.049235,-0.74095,-1.3656,-1.3075,-1.2595,0.055064,-1.139,-0.30368,-0.92469,0.46207,-1.5985,-1.1257,-0.55041,-2.9282,-2.4437,-1.1914,0.15449
-0.99341,-1.3833,-2.1581,0.5197,-1.8727,-1.3087,0.10729,-3.8327,-1.234,2.0783,0.25744,-0.29401,0.36592,0.064489,-0.35963,-0.77708,-1.7176,0.72138,-2.1653,0.0045535,-0.10964,0.56642,-0.31516,1.1391,-0.20222,0.05846,-1.3273,-0.11543,1.1072,0.7866,-1.8842,-0.29016,-0.12064,0.17269,0.13613,0.4775,-1.1972,-0.44575,-3.0091,-2.316,-0.19143,0.27125,-1.246,-1.275,-2.1167,-2.5634,0.051518,2.2045,-1.9539,-2.4147,-0.033878,-3.3342,0.42769,0.53804,-1.3865,-2.2861,-0.34002,0.1178,-0.60268,-1.9804,0.25101,-2.1866,0.30962,-3.2264,-2.4645,-2.0355,-0.38725,0.59828,-1.4682,0.11178,-2.3355,-0.083712,-1.1226,-2.4523,-0.19129,0.096457,-0.015119,1.0855,-1.0885,-0.25841,-1.5388,0.62106,-1.6782,0.19182,-0.80012,-1.4024,-0.99788,-0.82896,0.19749,-1.1474,-0.34136,-1.133,0.6857,-1.8286,-1.4142,-0.15113,-2.665,-2.9363,-1.027,0.22174
-0.6799,-1.4145,-2.2149,0.36927,-1.7212,-1.6661,0.14278,-3.8953,-0.89605,1.9651,0.13005,-0.077716,0.54821,0.25334,0.0020159,-0.73385,-1.5647,0.82898,-2.2035,0.083731,-0.074219,0.78515,-0.2155,1.5059,-0.10299,-0.22825,-1.5577,0.1009,0.99153,0.63674,-1.4834,-0.29009,0.035962,-0.045832,-0.12312,0.20609,-1.3885,-0.77337,-2.8988,-2.1779,-0.064395,0.17262,-1.4595,-1.4091,-2.0828,-2.3776,0.38578,2.3896,-2.122,-2.2475,-0.087085,-3.5012,0.55529,0.50169,-1.4677,-2.2957,-0.07382,-0.16324,-0.50831,-1.9823,-0.066717,-2.2802,0.60819,-3.4356,-2.6244,-2.1793,-0.14226,0.17409,-1.8414,0.010566,-2.4831,-0.2431,-1.3676,-2.406,-0.22273,-0.11075,-0.094982,1.0722,-0.97787,-0.39477,-1.829,0.73871,-1.6823,0.12801,-0.75823,-1.4373,-1.2928,-0.52971,0.16107,-1.1849,-0.2862,-1.1866,0.27408,-2.076,-1.6256,-0.27147,-2.7774,-3.268,-1.1876,0.36308
-0.63732,-1.441,-1.9763,0.41481,-1.6778,-1.8867,-0.17128,-4.1195,-0.82638,2.1412,0.072055,0.0063126,0.31132,0.41987,-0.1938,-0.87871,-1.2476,0.419,-2.0947,-0.35622,0.1773,0.37875,-0.35995,1.5364,-0.20866,-0.3804,-1.9857,-0.05675,1.1786,0.24246,-1.2926,-0.24678,0.18863,-0.11777,-0.61255,0.49308,-1.0916,-0.91261,-2.9794,-2.2636,-0.012822,0.17307,-1.6799,-1.6157,-2.4151,-2.6551,0.1079,2.3109,-2.0876,-2.6145,-0.26093,-3.4511,0.76209,0.097262,-1.9108,-1.9581,-0.41348,-0.23956,-0.52314,-1.9272,0.17761,-2.2532,0.21842,-3.4501,-2.7779,-1.9615,-0.24668,-0.21904,-2.1494,-0.13969,-2.728,0.13663,-1.1375,-2.347,-0.16002,0.10308,-0.072561,0.86182,-1.0373,-0.41802,-1.9524,0.91893,-1.5099,0.35435,-0.3863,-1.4941,-1.8065,-0.54453,0.018212,-1.3369,-0.35749,-1.5406,0.47933,-2.1959,-1.2203,-0.71917,-2.8088,-3.4545,-1.2247,0.3277
-0.80236,-1.7695,-1.9776,0.039017,-1.8874,-2.0143,-0.073468,-4.2773,-1.1482,2.2427,0.46453,0.17402,0.0057913,0.55526,-0.26485,-0.92062,-0.84666,0.67188,-1.8444,-0.41736,0.082065,0.79856,-0.20211,1.3077,-0.0022393,-0.76036,-1.9224,-0.38627,1.3294,0.12221,-1.3517,-0.21917,0.209,-0.20055,-0.9278,0.6034,-1.2763,-0.58791,-3.1758,-2.4681,0.094366,-0.020099,-2.1206,-1.7594,-2.3587,-2.8604,-0.24053,2.3897,-1.8832,-2.5597,-0.029753,-3.7302,0.64249,0.17317,-2.2761,-2.0159,-0.25827,-0.20829,-0.65272,-2.0965,-0.15103,-2.2011,0.13426,-3.3268,-2.8113,-1.7987,-0.23704,-0.056681,-2.0549,0.13562,-2.6218,-0.042992,-1.4062,-2.2199,-0.19725,0.12993,0.12534,0.69435,-0.91821,-0.33432,-2.0934,0.91857,-1.2307,0.35048,-0.30503,-1.6198,-2.1856,-0.58924,-0.26238,-1.3177,-0.60388,-1.7307,0.55802,-2.2553,-1.0043,-0.63868,-2.9273,-3.4964,-1.3019,0.30609
-0.79899,-1.9397,-2.2503,0.29113,-1.7785,-2.0648,-0.07294,-4.4071,-1.2195,1.9552,0.67353,-0.063858,-0.35928,0.79799,-0.26629,-1.0087,-1.0777,0.54281,-1.759,-0.19393,0.42341,0.31181,-0.50818,1.2516,0.11406,-0.74089,-1.7344,-0.092067,1.2375,0.42665,-1.0309,-0.34099,0.097071,-0.3555,-1.1134,0.51167,-1.3255,-0.14771,-3.5984,-2.7019,-0.047679,0.24105,-2.207,-2.0853,-1.9676,-2.5698,-0.3326,2.877,-1.7834,-2.6053,0.15131,-3.7825,0.87919,-0.0978,-1.8925,-1.8834,-0.071027,0.09514,-0.78787,-1.868,-0.057188,-2.61,0.045692,-3.5907,-3.0621,-1.5241,-0.30457,-0.13703,-2.3815,0.46319,-2.6252,-0.17821,-1.1231,-1.946,0.11368,0.12231,-0.15265,0.7291,-0.79478,-0.70326,-1.9944,0.66853,-1.0903,0.44368,-0.35538,-2.0706,-2.2073,-0.75601,-0.26386,-1.7352,-0.58652,-2.129,0.74753,-2.26,-1.0268,-0.7185,-2.938,-4.0301,-1.4552,0.44959
-0.84077,-1.932,-2.2808,0.33896,-2.0069,-2.1537,0.21356,-4.972,-1.3641,1.9078,0.6071,0.15211,0.050231,0.93595,-0.2575,-1.4242,-1.4288,0.53066,-1.5449,0.085698,0.60788,0.1909,-0.46813,1.5069,-0.012867,-0.96766,-1.9527,0.34335,0.95481,0.058198,-1.1659,-0.42161,0.2474,-0.10184,-1.159,0.21072,-1.3621,-0.20237,-3.6784,-3.0647,-0.09432,0.24676,-2.3359,-2.1774,-1.6694,-2.661,-0.20276,3.069,-1.6789,-2.5836,0.25216,-3.5464,1.0398,0.11318,-1.8296,-1.9709,0.36031,-0.13124,-0.78366,-2.0481,-0.38749,-2.9938,0.079284,-3.8251,-2.703,-1.6051,-0.25201,-0.26446,-2.596,0.70347,-2.5942,-0.098024,-0.90098,-2.3214,0.3933,0.079347,-0.15371,0.70081,-0.98152,-0.42288,-1.9445,0.38435,-0.88576,0.29815,-0.26324,-2.0724,-2.5101,-0.9232,0.012681,-1.9141,-0.9442,-2.1055,0.48908,-2.3,-1.1917,-1.0395,-2.9847,-4.1263,-1.3385,0.47173
-1.0559,-1.9833,-2.1241,0.09772,-2.0186,-2.3822,0.068785,-4.7788,-1.202,1.6984,0.99181,0.064796,0.45674,1.1563,-0.0013234,-1.7772,-1.2959,0.60527,-1.6509,-0.07604,0.18575,0.62555,-0.59289,1.5286,0.16589,-1.3979,-1.6607,0.26205,0.78965,0.44369,-1.1863,-0.0051632,0.27325,-0.0070751,-0.81984,-0.28138,-1.4891,-0.24651,-4.0855,-3.5351,-0.31552,0.33015,-2.0647,-1.9367,-1.735,-2.5506,-0.039262,2.9676,-1.4699,-2.4442,0.40527,-3.6303,0.94322,-0.099039,-2.1719,-2.429,0.3653,0.0038276,-0.8198,-2.042,-0.54589,-2.9997,-0.19485,-4.0829,-2.7414,-1.8701,-0.52837,-0.40856,-2.5708,0.93762,-2.5578,0.2997,-1.2069,-2.0306,0.37159,0.17203,0.055699,0.90437,-1.2788,-0.34388,-1.7837,0.56362,-0.5935,0.17365,0.021131,-2.218,-2.2007,-1.0618,0.39802,-1.6688,-0.84429,-2.0805,0.7786,-2.7443,-0.95956,-1.0111,-2.9715,-4.2969,-1.4058,0.4254
-1.0635,-2.0498,-2.131,-0.10873,-2.1097,-2.2455,-0.015586,-5.0652,-1.4302,2.0908,1.0332,0.012628,0.51316,1.1187,-0.10584,-1.9041,-1.2214,0.38447,-1.3516,-0.043921,-0.042626,0.64537,-0.2654,1.2747,-0.085,-1.7142,-1.7517,0.2383,0.79019,0.73366,-1.2439,-0.088914,0.32759,-0.50924,-0.76308,-0.11076,-1.6104,0.016857,-4.2414,-3.4245,-0.00035718,0.6458,-1.7441,-1.8201,-1.862,-2.8952,-0.29701,3.2798,-1.2835,-2.1503,0.021826,-3.7468,0.96353,-0.25973,-1.814,-2.3947,0.71386,0.13954,-1.3044,-2.0341,-1.0269,-3.2313,-0.18661,-4.215,-2.7339,-1.8001,-0.075512,-0.32134,-2.5447,0.47198,-2.512,0.053396,-0.82224,-2.161,0.39281,0.052049,0.075534,0.7608,-1.235,0.09182,-1.7872,0.37809,-0.86613,0.54306,0.24651,-2.389,-2.1634,-0.86497,0.39904,-1.7774,-0.50069,-1.7974,0.81148,-2.5465,-1.1897,-0.98533,-3.3128,-4.5446,-1.044,0.45856
-1.1426,-1.6807,-2.1026,-0.21286,-2.0782,-2.5404,0.0035475,-5.5522,-1.652,2.0942,0.93862,-0.28703,0.51568,1.1896,-0.20649,-1.9611,-1.1197,0.25331,-1.3746,-0.4662,-0.071314,0.54549,0.080923,1.342,-0.16569,-1.4811,-1.5909,0.39176,1.0042,0.74585,-1.2999,-0.23907,0.5337,-0.8301,-0.3856,-0.578,-1.6223,-0.03085,-4.643,-3.3151,-0.23481,0.75906,-1.5806,-2.0639,-1.6354,-3.0563,-0.52045,3.15,-1.1716,-2.4615,-0.28892,-3.8085,0.70796,-0.22851,-1.4236,-2.4035,0.56716,0.40425,-1.2919,-2.102,-1.1238,-3.1098,-0.12432,-4.2118,-2.9235,-1.5672,-0.048653,-0.039587,-2.5395,0.24905,-2.3255,0.05613,-0.98195,-2.2072,0.14924,0.20648,0.12731,0.61187,-1.4271,0.31388,-1.876,0.25575,-0.75226,0.47966,0.055306,-2.7276,-1.8365,-0.88122,0.046913,-1.6042,-0.69518,-1.557,0.48507,-2.7881,-1.3248,-1.4079,-3.0268,-4.5899,-1.0918,0.35004
-1.2844,-1.5686,-2.1782,-0.16824,-1.7541,-2.5201,-0.25115,-5.3368,-1.6636,2.088,1.2054,-0.51702,0.52357,1.1757,-0.27218,-1.916,-0.93347,-0.074447,-1.2691,-0.89445,-0.25664,0.32038,0.25904,1.0099,-0.14139,-1.898,-1.3747,0.39608,0.88635,0.89411,-1.7634,-0.25193,0.55844,-0.96135,-0.065959,-0.39483,-1.4654,-0.31252,-4.817,-3.4697,-0.55519,0.72332,-2.0046,-2.3228,-1.7973,-2.765,-0.69419,3.5068,-1.3418,-2.2332,-0.27448,-4.1451,0.32155,-0.16926,-1.1735,-2.7217,0.62586,0.11432,-1.3526,-1.7471,-1.6279,-3.1915,-0.48299,-3.9163,-3.0021,-1.8014,-0.25407,-0.13859,-2.6214,0.21589,-2.3456,0.39683,-0.83619,-2.5338,-0.35455,-0.085119,0.02868,0.9062,-1.3661,0.28751,-1.9241,0.16899,-1.0195,0.6538,-0.41766,-2.5596,-1.4438,-0.59449,-0.14121,-1.4173,-0.54932,-1.1771,0.14996,-2.5988,-1.7313,-1.7546,-2.5948,-4.6364,-0.76923,0.26596
-1.3802,-1.5452,-2.0443,-0.51254,-2.148,-2.4616,-0.099248,-5.3775,-1.5341,2.1096,1.5203,-0.42385,0.48443,1.2337,-0.44561,-2.1125,-0.66278,0.084003,-1.1158,-0.84649,-0.33364,0.24396,0.055116,1.0907,-0.21011,-1.9229,-1.7696,0.66615,0.55349,0.96667,-1.7297,0.043605,0.58934,-0.62648,-0.33943,-0.29907,-1.3664,-0.28898,-5.0323,-3.4271,-0.94425,1.0543,-2.3603,-2.1613,-1.8257,-2.5187,-0.60053,3.8057,-0.90188,-2.5477,-0.27122,-4.4135,0.37747,-0.2548,-1.4303,-2.9357,0.55819,-0.082169,-1.3749,-1.353,-1.7964,-3.0583,-0.53679,-4.1799,-2.6996,-1.6915,0.028863,0.15787,-2.9943,0.22481,-2.3575,0.40295,-0.88463,-2.3993,-0.12892,-0.13979,0.23082,0.85087,-1.5747,0.48032,-2.1941,-0.21492,-0.80068,0.68469,-0.38998,-2.4888,-1.7324,-0.67339,0.28719,-1.3502,-0.62135,-1.4045,0.53616,-2.7313,-1.8547,-1.5046,-2.4341,-4.9307,-0.71498,0.20859
-1.5864,-1.4214,-1.6256,-0.68354,-2.5131,-2.4185,-0.060094,-5.5596,-1.259,1.916,1.8192,-0.73976,0.65483,1.1177,-0.20825,-2.0476,-0.55352,0.41757,-0.91748,-0.75357,-0.28646,-0.059827,0.12616,1.1587,-0.53534,-1.9791,-1.833,0.46465,0.24237,0.93179,-1.8123,0.12879,0.53758,-0.69206,-0.32908,-0.067037,-1.6018,-0.030072,-5.6454,-3.0523,-0.69275,1.0446,-2.239,-1.979,-1.6002,-2.339,-1.0435,4.2345,-0.79544,-2.7258,-0.53057,-4.3464,0.54805,-0.56593,-1.2585,-2.6397,0.89733,-0.36897,-1.4918,-1.4389,-1.6457,-2.739,-0.66356,-4.7034,-2.9996,-1.514,0.099282,0.0086697,-3.2981,0.3919,-2.0907,0.64547,-1.1598,-2.3008,-0.23878,-0.18156,0.41547,1.0448,-1.6609,0.68077,-2.5246,-0.36985,-0.6395,1.0469,-0.527,-2.2833,-1.5674,-0.74764,0.40387,-1.173,-0.96562,-1.3699,0.57029,-2.548,-2.1843,-1.5716,-2.4562,-5.0011,-0.8481,0.43091
-1.4997,-1.7982,-1.7089,-0.79561,-2.1012,-2.3595,-0.028342,-5.6227,-0.96423,2.1558,1.6358,-0.66117,0.93487,1.2583,-0.70945,-2.3166,-0.51181,0.62896,-1.2317,-0.78596,-0.31473,-0.088375,0.11493,1.1648,-0.75908,-2.0678,-1.9205,0.49261,0.22181,0.75274,-1.5543,-0.098073,0.66728,-0.57249,-0.078417,-0.1402,-1.8226,-0.19572,-5.6095,-3.0095,-0.63486,1.1444,-2.5305,-2.4505,-1.8682,-2.404,-1.2568,4.5411,-1.0984,-3.1061,-0.48286,-4.4291,0.34662,-0.94577,-0.84807,-2.5832,0.8827,-0.64651,-1.1194,-1.2938,-1.9505,-2.7843,-0.6718,-4.6482,-3.3156,-1.8497,0.37327,0.41778,-2.7969,0.392,-1.9318,1.0732,-1.5788,-2.2796,-0.085025,0.040475,0.30872,0.58462,-1.6852,0.73468,-2.285,-0.38227,-0.31127,0.96093,-0.65215,-2.4916,-1.5506,-1.2352,0.83779,-1.2262,-1.194,-1.6309,0.50547,-2.5977,-1.8904,-1.6385,-2.3675,-4.8588,-0.49635,0.36802
-1.6814,-1.7308,-1.9026,-0.92066,-2.2813,-2.4532,-0.1923,-5.3913,-1.2582,2.3584,1.5689,-0.89974,0.9697,1.1281,-1.1002,-2.4243,-0.48445,0.63565,-1.4184,-0.91386,-0.20303,-0.32583,0.096619,1.4385,-0.67444,-2.1777,-2.1824,0.23541,0.28236,0.88314,-1.7847,-0.16466,0.7169,-0.67577,0.18197,-0.34157,-2.1081,0.14798,-5.7224,-2.7178,-0.48442,1.1027,-2.6822,-2.5299,-1.5795,-2.2257,-1.3737,4.5182,-1.2103,-3.1307,-0.25196,-4.4499,0.36111,-1.067,-0.52162,-2.8513,0.77811,-0.27924,-1.1705,-1.5312,-1.8542,-3.2234,-0.73378,-4.7087,-3.7966,-1.6351,0.25567,0.22159,-3.0186,0.46529,-1.7332,0.83888,-1.7092,-2.0838,-0.12796,-0.23834,0.49236,0.21091,-2.0038,0.80968,-2.5373,-0.5733,-0.083813,1.1011,-1.1202,-2.3847,-1.5565,-0.90629,0.61379,-1.0684,-1.3189,-1.6163,0.44726,-2.4848,-1.9323,-1.8941,-2.4142,-4.9292,-0.1567,0.037479
-1.5774,-1.899,-2.0364,-0.74981,-2.425,-2.2588,0.089794,-5.7122,-1.1361,2.3894,1.6611,-0.95343,1.3177,1.0927,-0.77633,-2.5012,-0.77462,0.76878,-1.4965,-0.82441,-0.52735,-0.64419,0.32155,1.6385,-0.57221,-2.3912,-1.9273,0.3872,0.31134,1.0898,-1.4999,-0.10805,1.0856,-0.80432,0.20261,-0.23197,-2.2363,0.071731,-6.1226,-2.6784,-0.78454,0.71724,-2.9291,-2.9526,-1.8565,-1.9539,-1.1881,4.6629,-1.1415,-3.258,-0.69846,-4.4228,0.46718,-0.83412,-0.66108,-3.169,1.2332,-0.57216,-1.1743,-1.6567,-2.2992,-3.1871,-0.43459,-4.7385,-3.614,-1.5016,0.32031,0.062128,-3.0175,0.48818,-1.9915,0.53132,-1.6084,-2.3565,-0.18125,-0.43286,0.51787,-0.21798,-1.5803,0.74984,-2.4315,-0.70513,-0.094093,1.0214,-1.1133,-2.5077,-1.9197,-0.94888,0.27457,-1.0672,-1.0683,-1.3859,0.38301,-2.0611,-1.8981,-2.2067,-2.3781,-4.6799,-0.20213,0.064505
-1.1774,-1.6272,-1.8044,-1.06,-2.5836,-2.249,0.21541,-6.0468,-1.0511,2.3219,1.8775,-1.3735,1.1075,0.97531,-0.64268,-2.8965,-0.43662,0.71244,-1.1203,-0.66024,-0.93225,-0.28724,0.17535,1.6696,-0.85934,-2.3007,-1.7951,0.017437,0.10175,1.1387,-1.8423,0.22364,1.127,-1.2066,0.18243,-0.092294,-2.0092,0.13531,-6.7296,-2.3097,-0.97722,0.91015,-2.7213,-3.3938,-1.8394,-2.3791,-1.4875,4.8204,-1.394,-3.3163,-0.6469,-4.5679,0.33126,-0.6875,-0.4818,-3.0964,1.1754,-0.83396,-0.99717,-1.4126,-2.5358,-3.5645,-0.51997,-4.844,-3.8443,-1.5212,0.49059,-0.16781,-2.9057,0.61785,-1.9773,0.57304,-1.7214,-2.1002,-0.22875,-0.54839,0.13455,-0.31444,-1.8598,0.70785,-2.1649,-0.45307,0.24777,0.98914,-0.92672,-2.523,-2.0926,-1.374,0.36209,-1.0192,-1.0057,-1.4695,0.57885,-1.5893,-1.889,-2.3904,-2.1588,-5.0324,-0.42584,-0.18362
-1.3231,-1.3754,-1.628,-0.77161,-2.4912,-2.1903,0.51684,-6.1912,-1.0012,2.3271,1.8362,-1.1974,1.2674,1.2382,-1.0015,-2.9116,-0.56382,0.46244,-1.2347,-0.8252,-0.58516,-0.48292,0.21618,1.5413,-0.48063,-2.4279,-1.7105,-0.27829,-0.31026,0.68357,-1.7627,0.45316,0.80708,-1.2755,-0.17818,-0.011558,-2.0668,-0.089107,-6.8243,-2.3467,-0.77807,0.89288,-2.4364,-3.2376,-1.7741,-2.3167,-1.5522,4.9269,-1.203,-3.334,-0.48952,-5.0188,0.52159,-0.57788,-0.36777,-2.948,1.1099,-0.85957,-0.88701,-1.1463,-2.5317,-3.8683,-0.90146,-5.3671,-4.2588,-1.4025,0.82994,-0.41305,-2.6643,0.52553,-1.8254,0.69203,-1.9266,-1.7131,-0.69364,-0.45365,0.36812,0.027088,-2.1588,0.47245,-2.2236,-0.15675,0.17454,1.3404,-1.1319,-2.4337,-2.1117,-1.3138,0.61443,-1.1318,-1.1549,-1.4464,0.54479,-1.5739,-1.8274,-2.3592,-2.3451,-5.139,-0.64226,0.088473
-1.2139,-1.0722,-1.6035,-0.82833,-2.3619,-1.7425,0.27609,-6.1059,-0.92213,2.1284,1.7988,-1.2184,1.1454,1.326,-1.2446,-2.985,-0.41048,0.6085,-1.5096,-0.68331,-0.64176,-0.88134,-0.0031797,1.7608,-0.15577,-2.45,-2.1256,-0.1765,-0.37309,0.74992,-2.1309,0.84925,0.49332,-1.2235,-0.24957,-0.0067471,-2.2066,-0.054884,-6.981,-2.5455,-1.1834,0.841,-2.1829,-3.3256,-1.8377,-2.1978,-1.7563,4.7251,-1.1855,-3.1677,-0.11586,-5.0592,0.6429,-0.90463,-0.49774,-3.305,1.5023,-0.86207,-0.82952,-1.1002,-2.4244,-4.1182,-0.67188,-5.4917,-4.4469,-1.0245,0.4064,-0.40951,-2.2405,0.11761,-1.7173,1.0134,-2.0211,-2.0399,-0.68793,-0.51033,0.33046,-0.32873,-1.9827,0.38313,-2.3709,0.18826,0.011726,1.1532,-1.3014,-2.078,-1.8437,-1.4325,0.86746,-1.298,-1.2831,-1.628,0.81023,-1.7793,-1.6466,-2.0777,-2.0483,-5.1736,-0.34067,0.31228
-1.0047,-1.491,-1.6638,-1.0257,-2.6739,-1.9566,0.068643,-5.8854,-0.9617,2.1775,1.6291,-1.5497,1.3617,1.59,-1.3053,-2.7376,-0.62427,0.65969,-1.6012,-0.46383,-0.63646,-0.7251,-0.27515,1.6003,-0.040011,-2.1023,-2.4647,-0.58238,-0.83472,0.90538,-2.4595,1.2478,0.43662,-1.1046,-0.50061,-0.42666,-2.0763,-0.42305,-7.0347,-2.5581,-1.2125,1.2002,-1.8458,-3.6579,-1.7768,-1.828,-1.833,4.4423,-1.059,-3.2543,0.25231,-5.0278,0.66823,-0.88356,-0.27603,-3.3949,1.4712,-0.84603,-0.93744,-1.042,-2.589,-4.3766,-0.53204,-5.3738,-4.6728,-1.2662,0.24185,-0.3923,-2.0852,0.085119,-1.567,1.0442,-2.1127,-1.6874,-0.39231,-0.51891,0.2297,-0.38081,-2.2417,0.11084,-2.6914,0.26578,-0.23958,0.9237,-1.2144,-1.7162,-1.873,-1.5549,0.57556,-1.5074,-1.1459,-1.6325,0.61091,-1.8245,-1.2187,-2.1652,-2.1326,-5.6826,-0.60818,0.34453
-0.95798,-1.7416,-2.0217,-0.78922,-2.8834,-2.1493,-0.24516,-5.5806,-1.1012,2.6129,1.3517,-1.2766,1.4129,1.7731,-1.6455,-2.7233,-0.82014,0.7843,-1.7764,-0.27325,-0.59555,-1.0946,-0.21166,1.63,-0.41925,-2.0893,-2.4651,-0.84553,-0.4939,0.83645,-2.3335,1.5278,0.39767,-0.67837,-0.7043,-0.099692,-1.8188,-0.37817,-7.336,-2.2652,-0.88026,0.8556,-1.5812,-3.7655,-1.4547,-1.7991,-2.1423,4.142,-1.0054,-3.4284,0.19587,-5.0649,0.49443,-1.1183,-0.62069,-3.5802,1.4521,-0.74883,-0.71538,-0.65307,-2.6976,-4.5263,-0.81811,-5.6875,-4.6282,-1.1404,0.19946,-0.36825,-1.7504,0.13298,-1.3975,1.3308,-2.4754,-1.5789,-0.71913,-0.35461,-0.17271,-0.46167,-2.4872,0.18398,-3.0579,0.53809,-0.28058,1.0999,-0.93971,-1.8754,-1.8503,-1.54,0.3738,-1.4474,-1.4091,-1.4206,0.58895,-1.8144,-1.5703,-2.4944,-1.7929,-5.8614,-0.95999,0.29227
-1.242,-1.4302,-1.8959,-1.0316,-3.1557,-1.9506,-0.38478,-5.7159,-1.1359,2.5008,1.8144,-1.0674,1.1033,1.3726,-1.6227,-2.7599,-0.32822,0.46865,-1.6999,-0.63812,-0.80879,-0.72887,-0.044766,1.6208,-0.5126,-1.9806,-2.1757,-1.3032,-0.34478,0.82675,-2.1112,1.5716,0.71812,-0.91695,-0.84952,-0.14612,-1.8772,-0.36865,-7.3611,-1.8813,-1.2258,0.81071,-1.6782,-3.8109,-1.4118,-1.9579,-2.2471,4.4168,-0.97895,-3.1412,0.064202,-5.3337,0.86197,-0.92065,-0.52801,-3.4418,1.1704,-0.93176,-0.30764,-0.57138,-2.8162,-5.0098,-0.54521,-6.0286,-4.6949,-1.4245,-0.1588,-0.32079,-1.3768,-0.024042,-1.4044,1.6957,-2.2495,-1.4736,-0.62201,-0.53692,-0.1438,-0.46576,-2.2432,0.54768,-3.1564,0.55207,-0.30803,1.1558,-1.0658,-2.0384,-1.7715,-1.4928,0.63519,-1.3684,-1.1304,-1.2928,0.29713,-2.1064,-1.7791,-2.8791,-1.8483,-5.5777,-0.91943,0.27121
-0.84997,-1.239,-1.8163,-1.002,-3.1428,-2.3534,-0.611,-5.7344,-0.7236,2.5209,2.0406,-1.2486,0.98022,1.0685,-1.564,-3.1738,-0.16677,0.61402,-1.6965,-0.3796,-0.75311,-0.78058,-0.04053,1.4659,-0.53905,-2.1658,-2.188,-1.0241,-0.79278,0.91012,-2.0223,1.6272,0.51684,-1.03,-0.61055,0.082361,-2.1053,-0.28318,-7.1475,-1.8889,-1.2381,0.50423,-1.5874,-3.7774,-0.9167,-2.4078,-2.3361,4.4199,-0.77382,-3.2147,0.25778,-5.3227,0.76822,-0.62196,-0.78027,-3.2621,1.233,-0.90069,0.086418,-0.16836,-2.9262,-4.7157,-0.8921,-5.7796,-4.6568,-1.5099,-0.32032,-0.38268,-1.2063,-0.074806,-1.3336,1.836,-2.4029,-1.4519,-0.6702,-0.46985,-0.3369,-0.71681,-1.8769,0.53268,-3.2968,0.59785,-0.21264,0.98262,-1.0896,-1.9689,-1.4668,-1.398,0.56709,-1.6554,-0.723,-1.1795,0.39826,-2.1768,-1.4507,-2.8407,-1.4764,-5.733,-0.57762,-0.072681
-0.76329,-0.88988,-1.627,-0.98446,-3.3087,-2.2953,-0.61636,-5.8359,-1.0205,2.8477,1.8174,-0.9402,0.84039,1.1337,-1.5275,-3.2612,0.1515,0.55036,-1.4467,-0.34652,-0.60235,-0.508,0.16937,1.4713,-0.11755,-2.2647,-1.8306,-0.83153,-0.76392,0.65753,-1.7467,1.6366,0.5604,-1.0719,-0.51867,0.080367,-2.2525,-0.24969,-7.2946,-1.9609,-1.1453,0.88888,-1.5955,-3.9736,-0.51618,-2.3578,-2.6585,4.4839,-0.98972,-3.2655,0.353,-5.6851,0.95226,-0.76777,-0.67689,-3.4092,0.95806,-1.135,0.43709,-0.13456,-3.0084,-4.7755,-1.3352,-5.6306,-4.6743,-1.3258,-0.37334,-0.38449,-1.1415,0.3198,-1.237,1.5505,-2.1006,-1.346,-0.66003,-0.26653,-0.25141,-1.0414,-2.1488,0.50099,-3.2438,1.015,0.050885,0.96916,-1.0658,-2.0591,-1.722,-1.1245,0.37642,-2.035,-0.40813,-1.142,0.73955,-1.7511,-1.566,-2.8984,-1.2984,-5.6932,-0.76215,0.37116
-0.46453,-1.0653,-1.6773,-1.2666,-3.1294,-2.2547,-0.61274,-5.7607,-0.89894,2.9035,1.7387,-1.0218,0.70705,0.95597,-1.762,-3.3489,0.16144,0.60233,-1.5415,0.071605,-0.81288,-0.50807,0.049409,1.6468,-0.23526,-1.9766,-1.8463,-1.0439,-0.36963,0.70059,-1.7546,1.7127,0.36639,-0.86789,-0.22801,0.44761,-2.1715,-0.011531,-7.4751,-1.7971,-1.0158,1.2064,-1.3582,-3.9238,-0.29052,-2.3847,-2.2963,4.2503,-0.84045,-3.2055,0.33234,-5.5235,0.62703,-0.80943,-0.45785,-3.368,0.98809,-1.2625,0.11059,-0.35858,-3.2088,-4.6199,-1.1657,-5.6798,-4.8154,-1.3873,-0.52357,-0.68417,-0.68279,0.60304,-1.2633,1.6428,-1.7293,-1.3024,-0.81667,-0.27662,-0.51138,-1.3439,-1.8688,0.78988,-3.669,1.0119,-0.24279,1.1079,-1.0321,-2.0315,-1.8887,-0.77857,0.49726,-2.0252,-0.48683,-0.90743,0.68908,-1.988,-1.4682,-3.0305,-1.216,-5.5201,-0.81197,0.3356
-0.55831,-0.97286,-1.4587,-1.3692,-2.9025,-2.4538,-0.65763,-5.5232,-0.70452,2.9958,1.9575,-0.91562,1.0039,0.83643,-1.9509,-3.3088,0.24921,0.60401,-1.3281,0.17872,-0.75314,-0.40403,-0.26586,1.6936,-0.59494,-1.7629,-1.6252,-1.5336,-0.57129,0.24885,-1.5839,1.3544,0.34639,-0.8385,-0.19893,0.45118,-1.9096,0.12653,-7.5766,-1.7188,-1.0233,0.88203,-1.509,-4.0557,0.052945,-2.2144,-2.2501,4.3774,-0.81336,-3.4711,0.2614,-5.7007,0.46974,-0.84409,-0.30532,-3.6065,1.3028,-1.5428,0.39089,-0.33018,-3.2893,-4.3906,-1.0672,-6.0486,-4.592,-1.5511,-0.53699,-0.65149,-0.6126,0.53131,-0.9445,1.918,-1.6376,-1.5518,-0.48305,-0.47397,-0.48767,-1.1455,-1.8869,0.64334,-3.5062,0.95297,-0.56449,1.0201,-1.0698,-2.1502,-1.7156,-0.96661,0.17504,-2.0025,-0.72247,-0.98002,1.0762,-2.0646,-1.8006,-2.6989,-1.2148,-5.26,-0.91787,0.009141
-0.46208,-0.92697,-1.2029,-1.6836,-2.6808,-2.6058,-0.80802,-5.461,-0.40015,2.9563,2.0243,-0.74741,0.97666,0.75084,-1.5881,-3.5193,-0.074745,0.534,-1.5371,0.48392,-0.73881,-0.18451,-0.13929,1.6575,-0.8346,-1.989,-1.9728,-1.4146,-0.31642,0.19186,-1.5467,1.5684,-0.0032258,-0.66781,-0.3153,0.46652,-2.0746,0.086935,-7.7829,-1.7831,-0.96456,0.87701,-1.4438,-3.9612,0.15944,-2.1895,-2.2343,4.7401,-0.34674,-3.3907,0.27036,-5.2896,0.58317,-0.93421,-0.55155,-3.3806,0.9769,-1.6685,0.11816,-0.035557,-2.9019,-4.6591,-0.97219,-6.0621,-4.8045,-1.5452,-0.39986,-0.58338,-0.1814,0.4865,-0.82094,1.9019,-1.2864,-1.779,-0.72826,-0.25853,-0.56351,-1.3243,-1.8185,0.63789,-3.3346,0.90003,-0.77224,1.1866,-1.4083,-2.2392,-1.8598,-1.1482,0.44237,-2.0796,-0.56639,-0.94609,0.68784,-1.7689,-1.7494,-2.6875,-1.1338,-5.1738,-0.99044,0.20947
-0.47039,-0.66643,-1.2329,-1.6443,-2.6589,-2.8706,-0.80396,-5.7244,-0.67798,3.3455,2.4208,-0.77882,0.92712,0.65411,-1.7916,-3.8821,-0.043561,0.46028,-1.5559,0.51774,-1.096,-0.0053944,-0.24415,1.9347,-0.4515,-1.9989,-1.9804,-1.7417,-0.25111,0.25006,-1.6392,1.6131,-0.076844,-0.61745,-0.32445,0.34175,-2.0635,0.051592,-7.5547,-1.933,-1.3126,0.83688,-1.8208,-3.9958,-0.080753,-2.0711,-2.1022,4.7025,-0.18591,-3.8143,0.47557,-4.9811,0.32903,-0.86261,-0.93908,-3.131,0.59381,-1.6636,-0.048416,-0.11903,-2.5309,-4.9887,-1.0223,-6.111,-5.0817,-1.3422,-0.36446,-0.34338,-0.12599,0.20117,-0.95957,1.7091,-0.96277,-1.472,-0.85697,-0.30082,-0.50364,-1.6004,-2.2066,0.82078,-3.0763,1.0372,-0.78178,1.389,-1.0335,-2.4291,-1.7633,-1.3166,0.72815,-2.2979,-0.66288,-0.56976,0.34276,-1.4256,-1.8033,-2.8335,-0.81066,-5.5358,-0.71082,0.094088
-0.83009,-0.74025,-1.5758,-1.4819,-2.959,-2.6659,-0.86384,-5.9061,-0.74552,3.5985,2.6571,-0.62343,0.87877,0.84583,-1.6567,-4.2209,-0.37431,0.88818,-1.5257,0.91452,-1.0092,-0.3172,0.057553,1.7771,-0.11233,-1.5372,-1.8612,-1.8491,-0.32682,-0.091427,-1.3802,1.9277,0.31713,-0.16949,-0.4263,0.38842,-1.6406,-0.022022,-7.683,-1.9092,-1.5805,0.69444,-2.0147,-4.112,0.12917,-2.0625,-1.8097,4.968,-0.3741,-3.7985,0.72893,-5.2577,0.049802,-0.668,-1.2528,-3.1731,0.72508,-1.4624,-0.42764,-0.12658,-2.4829,-4.9703,-0.87899,-5.9659,-4.7459,-1.3698,-0.60601,-0.39361,-0.29224,-0.026541,-0.72868,1.6169,-1.2393,-1.1685,-0.9604,-0.65981,-0.57483,-1.68,-2.1762,0.86803,-3.1322,1.4606,-1.0522,1.1576,-0.67335,-2.3301,-2.1191,-1.7473,0.81913,-2.3174,-0.52854,-0.62124,0.45901,-1.5022,-1.9866,-3.0069,-1.0812,-5.6724,-0.77235,0.035865
-0.45022,-0.85091,-1.7979,-1.2768,-2.6234,-2.7193,-0.47209,-5.8926,-0.45816,3.5133,2.8832,-0.47164,1.0897,0.60905,-1.9025,-4.2356,-0.56836,0.93608,-1.0973,0.93622,-1.1043,-0.2038,-0.30467,1.7451,-0.15768,-1.4989,-2.0934,-1.943,-0.56323,-0.15312,-0.95451,1.7072,-0.058822,-0.292,-0.4269,0.46115,-1.6062,0.32672,-7.7087,-1.4992,-1.5332,0.71319,-1.8786,-4.3025,0.2096,-2.2634,-1.8729,4.9765,-0.65611,-3.6515,0.67891,-5.6503,-0.046116,-0.57375,-1.2622,-2.9189,0.61252,-1.1135,-0.28354,-0.067152,-2.7766,-5.4025,-0.87495,-6.3556,-5.1592,-1.4439,-0.43963,0.045266,-0.39915,0.00071673,-0.51558,1.7836,-1.1236,-1.5004,-1.0337,-0.52942,-0.77344,-1.9578,-2.0124,0.88466,-3.4747,1.5362,-0.72164,1.2744,-1.0013,-2.2954,-1.6871,-1.469,0.79635,-2.5551,-0.25224,-0.49761,0.76397,-1.3033,-1.8028,-2.9876,-0.95737,-5.6088,-0.68433,0.40353
-0.52237,-0.5326,-1.3895,-1.2999,-2.6169,-2.5791,-0.18921,-5.7015,-0.23225,3.354,2.9539,-0.60268,0.91571,0.46636,-1.6304,-4.3895,-0.46204,0.78716,-1.2161,1.1755,-1.0506,-0.018446,-0.41978,1.5226,-0.13529,-1.6679,-2.0212,-2.426,-0.63626,-0.43522,-1.0254,1.3707,-0.20068,-0.16411,-0.78699,0.072916,-1.1871,0.27172,-7.7112,-1.2792,-1.2651,0.63718,-1.8179,-4.7453,0.024609,-2.0439,-1.8239,5.0198,-0.69577,-3.4161,0.58242,-5.7863,0.0032577,-0.99877,-1.2644,-2.821,0.31668,-1.034,-0.39056,-0.050456,-3.1748,-5.508,-1.0507,-6.1784,-5.3587,-1.5233,-0.72654,0.25089,-0.3746,-0.26202,-0.48342,2.1486,-1.1853,-1.2474,-0.687,-0.52767,-0.81834,-2.2002,-1.9087,0.54471,-3.9706,1.8287,-0.46199,1.0192,-0.9347,-2.3028,-2.0361,-1.7151,1.2294,-2.1846,-0.057105,-0.2614,0.31768,-1.414,-1.8521,-3.1743,-1.1072,-5.6086,-0.38376,0.63903
-0.16914,-0.17533,-1.0657,-1.1494,-2.6146,-2.5388,-0.37808,-5.9075,-0.39364,3.6928,3.0793,-0.59562,0.99552,0.61984,-1.5536,-4.6561,-0.04937,0.88275,-1.2998,1.1973,-1.2419,-0.10124,-0.75357,1.9148,0.32953,-1.4412,-1.7419,-2.8151,-0.20791,-0.70958,-0.83734,1.4796,0.041081,0.023398,-0.89166,-0.03131,-1.4237,0.21063,-8.0962,-1.4088,-1.2365,0.97082,-1.7644,-4.9026,0.29443,-1.776,-1.5936,4.6887,-1.039,-3.2698,0.79857,-5.4501,-0.065065,-1.2526,-1.5286,-3.0317,0.54149,-0.99669,-0.42348,-0.26983,-2.9048,-5.3526,-1.2725,-6.1578,-5.5184,-1.6052,-0.72284,0.631,-0.63,-0.28664,-0.57492,2.5151,-1.4092,-1.1497,-0.49963,-0.54273,-0.63753,-1.886,-2.0905,0.34151,-4.0835,2.3338,-0.1197,0.92314,-0.76305,-2.208,-2.4586,-1.4755,1.3592,-2.1421,-0.1988,-0.36747,0.17593,-1.4141,-1.6969,-3.0106,-1.0839,-5.6838,-0.62295,0.59443
-0.37677,-0.12964,-1.3636,-1.1585,-2.7864,-2.4178,0.04421,-5.8875,-0.43794,4.0481,3.181,-0.24384,1.0526,0.45723,-1.3144,-4.9652,-0.18246,0.83984,-1.211,1.0454,-1.0919,0.11824,-1.0483,1.9685,0.31595,-1.2862,-1.9842,-2.9051,-0.19829,-0.47556,-0.99697,1.4644,0.31816,-0.053029,-1.138,0.38716,-1.55,0.17342,-8.4274,-1.4521,-1.1675,0.99185,-1.9888,-5.2612,0.56141,-1.3919,-1.8396,4.7776,-0.92162,-3.6763,0.40721,-5.3968,-0.28523,-1.2768,-1.644,-2.78,0.35119,-1.2637,-0.47461,-0.21723,-3.1644,-5.4334,-1.2759,-6.0577,-5.4655,-1.9974,-1.0342,0.30462,-0.63395,-0.43835,-0.57487,2.7593,-1.5424,-1.047,-0.54358,-0.47721,-0.63248,-2.0645,-1.9316,0.39561,-3.9206,2.5097,-0.14358,1.0561,-0.93202,-2.2059,-2.0918,-1.1239,1.7611,-2.0405,-0.065525,-0.77996,0.59007,-1.3577,-1.7364,-2.9371,-0.8584,-5.6887,-0.95031,0.41173
-0.35067,-0.15691,-1.1245,-1.5245,-2.6246,-2.0938,0.18988,-5.9845,-0.39085,3.8965,3.6084,-0.18475,0.83879,0.51767,-1.2676,-5.1866,-0.14907,1.1116,-1.1631,1.0306,-0.90522,-0.20697,-0.71582,2.0348,0.6099,-0.94247,-1.89,-2.9155,0.135,-0.57966,-0.63923,1.4532,0.1991,-0.10441,-1.3447,0.30961,-1.2061,0.27214,-9.0374,-1.7274,-1.4437,0.98542,-2.0507,-5.4068,0.90592,-1.6441,-1.5561,5.0065,-0.87177,-3.9373,0.43274,-5.5671,-0.24432,-1.3018,-1.7976,-2.5388,0.40032,-1.2205,-0.47142,0.087968,-2.924,-5.5362,-1.2238,-5.8898,-5.3534,-1.9678,-0.66174,0.22494,-0.73397,-0.50905,-0.51611,2.7802,-1.2022,-1.0465,-0.50614,-0.45549,-0.66454,-1.8484,-1.9511,0.66883,-4.1247,2.5574,-0.31987,1.4318,-0.54489,-2.3458,-1.7222,-1.2369,1.6668,-2.0751,-0.31579,-1.113,0.30229,-1.2218,-1.5617,-2.9571,-0.92739,-5.4578,-1.2718,0.42465
-0.15095,-0.67168,-0.90976,-1.1177,-2.756,-1.9594,0.16445,-5.7806,-0.33819,4.3167,4.0842,-0.18689,0.81786,0.52828,-1.367,-5.7051,0.019591,1.3081,-0.84172,1.3156,-0.56432,-0.14904,-0.7002,2.0408,0.32412,-0.6427,-2.1117,-2.9743,0.13301,-0.63881,-0.59246,1.6487,0.50133,-0.16147,-1.4112,0.3163,-0.78488,0.2874,-9.1794,-1.7111,-1.378,1.3017,-2.4432,-5.6214,1.0085,-1.6958,-1.1476,5.1396,-0.73772,-3.5896,0.62315,-5.8656,-0.27928,-1.1612,-1.7758,-2.6007,0.32235,-1.1211,-0.45199,0.0084985,-3.0438,-5.9615,-1.5353,-5.6828,-5.1584,-1.5721,-0.41037,0.2737,-0.63895,-0.73246,-0.37969,2.8972,-0.84103,-1.3166,-0.13138,-0.51299,-0.67674,-1.7596,-2.1054,0.82027,-4.1224,2.6063,-0.67401,1.3069,-0.49337,-2.021,-1.7159,-1.0846,1.5396,-2.1337,-0.12435,-1.281,0.067046,-1.4017,-1.1851,-3.0099,-0.84379,-5.5453,-1.416,0.42081
0.013821,-0.92002,-1.0447,-1.1232,-2.8086,-2.0659,-0.012315,-5.6718,-0.4559,4.6068,4.4265,-0.39168,0.50932,0.76502,-1.3298,-5.8355,-0.19901,1.0075,-0.68122,1.2231,-0.51235,-0.063621,-0.68458,2.4582,0.57434,-0.95396,-1.9628,-2.8417,0.14213,-0.4766,-0.82473,1.6526,0.71415,-0.47465,-1.1731,0.347,-0.95164,0.026633,-9.4618,-1.7448,-1.023,1.4175,-2.4631,-6.1813,0.86707,-1.7401,-1.3422,5.3335,-0.66562,-3.76,0.55924,-5.6488,-0.46027,-0.91123,-1.917,-2.6274,0.52654,-0.67454,-0.39236,-0.05255,-3.3692,-6.2339,-1.2683,-6.1395,-5.5688,-1.5419,-0.35277,0.34359,-0.72737,-0.63348,-0.17704,2.7689,-0.8814,-1.6467,-0.23751,-0.19094,-0.70311,-1.8163,-2.4389,0.55479,-4.4802,2.8609,-0.51834,1.154,-0.070994,-2.0466,-1.5977,-1.0665,1.9783,-2.1268,-0.33285,-1.2306,-0.228,-1.3713,-1.0037,-3.0512,-0.8621,-5.5814,-1.3139,0.30484
0.3934,-0.73115,-0.78996,-1.4574,-2.6553,-1.8445,-0.38171,-5.6206,-0.76493,4.7032,4.6209,-0.60945,0.54812,0.723,-1.152,-6.2098,-0.33894,0.92641,-0.69965,1.2596,-0.55484,-0.16591,-1.0468,2.1542,0.84753,-0.93111,-1.8014,-3.0276,0.25417,-0.44893,-0.90822,1.7906,0.71021,-0.36999,-1.4808,0.6479,-0.72546,0.032671,-9.6828,-2.1128,-1.0363,1.2729,-2.2921,-6.1888,0.63611,-1.9277,-1.4403,5.8086,-0.69274,-3.8116,0.66608,-6.0959,-0.42269,-1.3307,-1.9889,-2.7158,0.47321,-0.51531,-0.54602,-0.0416,-3.5639,-6.0599,-1.4749,-6.1503,-5.6807,-1.8262,-0.49655,0.29082,-0.79133,-0.79746,-0.6626,2.5093,-0.89519,-1.8181,-0.090664,-0.15676,-0.67079,-2.1363,-2.4026,0.31287,-4.5996,2.8747,-0.45728,1.4023,-0.43213,-1.9716,-1.6684,-1.4695,2.1278,-2.431,-0.52884,-1.2026,-0.2664,-1.5984,-1.0894,-3.0708,-0.45777,-5.9485,-1.6749,0.32722
0.26403,-0.78794,-0.51176,-1.795,-2.6298,-1.962,-0.38869,-5.9536,-0.79691,4.8275,4.7526,-0.80282,0.588,0.93611,-1.1218,-6.6725,0.074606,0.66891,-0.69326,0.92949,-0.068992,-0.66387,-1.1054,2.1493,0.67288,-0.91147,-1.5589,-2.817,-0.057872,-0.48573,-1.0351,1.8002,0.57031,-0.44009,-1.5812,0.99959,-1.0434,0.0083322,-9.4503,-2.3294,-1.0205,0.95638,-2.3284,-6.5258,0.53696,-1.8251,-1.386,5.4984,-0.45751,-4.135,1.01,-6.2338,-0.40567,-1.2278,-1.9526,-2.8744,0.77509,-0.25881,-0.39843,-0.099137,-3.3948,-6.2657,-1.2979,-6.2411,-5.3757,-1.6708,-0.58994,-0.055325,-0.66637,-0.74377,-0.63512,2.6203,-0.83157,-1.591,-0.26643,-0.011627,-0.72615,-2.1579,-2.3693,-0.034192,-4.6739,2.5368,-0.27985,1.4135,-0.44041,-2.1414,-1.5636,-1.4331,2.1915,-1.9976,-0.80985,-1.2673,-0.36348,-1.3447,-1.3728,-2.6964,-0.74306,-5.9203,-1.6886,0.36953
-0.060961,-0.41092,-0.1535,-2.1536,-2.854,-2.2,-0.31878,-5.8062,-1.0458,4.8725,5.2435,-0.8864,0.31755,1.2546,-1.016,-6.8061,0.16354,0.84068,-0.67165,0.9099,-0.017271,-0.66933,-1.1189,1.9492,0.70728,-0.86025,-1.5537,-2.6087,0.33799,-0.70727,-1.1185,1.807,0.15024,-0.51009,-1.5145,1.0318,-1.3488,-0.04101,-9.4668,-2.29,-1.019,0.61865,-2.0309,-6.9786,0.75311,-1.7503,-1.1532,5.5075,-0.33684,-4.2993,0.65194,-6.3587,-0.48222,-1.2041,-1.5341,-3.1135,0.95042,-0.55749,-0.35395,-0.030759,-3.2481,-5.9285,-1.4052,-6.7727,-5.5097,-1.9148,-0.63966,0.17686,-0.84937,-0.24619,-0.73247,2.5244,-0.7038,-1.4582,-0.12372,0.026487,-0.57798,-2.4786,-2.2504,0.29121,-4.6942,2.7211,-0.25184,1.0994,-0.57461,-1.7596,-1.5432,-1.4249,2.1443,-1.6571,-0.83329,-1.2136,-0.29044,-1.0027,-0.99148,-2.7587,-0.8739,-5.6088,-2.0755,0.19581
0.029864,-0.30942,-0.49123,-2.1742,-2.5019,-2.2336,-0.66665,-5.9181,-1.3404,5.0186,5.1067,-1.0097,0.096201,1.3088,-0.97393,-6.5105,-0.14777,0.58009,-1.0698,1.0042,-0.015379,-0.83124,-0.90092,2.1203,0.98983,-0.80062,-1.8217,-2.4629,0.61138,-1.1553,-1.1303,1.7465,0.13864,-0.32876,-1.2269,0.81166,-0.84376,-0.19843,-9.5461,-2.5694,-0.78463,0.74385,-2.1962,-6.8383,0.86541,-2.1782,-1.0271,5.5151,-0.4747,-4.7014,0.61701,-6.0826,-0.2668,-1.2648,-1.4473,-2.7826,0.77435,-0.77806,-0.17833,-0.36237,-3.3438,-6.0739,-1.6793,-6.5467,-5.7335,-1.738,-0.51524,0.095731,-0.80696,-0.020907,-0.69875,2.4318,-0.7136,-1.4751,-0.40965,0.19546,-0.52811,-2.6651,-1.944,0.27475,-4.914,2.5174,-0.09237,1.2073,-0.10547,-1.3596,-1.4489,-1.3,1.9427,-1.9097,-1.0536,-1.212,-0.44201,-1.1223,-1.3261,-2.8579,-0.34972,-5.3883,-2.2869,-0.14482
0.11596,-0.42463,-0.44981,-2.1754,-2.1416,-2.3112,-0.96749,-5.9701,-1.3114,5.1982,5.2533,-1.1042,0.49971,1.4884,-1.0101,-6.5314,-0.10452,0.68942,-1.2142,0.92777,-0.34888,-0.92376,-0.54011,1.6888,0.99321,-0.89201,-1.6844,-2.6475,0.27069,-1.1943,-1.2498,1.9847,0.26543,-0.36711,-1.4327,1.0134,-0.64243,-0.0037661,-10.022,-2.4546,-0.70118,0.42681,-2.4634,-7.1246,0.76246,-1.725,-0.7654,5.587,-0.45338,-4.8047,0.38207,-6.184,-0.41949,-1.244,-1.1332,-2.7844,1.0551,-0.50717,-0.18414,-0.2026,-3.2788,-6.3268,-1.2316,-6.7712,-5.8134,-1.4898,-1.0078,0.087078,-0.77937,0.22819,-0.77219,2.597,-0.72832,-1.1069,-0.43062,0.32585,-0.58697,-2.6423,-1.8745,0.53124,-5.2512,2.7196,-0.24973,1.0291,-0.011093,-0.92494,-1.2721,-1.5945,1.5325,-2.0177,-0.94398,-1.05,-0.79398,-1.3532,-1.1863,-3.0585,-0.56822,-5.7004,-2.1308,-0.20972
-0.18019,-0.84377,-0.58175,-2.1154,-2.1061,-2.1959,-1.0377,-6.0374,-1.1141,5.2529,5.2732,-1.3327,0.53196,1.8794,-1.0625,-6.3933,0.18457,0.56539,-0.81685,0.79736,-0.35806,-1.3349,-0.32285,1.826,0.92104,-1.193,-1.6687,-2.5957,0.030324,-1.4025,-1.3593,2.1596,0.25068,-0.25632,-1.5404,1.283,-0.77819,0.028706,-10.538,-2.4725,-0.64316,0.60321,-2.3875,-6.8493,0.68903,-1.7622,-0.66719,5.2753,-0.24671,-4.5526,0.40427,-6.3936,-0.52974,-0.99513,-0.7439,-2.7194,1.0564,-0.49411,-0.66784,-0.49072,-3.3644,-6.52,-1.3456,-6.9838,-5.7733,-1.3345,-1.1346,0.22932,-0.9357,0.49174,-0.47458,2.6734,-0.8852,-1.2554,-0.7528,0.30742,-0.15507,-2.6308,-2.1142,0.53674,-5.4563,2.7493,-0.23213,0.9919,0.32375,-0.79123,-1.2021,-1.7925,1.4677,-1.8903,-0.93896,-1.2252,-0.84549,-0.90695,-1.1008,-3.3317,-0.23856,-5.6519,-2.1147,-0.43323
-0.073922,-0.97744,-0.32297,-2.0294,-1.7246,-1.9891,-0.72836,-6.1461,-1.1284,5.271,5.5488,-1.5935,0.52611,1.637,-1.1896,-6.478,-0.19494,0.61831,-0.62869,0.68186,-0.34081,-1.049,-0.40151,1.7154,0.66382,-1.1661,-1.9966,-2.7844,-0.35188,-1.5534,-1.0787,2.3975,-0.0027727,-0.13116,-1.859,1.0259,-0.94663,0.42316,-10.898,-2.4754,-0.66836,0.324,-2.1576,-6.5032,0.55988,-1.9817,-0.60465,5.0497,-0.0086992,-4.8556,0.75209,-6.5721,-0.39768,-0.99618,-0.77419,-2.6188,0.77252,-0.17053,-0.64766,-0.57127,-3.1894,-6.3651,-1.3517,-7.2683,-5.863,-1.0717,-1.485,0.36829,-1.1549,0.55752,-0.83692,2.3411,-0.68062,-1.3397,-0.95204,0.22703,0.04882,-2.9367,-2.265,0.61383,-5.5773,3.0064,-0.57529,0.73581,0.47235,-0.95323,-0.9608,-1.4757,1.4021,-1.8789,-0.75425,-1.3816,-1.2352,-1.1413,-1.1083,-3.1879,-0.42618,-5.7852,-2.192,-0.43994
-0.02414,-1.0486,-0.0090267,-1.7365,-2.0949,-2.2835,-1.0954,-6.2626,-1.1881,5.0208,5.5893,-1.6348,0.83797,1.9649,-1.1072,-6.794,0.097559,0.84715,-0.55128,0.39604,-0.47634,-1.0901,-0.56695,2.0144,0.59699,-1.4956,-1.9641,-3.1571,-0.58813,-1.4158,-1.0038,2.5446,-0.27508,0.22844,-1.826,0.97835,-0.95663,0.55794,-10.748,-2.2958,-0.52797,0.46434,-1.6124,-6.8209,0.52976,-1.7607,-0.56302,5.1255,0.20225,-4.7084,0.57716,-6.5418,-0.59349,-0.62597,-0.55675,-2.3095,0.61717,-0.13782,-0.99983,-0.83,-3.3953,-6.1917,-1.6127,-7.3395,-5.8298,-1.0467,-1.1014,0.28239,-1.0877,0.53085,-0.89535,2.3826,-0.39255,-0.84042,-0.98112,0.25995,-0.16967,-2.7099,-2.2035,0.65717,-5.5899,3.1184,-0.41194,0.83446,0.59812,-0.90312,-1.207,-0.95519,1.3822,-2.2032,-0.45021,-1.4339,-0.91215,-0.93926,-1.0331,-2.8524,-0.14018,-6.1317,-2.3711,-0.30729
0.39969,-0.83365,-0.07258,-1.7293,-2.1537,-2.007,-1.2066,-6.3157,-1.2784,5.2038,6.0864,-1.499,1.1661,2.4307,-1.1354,-6.8289,0.029843,0.66337,-1.0325,0.32379,-0.47964,-0.74888,-0.85359,1.9754,0.24672,-1.6553,-1.8026,-2.9479,-0.12966,-1.5979,-1.2387,2.5627,-0.5128,-0.00056894,-1.874,0.60447,-1.2214,0.83899,-10.8,-1.8917,-0.76792,0.2737,-1.5759,-6.9107,0.65196,-1.357,-0.75805,5.6172,0.62062,-4.8239,0.64275,-6.5635,-0.98701,-0.71237,-0.42863,-2.386,0.61684,-0.19533,-0.99956,-0.67949,-3.2481,-5.838,-1.2511,-7.7247,-5.5085,-0.94106,-0.91873,0.41811,-1.1694,0.8417,-0.45864,2.4759,-0.43647,-0.73826,-1.1632,0.19929,-0.17989,-2.6801,-2.5881,1.058,-5.7478,3.5535,-0.60109,1.1176,0.79753,-0.51244,-1.02,-0.966,1.3245,-1.8442,-0.65429,-1.1251,-0.6088,-0.79591,-1.0577,-3.157,-0.056806,-6.2646,-2.3111,-0.22023
0.46466,-0.90359,-0.0056412,-1.3876,-2.0049,-1.7035,-1.0422,-6.5401,-1.4824,5.1682,6.4315,-1.5742,1.515,2.4732,-1.1144,-7.073,-0.066527,0.59997,-1.0244,0.50001,-0.23715,-1.1687,-0.59272,2.0572,0.62673,-1.8434,-1.7809,-2.99,-0.098728,-1.9211,-1.2928,2.7576,-0.52347,0.27628,-2.2759,0.65195,-1.2607,0.76882,-10.838,-2.0889,-0.66328,0.51418,-1.2573,-7.0163,0.59322,-1.2706,-0.87174,5.3708,0.62647,-4.521,0.76618,-6.7182,-1.0382,-0.80829,-0.52868,-2.1951,0.65198,-0.53101,-0.60273,-0.48021,-3.0585,-5.5632,-0.96239,-7.7452,-5.5229,-0.71936,-0.97675,0.7256,-1.0732,0.78583,-0.22853,2.1695,-0.11546,-0.42611,-1.1111,0.14335,-0.27623,-2.8874,-2.6431,1.4422,-5.5801,3.6703,-0.55174,1.0594,0.71898,-0.33956,-0.52537,-1.2953,1.1746,-1.9085,-0.71522,-1.2549,-0.55967,-0.77192,-1.0073,-3.1996,0.067703,-6.3158,-2.3714,-0.42663
0.52658,-0.72678,0.10595,-1.6047,-1.9987,-1.9355,-1.2697,-6.886,-1.2979,5.2882,6.705,-1.739,1.6597,2.1347,-1.3202,-7.0664,-0.36178,0.75721,-1.0636,0.7364,-0.37935,-0.94078,-0.74399,1.9911,0.5692,-1.8394,-1.6336,-3.0655,-0.13489,-1.8746,-1.6475,2.7277,-0.56916,0.54721,-2.2968,0.77542,-1.0146,0.44272,-10.632,-2.0458,-0.73253,0.40622,-1.055,-7.2102,0.52144,-1.2361,-0.76048,5.4175,0.6902,-4.3429,0.88327,-6.7848,-1.3443,-1.1611,-0.4558,-2.0218,0.9402,-0.55358,-0.71328,-0.25607,-3.3275,-5.6382,-0.52654,-7.8997,-5.2693,-0.78755,-0.85595,0.65029,-1.2989,0.76352,-0.26283,2.2773,0.2012,-0.2914,-0.97832,0.14915,0.020175,-2.9573,-2.7673,1.4295,-5.6665,3.6497,-0.56725,0.87716,1.0405,-0.56936,-0.73739,-0.97667,1.3719,-1.5152,-0.78018,-1.395,-0.78125,-0.36133,-1.0028,-2.9974,-0.15688,-6.4329,-2.2016,-0.43168
0.69428,-0.8708,0.091969,-1.4845,-1.5414,-1.8344,-1.3216,-6.5672,-1.3629,5.5294,6.69,-1.7292,2.061,1.9969,-1.7629,-7.074,-0.35988,0.84833,-1.3006,0.78882,-0.37111,-1.3502,-1.0121,1.711,0.93738,-1.7433,-1.5293,-2.9534,-0.15715,-1.8496,-1.6087,2.6328,-0.56408,0.98593,-2.2703,1.0308,-1.1267,0.33615,-10.685,-2.4031,-0.95551,0.36769,-0.86855,-6.9638,0.50523,-1.3428,-0.41088,5.0158,0.43096,-4.553,0.79484,-6.709,-1.6749,-1.1282,-0.016356,-2.0789,0.73481,-0.15935,-0.74283,-0.17734,-3.168,-5.95,-0.6057,-8.2777,-5.1664,-0.45146,-0.89351,1.0178,-1.3577,1.1149,-0.15907,2.3128,0.21188,-0.16728,-1.0034,0.15941,0.40739,-2.9194,-2.7173,1.6093,-5.4985,3.5718,-0.5698,1.0136,1.076,-0.19325,-0.72575,-0.99924,1.3324,-1.6182,-0.63935,-1.3727,-0.84185,-0.016537,-1.2713,-3.2682,0.29754,-6.2127,-1.8193,-0.41488
0.8266,-0.84919,-0.32587,-1.5445,-1.763,-1.9339,-1.4092,-6.5661,-1.2743,5.6116,6.5064,-2.0652,2.0341,1.7153,-2.0719,-6.8525,-0.34721,0.8153,-1.0006,0.73543,-0.74053,-1.2446,-0.95211,1.3638,1.2486,-1.5795,-1.5651,-2.819,-0.3202,-1.8626,-1.6654,2.5307,-0.69428,1.0035,-2.476,1.0375,-1.018,0.30366,-10.374,-2.2398,-0.85535,0.67608,-0.81502,-7.2601,0.7798,-1.2162,-0.60945,4.7899,0.31612,-4.1134,0.83146,-6.6694,-1.3641,-1.2323,0.020668,-2.067,0.34254,-0.11264,-0.89748,-0.14932,-2.6655,-5.9442,-0.44222,-8.3586,-5.1377,-0.36994,-0.7298,0.93993,-1.2721,1.2455,-0.16833,2.498,0.60823,-0.24784,-0.73901,0.11569,0.022769,-2.9681,-2.2827,1.9917,-5.6903,3.8727,-0.49841,1.1436,1.0931,-0.47386,-0.27517,-0.85981,1.5208,-1.6086,-0.58343,-1.4024,-0.83942,-0.17089,-1.4071,-3.4307,0.29066,-6.4521,-1.5618,-0.26826
0.51428,-1.2148,0.11764,-1.6595,-2.0205,-2.0258,-1.2907,-6.403,-1.1103,5.6038,6.6517,-2.1296,2.0435,1.4889,-1.717,-6.7133,-0.68284,0.78441,-0.73904,0.80126,-0.63338,-0.92532,-1.2694,1.3707,1.2905,-1.4789,-1.3642,-2.6826,-0.26312,-1.5721,-2.0693,2.5805,-0.65978,0.60811,-2.4172,1.293,-1.0585,0.6732,-9.9261,-2.6297,-0.72742,0.98326,-0.52402,-7.4206,0.49384,-1.3182,-0.71601,5.0181,0.42091,-4.1972,0.86826,-7.1124,-1.2868,-0.96154,0.051323,-1.9106,0.49189,0.0074649,-0.56594,0.19091,-2.5671,-5.9655,-0.70967,-8.7665,-4.9789,-0.21466,-0.70615,1.036,-1.4845,1.1848,-0.12318,2.3069,0.71486,-0.63342,-0.25338,-0.23247,-0.30652,-2.9856,-2.0015,1.6159,-6.0368,4.2848,-0.79997,1.3983,1.166,-0.025292,-0.52989,-1.1265,1.8576,-1.6476,-0.52969,-1.4161,-0.72503,-0.37507,-1.1648,-3.3406,0.02416,-6.849,-1.3079,-0.37109
0.7286,-1.3318,0.1395,-1.7737,-1.7272,-2.163,-1.2823,-6.6182,-1.2602,5.6812,6.597,-2.4783,2.1109,1.4177,-1.5103,-6.4217,-0.58396,0.5802,-0.74295,0.83513,-0.23077,-0.51037,-1.2875,1.3475,1.0963,-1.8209,-1.5039,-2.7468,-0.31836,-2.0001,-2.0765,2.392,-0.69037,0.66807,-2.4327,1.3136,-1.0515,0.71229,-9.9947,-2.2102,-0.99059,0.67649,-0.61009,-7.7053,0.71083,-1.126,-0.50524,5.5476,0.40771,-3.9061,1.2672,-6.9379,-1.1332,-0.53597,0.028031,-2.0153,0.60783,0.048536,-0.10717,0.026367,-2.2406,-6.0546,-0.29561,-8.7852,-4.8692,-0.58245,-0.52752,1.1032,-1.4687,0.97973,-0.50935,2.6234,0.77757,-0.36296,-0.2632,-0.26615,-0.020935,-2.818,-1.9853,1.5302,-6.1149,4.2042,-0.95904,1.7784,0.97327,0.36885,-0.12388,-1.188,1.5971,-1.3548,-0.65362,-1.3773,-0.86851,-0.36785,-1.3757,-3.624,0.086789,-6.859,-1.5576,-0.020092
0.79265,-1.3862,0.38038,-1.6782,-1.2802,-2.1296,-1.1033,-6.4203,-1.2416,5.9849,6.5967,-2.3743,2.4617,1.5085,-1.2762,-6.1755,-0.7972,0.68447,-0.78443,0.79868,-0.32371,-0.1152,-1.385,1.3812,0.94107,-1.8573,-1.4446,-2.3056,-0.56103,-2.047,-2.3114,2.4411,-0.93496,0.82512,-2.8645,1.4593,-0.95686,0.9981,-9.7709,-2.4105,-0.93511,0.44691,-1.0054,-7.6625,0.40667,-0.97524,-0.051504,5.8052,0.058005,-3.7659,1.2532,-6.9884,-0.94822,-0.47133,-0.10725,-2.0668,0.48158,0.31398,-0.20374,0.069822,-1.7705,-6.4664,-0.187,-8.968,-4.6658,-0.78888,-0.93284,1.0547,-1.81,0.66103,-0.87404,2.5631,0.88447,-0.33429,-0.017428,-0.040299,-0.11062,-2.7408,-1.9595,1.2488,-6.1223,4.2109,-1.2183,1.454,1.237,-0.030703,-0.093247,-1.3267,2.0422,-1.6357,-0.9035,-1.2334,-0.64883,-0.39479,-1.3025,-3.7038,0.19573,-7.114,-1.7871,-0.35723
0.63174,-1.2794,0.28439,-1.6254,-1.0838,-1.883,-1.1366,-6.7098,-1.2516,6.3539,6.6205,-2.1793,2.2652,1.2471,-1.0912,-6.3212,-1.0306,0.66587,-1.1158,0.73745,-0.1803,-0.41875,-1.1965,1.5017,0.77746,-1.7666,-1.3715,-2.6271,-0.70832,-2.4073,-2.304,2.4355,-0.76745,0.5083,-3.1492,1.3114,-1.1009,0.64617,-10.116,-2.679,-0.78002,0.39778,-0.83531,-7.8734,0.62683,-0.94014,0.1534,5.9078,0.02886,-3.4736,1.2713,-6.8103,-1.0875,-0.33388,-0.25937,-2.0205,0.65504,0.16219,-0.021354,0.21313,-1.9291,-6.2069,0.027198,-8.7793,-4.9187,-0.457,-1.0367,0.80436,-1.6493,0.77537,-0.7357,2.3578,1.2046,-0.15806,0.19684,-0.18264,0.018783,-2.8454,-1.8851,1.1988,-5.992,4.3885,-0.95043,1.5618,1.3441,-0.049977,0.11957,-1.6601,2.2491,-2.0698,-0.92629,-1.4434,-0.61141,-0.38003,-1.0169,-3.6801,-0.029551,-7.2619,-1.8251,-0.012716
0.67417,-1.0301,0.21036,-1.1769,-1.0234,-2.2242,-1.3381,-6.4593,-1.4098,6.2757,6.576,-1.9454,2.2841,1.1516,-1.4678,-6.4915,-0.99956,0.7696,-0.82843,0.81067,0.22359,-0.41771,-1.0979,1.8819,0.71756,-2.0097,-1.2497,-2.8029,-0.71731,-2.482,-2.2563,2.5115,-0.48695,0.12321,-2.7884,0.79449,-1.3445,0.94478,-10.307,-2.4575,-0.96609,0.20167,-0.5943,-7.8048,1.0092,-0.64639,0.43193,5.8201,0.39502,-3.4602,1.3873,-6.6023,-1.0699,-0.15265,-0.22532,-1.7653,0.24367,0.20298,-0.086393,0.16378,-1.8092,-6.61,-0.0010299,-9.2123,-5.0016,-0.83121,-1.0437,1.0326,-1.9297,0.71441,-0.58437,2.4994,1.1494,-0.21458,0.33334,-0.32122,-0.33027,-3.0841,-1.812,0.94576,-6.0125,4.562,-0.87799,1.6404,1.4611,0.082585,-0.11887,-1.6743,2.3536,-2.1482,-0.88499,-1.2403,-0.87796,-0.8765,-1.3469,-3.6269,-0.28417,-7.0449,-1.8849,0.25728
0.30814,-1.1861,0.55108,-1.1107,-0.96228,-2.2407,-1.2391,-6.9115,-1.0991,6.3322,6.8639,-1.8899,1.8871,0.92989,-1.6154,-6.725,-1.4261,0.67848,-0.85686,0.6493,-0.039512,-0.41447,-1.2063,1.9263,1.0155,-1.8673,-1.1363,-2.5444,-0.77611,-2.5754,-1.9714,2.4894,-0.35995,0.20904,-2.6039,0.60248,-1.6458,0.86371,-9.9911,-2.3453,-1.1743,-0.11907,-0.60478,-7.7077,1.0436,-0.41841,0.68745,5.8586,0.40805,-3.3985,1.1045,-7.0174,-0.84673,-0.11836,-0.13055,-1.8583,0.55802,0.13353,-0.088088,0.00091602,-1.6422,-6.2834,-0.023735,-9.2592,-4.9889,-1.1982,-1.1546,0.82833,-2.273,0.8882,-0.49862,2.5626,0.82048,-0.2498,0.16726,-0.4375,-0.14329,-3.0333,-1.8785,0.81239,-6.2147,4.8789,-0.91096,1.2895,1.7676,0.4054,-0.11372,-1.7005,2.6667,-1.8677,-0.78392,-1.2298,-0.98206,-0.95578,-1.5088,-3.5365,-0.0057725,-7.0668,-1.7989,0.25835
-0.042198,-1.1216,0.5271,-1.1458,-0.91071,-2.2428,-0.81463,-6.6957,-1.273,6.2985,6.5925,-1.6884,1.8101,1.0673,-1.8034,-6.8401,-1.0607,0.66861,-1.1371,0.53028,-0.04476,-0.59958,-1.2187,1.7728,1.3804,-2.0126,-0.898,-2.6934,-1.1873,-2.7337,-1.9368,2.6467,-0.22895,-0.089623,-2.2984,0.52707,-1.3299,0.88154,-9.7944,-2.1612,-1.1572,-0.066568,-0.82809,-8.2942,0.82518,-0.36337,0.54281,6.0546,0.18803,-3.1261,0.88661,-6.9026,-0.83078,0.098437,-0.11234,-1.9567,0.13232,0.038306,0.27802,0.14553,-1.3732,-6.5344,-0.08995,-9.4699,-5.3463,-0.98537,-1.3097,0.58698,-2.0439,1.3424,-0.17932,2.4123,0.98069,-0.23214,0.48902,-0.68058,-0.24545,-3.0718,-1.6359,0.73785,-5.8975,4.9365,-0.70119,1.1344,1.7927,0.30195,-0.067946,-1.3825,3.0716,-1.5773,-1.2292,-1.0203,-1.2477,-0.87978,-1.6643,-3.4406,-0.21275,-6.9482,-1.8347,-0.021381
-0.020651,-0.83263,0.3158,-0.95227,-1.1122,-2.2033,-0.99752,-6.9855,-1.1698,6.4113,6.634,-1.8228,1.8699,0.9041,-1.8866,-7.0039,-1.065,0.36492,-1.2392,0.34187,-0.27075,-0.32957,-0.96247,1.3825,1.4133,-2.1085,-0.83136,-2.5519,-0.96277,-2.8472,-1.5748,2.3482,0.095077,-0.34148,-2.1548,0.43025,-1.2809,0.70804,-9.6296,-2.5109,-0.96648,-0.29014,-0.60268,-8.7099,0.52872,-0.29318,0.41338,6.2395,0.20086,-2.9049,0.85598,-7.1823,-0.95086,0.36265,0.2161,-2.2835,0.18337,-0.12376,0.27134,0.21549,-0.86717,-6.2163,-0.36443,-9.5214,-4.9436,-0.7529,-1.1337,0.76841,-1.644,1.2965,-0.097846,2.6262,0.82227,-0.55716,0.67002,-0.28281,-0.08386,-3.3116,-1.7467,0.81637,-5.7484,5.164,-0.2752,0.88787,1.9018,0.40442,-0.011112,-1.2618,2.7934,-2.0217,-1.4058,-1.097,-1.4175,-1.221,-1.4735,-3.595,-0.23656,-6.8617,-2.129,-0.041605
0.1891,-0.92719,0.55852,-1.1759,-1.192,-2.176,-0.73993,-7.0059,-1.4433,6.8363,6.585,-1.5277,2.0383,0.74586,-1.951,-6.8451,-1.2486,0.019695,-1.2176,0.52397,-0.20716,-0.41073,-0.79371,1.1711,1.1795,-2.0998,-0.54535,-2.5708,-1.3872,-2.8493,-1.1584,2.1385,-0.20506,-0.079458,-2.2857,0.12671,-1.2231,0.72036,-9.7842,-2.6264,-1.1318,-0.15649,-0.31684,-8.8262,0.74794,-0.38011,0.41603,6.3762,0.27463,-3.1136,0.81429,-7.2224,-1.2839,0.37231,0.26696,-2.49,0.37629,-0.44463,0.44713,0.38885,-0.58959,-5.8828,-0.61726,-9.5448,-5.1616,-1.0963,-0.92698,1.0436,-1.7912,1.5043,0.10163,3.0978,0.72274,-0.76189,0.27454,-0.429,-0.00052576,-3.0276,-1.6848,0.65843,-5.9147,5.1766,-0.10023,0.90055,1.845,0.50817,0.027494,-0.98051,2.8264,-2.04,-1.4249,-1.0736,-1.4438,-1.2549,-1.7629,-3.8777,-0.63015,-6.6823,-2.0342,0.085404
0.2178,-0.60564,0.78382,-1.274,-1.2502,-1.9942,-0.73829,-7.1257,-1.3488,6.8975,6.8314,-1.3977,2.3175,0.88404,-1.9365,-6.7803,-1.4112,-0.28806,-1.5315,0.49197,-0.36877,-0.6472,-0.90132,1.1646,0.99176,-1.9947,-0.60375,-2.3184,-1.1819,-2.5583,-0.86543,2.0003,-0.28673,-0.044475,-2.251,0.064106,-0.88223,0.89918,-9.9769,-2.2204,-1.1637,0.22989,-0.36272,-9.2038,0.73542,-0.38539,0.51942,6.6598,0.25328,-2.6647,1.1159,-7.6058,-1.266,0.15789,0.19311,-2.587,0.39731,-0.16234,0.34828,0.38286,-0.41117,-6.2706,-0.57464,-9.6642,-5.1408,-1.0661,-0.50454,1.2874,-2.0181,1.4154,-0.18316,2.8921,0.50734,-1.0093,-0.013321,-0.464,-0.14806,-2.6122,-1.9326,0.47705,-5.7698,5.2952,0.38853,1.1757,1.5316,0.55348,0.076445,-0.77941,3.0038,-1.8141,-1.5836,-1.3893,-1.4061,-1.4857,-1.8263,-3.8913,-0.75063,-6.5857,-1.6525,-0.063451
0.47211,-0.35588,1.0739,-1.3775,-1.1889,-1.5945,-0.64105,-7.1275,-1.0375,6.8782,6.8291,-1.2111,2.6024,1.2232,-2.2557,-7.1309,-1.4755,-0.19887,-1.5026,0.6947,-0.50302,-0.94294,-1.0902,0.73299,0.60241,-1.8881,-0.42531,-2.2543,-1.1155,-2.8772,-0.71529,2.2424,-0.26018,0.043445,-2.1887,0.22522,-1.0044,0.85026,-9.8872,-2.1822,-1.4839,-0.091521,-0.34819,-9.142,0.56106,-0.22152,0.54961,6.8233,0.63026,-2.5078,1.1185,-7.819,-1.2986,0.18483,0.53502,-2.8628,0.60666,-0.10818,0.1367,0.32344,-0.38334,-5.9209,-0.57189,-9.5816,-5.1695,-1.1695,-0.38017,0.90997,-1.8359,0.96077,-0.24667,3.1918,0.44221,-0.93384,0.38386,-0.69025,-0.36372,-2.6315,-2.0617,0.4305,-5.7869,5.0284,0.85269,1.4224,1.4101,0.55657,0.27923,-0.74795,3.1564,-1.8932,-1.4677,-0.96483,-1.7416,-1.9334,-1.5745,-4.2072,-0.63584,-6.288,-1.508,0.11333
0.33473,-0.13223,1.2676,-1.3528,-1.1167,-1.4773,-0.37233,-7.212,-1.2784,7.0137,6.5178,-1.0632,3.0102,0.82373,-2.0235,-7.2058,-1.4676,-0.20994,-1.4828,0.81549,-0.63532,-0.84646,-0.93268,0.50388,0.61975,-1.9454,-0.17405,-1.7288,-1.4092,-3.1003,-0.58736,1.9165,-0.41026,-0.16866,-2.1098,0.35422,-1.1441,0.65833,-9.8167,-2.2021,-1.2855,-0.40139,-0.57779,-9.031,0.2159,-0.21805,0.51992,7.0507,0.65152,-2.4671,1.1351,-7.9133,-1.2502,0.21885,0.16448,-2.8553,0.80881,-0.35124,0.18094,0.39819,-0.17545,-5.6232,-0.58096,-9.6704,-5.1387,-1.0282,-0.21167,0.65517,-1.8648,1.2871,0.11481,3.1132,0.54634,-0.58762,0.48246,-0.58084,-0.51118,-2.5039,-1.8975,0.21618,-5.5495,5.1225,0.96,1.4424,1.689,0.46098,0.32569,-0.68275,3.3332,-2.0004,-1.1743,-1.2588,-1.764,-1.9489,-1.5302,-4.2027,-0.87046,-6.3429,-1.8649,0.13927
0.52325,-0.26702,1.1242,-1.6459,-1.2738,-1.2017,-0.56983,-7.2783,-1.3424,7.0223,6.841,-1.2032,3.402,0.83135,-1.8734,-7.5592,-1.4366,-0.40426,-1.3304,0.92787,-0.43885,-1.1548,-0.8699,0.32406,0.19391,-1.9541,-0.13539,-1.3974,-1.4711,-3.1837,-0.57812,2.1711,-0.29318,-0.34757,-1.9231,0.35961,-1.1221,0.65935,-9.8997,-2.1543,-1.2288,-0.48101,-0.33498,-9.1993,0.4464,0.048809,0.22847,7.0029,0.99895,-2.0754,1.0824,-7.8451,-1.2507,0.39599,0.25851,-3.2005,0.38648,-0.39416,0.019456,0.59169,-0.39232,-5.7758,-0.57062,-9.5636,-4.8591,-0.73574,0.2347,0.55409,-1.6606,1.2501,0.22533,3.1869,0.34939,-0.35155,0.12265,-0.15158,-0.23589,-2.6399,-2.1523,0.18974,-5.7519,5.2078,0.76705,1.4545,1.4931,0.28406,0.36651,-0.73296,3.2467,-1.9194,-1.2586,-1.1844,-1.987,-1.5723,-1.2339,-4.2314,-0.49751,-6.394,-1.9708,0.39895
0.33156,-0.35691,0.96787,-1.512,-1.0586,-1.0742,-0.55592,-7.1952,-1.4189,6.797,7.0904,-0.916,3.6875,0.70292,-2.0349,-7.3061,-1.31,-0.85543,-0.9596,0.73261,-0.40437,-0.79286,-0.83594,0.32027,-0.013086,-1.6004,0.080993,-1.2463,-1.5147,-3.2977,-0.8291,2.5548,-0.31908,-0.2632,-1.5833,0.0082005,-0.6817,0.87953,-9.9425,-2.3339,-1.2449,-0.34934,-0.17631,-9.4664,0.4448,-0.14982,0.425,7.1652,1.0105,-1.8498,0.77609,-8.3433,-1.3756,-0.0023357,0.39203,-3.3913,0.55728,-0.42639,-0.11272,0.45156,0.061601,-5.9547,-0.22483,-9.6991,-5.1869,-0.6293,0.29609,0.34787,-1.6339,1.2214,0.35407,3.2946,0.37655,-0.033152,-0.14871,-0.094229,-0.19721,-2.6919,-2.1747,0.34401,-5.7375,5.0795,1.0359,1.0838,1.574,0.3632,0.62899,-0.88339,3.2074,-1.8223,-1.5547,-1.5064,-2.042,-1.9624,-1.3023,-4.3511,-0.35661,-6.4326,-1.605,0.36666
0.3242,-0.4537,1.31,-1.3427,-1.3445,-0.70309,-0.38998,-6.8436,-1.6451,7.0053,6.7531,-1.0091,3.7481,0.83553,-2.0682,-7.6986,-1.5878,-1.0138,-0.70568,0.34786,-0.39668,-0.76346,-0.81361,0.77483,0.079127,-1.6122,0.047185,-1.5558,-1.4648,-3.1614,-1.0057,2.4843,-0.22084,-0.17278,-1.6683,0.50072,-0.86089,1.1021,-9.7189,-2.0079,-1.0292,-0.32542,-0.14761,-9.7344,0.75048,0.22526,0.52817,6.7956,1.0027,-2.0046,0.46181,-8.5208,-1.5813,-0.084254,0.17146,-3.3128,0.61592,-0.55882,0.3733,0.36478,0.45981,-5.9643,-0.1923,-9.7027,-5.1133,-0.83905,0.66284,0.093225,-1.6384,1.2035,0.57809,3.5881,0.024543,-0.088167,-0.35088,-0.2063,-0.53704,-2.8921,-2.1564,0.37509,-5.6821,5.1383,1.1186,0.70195,1.2913,0.26713,0.51662,-0.79695,3.3806,-2.0206,-1.645,-1.7933,-1.8811,-1.5844,-1.1936,-3.9468,-0.21563,-6.4415,-1.498,0.23441
0.22397,-0.49442,1.3215,-1.5221,-1.2168,-1.0594,-0.46185,-6.8328,-1.5446,6.9395,6.5089,-1.0368,3.6268,0.92245,-2.0977,-7.7891,-1.2038,-1.3837,-0.91301,0.56815,-0.27256,-0.6048,-0.80625,0.8967,0.316,-2.088,-0.021394,-1.4694,-1.6143,-2.9308,-0.58275,2.259,-0.34049,0.094107,-1.3157,0.58308,-0.58377,1.1407,-9.7567,-1.9697,-1.1172,-0.37579,-0.35865,-9.9157,0.53053,0.098582,0.42255,7.2083,0.83757,-2.1906,0.74916,-8.2827,-1.783,0.3315,-0.19052,-3.4505,0.25763,-0.56492,0.17876,0.08007,0.68288,-5.7474,-0.21831,-9.848,-5.3826,-1.0481,1.0581,0.037652,-1.4456,0.95264,0.27907,3.6406,0.063314,-0.19944,-0.2975,-0.2153,-0.52581,-3.0819,-2.2734,0.029807,-5.7205,5.0896,1.2052,0.48392,1.2668,0.24473,0.46967,-1.0954,3.4413,-2.1868,-1.8774,-2.0291,-2.0086,-1.7351,-0.98967,-3.5652,-0.20829,-6.5401,-1.1504,-0.0010552
0.17143,-0.31437,1.2666,-1.7533,-1.1176,-0.99035,-0.60393,-6.7186,-1.5478,6.745,6.5476,-1.0323,3.7015,0.49351,-1.6658,-7.6966,-1.2154,-1.4743,-1.1597,0.91015,-0.22988,-0.48462,-0.71299,0.57397,0.38906,-2.167,-0.28239,-1.3969,-1.597,-2.9288,-0.2928,2.6234,-0.30065,-0.055207,-1.4982,0.71442,-0.19576,0.94271,-9.7005,-2.0622,-0.69155,-0.20676,-0.080977,-9.8467,0.36147,0.39612,0.67499,7.1919,0.92736,-2.17,0.70104,-8.2004,-2.1294,0.27611,-0.33971,-3.5103,0.29827,-0.37408,0.52776,0.085281,0.66713,-5.4003,-0.45184,-10.077,-5.2096,-1.147,0.80599,0.4318,-1.4087,0.73376,0.30783,3.5498,0.46608,-0.020283,-0.13301,-0.34945,-0.27419,-3.2217,-2.6833,0.035255,-5.4848,4.9797,0.99459,0.16206,1.4535,0.20135,0.31653,-1.5551,2.9311,-1.7587,-1.9439,-1.9657,-2.3034,-1.8771,-0.82933,-3.9014,-0.10995,-6.1586,-1.1041,0.28929
0.48592,-0.40229,0.86472,-1.6726,-0.98661,-0.98497,-0.64598,-6.7538,-1.5627,7.1404,6.9228,-0.80409,3.6868,0.32547,-1.5816,-7.9324,-1.0412,-1.6393,-1.3163,0.85341,0.045581,-0.2393,-0.89333,0.94908,0.28514,-2.0523,-0.13907,-0.95504,-1.2166,-2.9311,-0.62233,2.5848,-0.64375,-0.1973,-1.597,0.30177,0.077899,1.3497,-10.066,-2.0556,-0.72319,-0.091371,-0.055583,-9.9847,0.77804,0.27742,0.7372,7.4202,0.86151,-2.3048,0.96689,-8.316,-2.1676,-0.14305,-0.19996,-3.5876,0.34235,-0.55683,0.47128,0.14855,0.72154,-5.7991,-0.41063,-9.7913,-5.452,-1.18,0.80001,0.48541,-1.2912,0.56603,0.34715,3.2938,0.74372,-0.05921,0.049467,-0.040206,-0.026046,-3.1943,-2.6295,-0.076745,-5.5951,4.8012,1.291,0.09066,1.5883,-0.058455,0.75814,-1.4209,3.0859,-1.909,-1.7922,-1.8637,-2.0998,-1.8783,-0.85809,-4.0103,-0.15938,-6.4005,-1.3274,0.32745
0.67851,-0.32947,0.75272,-1.3462,-0.97231,-1.1269,-0.79683,-6.4782,-1.5182,7.0775,7.1699,-0.24781,3.5588,0.43984,-1.436,-7.7437,-1.0135,-1.8222,-1.7179,0.8538,-0.024634,-0.21604,-0.52509,0.59986,0.24006,-2.0723,0.10146,-0.82201,-1.2216,-3.2657,-0.15339,2.8455,-0.59484,-0.15521,-1.6477,0.28502,-0.13914,1.1751,-10.324,-2.2266,-0.54934,-0.45275,-0.45046,-10.254,0.94302,0.59298,1.0034,7.7637,1.213,-2.2703,1.3448,-8.1318,-2.3154,-0.14754,0.057563,-3.5986,0.36972,-0.081834,0.42335,-0.39038,0.74825,-5.7847,-0.24597,-9.9029,-5.8904,-1.2803,1.1722,0.54915,-1.0883,0.18198,0.3441,3.1886,0.68983,-0.011883,0.065178,-0.07989,0.085586,-3.2482,-2.9332,0.04604,-5.6094,5.1433,1.5379,0.034635,1.539,0.43452,0.82581,-1.8773,3.0088,-1.8076,-2.126,-1.3802,-2.4797,-1.7535,-1.19,-4.204,-0.31501,-6.6931,-1.666,0.55389
0.34941,-0.027359,0.5264,-0.98659,-0.95349,-1.158,-0.79424,-6.2132,-1.0912,7.2931,7.0589,-0.25638,3.8137,0.29669,-1.695,-7.739,-0.85945,-1.9186,-1.757,1.1582,0.025356,-0.24501,-0.56138,0.26821,0.28864,-2.0588,0.057736,-1.1025,-1.5247,-2.876,-0.053145,2.9448,-0.67699,-0.44886,-1.9935,0.3349,-0.31582,1.3727,-10.192,-2.0439,-0.7313,-0.48791,-0.58898,-10.653,0.8721,0.49948,0.6576,7.8657,1.272,-1.9718,1.2436,-8.5736,-2.0995,0.22885,0.2624,-3.3042,0.40404,0.422,0.27048,-0.54558,0.76938,-5.8127,-0.23968,-10,-5.8091,-0.96558,0.8703,0.24141,-0.84827,0.43869,0.61688,3.2617,0.6913,-0.029153,-0.15546,-0.38861,0.25725,-3.2742,-2.4999,-0.28957,-5.6102,5.5667,1.7287,-0.45355,1.4911,0.28066,0.85347,-1.7252,2.776,-1.4465,-2.4299,-1.1408,-2.3517,-1.7727,-1.1638,-4.2299,-0.03985,-7.0301,-1.8303,0.2566
-0.047344,-0.03645,0.4543,-0.77399,-1.2847,-1.4069,-0.81649,-6.3259,-0.85285,7.0799,7.1094,-0.18208,3.8421,0.47374,-1.3416,-7.9208,-0.71833,-1.9905,-1.8691,1.2605,-0.17415,-0.059684,-0.78306,0.53879,0.35443,-2.2451,-0.040736,-1.0551,-1.0831,-2.5844,0.025936,2.9008,-0.30749,-0.54438,-1.9994,0.31199,-0.41227,1.2907,-10.025,-1.7008,-0.55798,0.0051856,-0.21806,-10.909,1.1169,0.24068,0.69666,7.9638,1.4826,-2.1681,1.1779,-8.656,-2.0588,0.21368,0.74244,-3.7781,0.22102,0.35201,0.58824,-0.92469,0.66317,-5.6397,-0.37669,-10.416,-5.8076,-1.0047,0.93475,-0.14093,-0.76535,0.10992,0.57144,3.3541,0.61766,-0.45468,-0.17504,-0.31032,-0.071564,-3.2852,-2.2287,-0.61018,-5.5034,5.8988,1.5919,-0.37305,1.5408,0.1651,0.99549,-1.4547,2.8968,-1.4236,-2.1543,-1.1076,-2.2989,-1.5799,-0.82318,-4.3918,-0.14868,-6.6659,-1.9418,0.56172
-0.07163,0.23079,0.47685,-1.0625,-1.6173,-1.1118,-0.35297,-6.3859,-0.51375,7.0524,6.8014,-0.10444,3.672,0.58966,-1.2633,-7.796,-0.14701,-2.1667,-2.051,1.6236,-0.12164,-0.12638,-1.021,0.57801,-0.038342,-2.125,-0.27676,-1.2139,-1.3077,-2.4341,-0.22883,3.4239,-0.28845,-0.37959,-1.8771,0.40208,-0.19998,1.4335,-10.101,-1.6593,-0.78078,0.29176,-0.26686,-10.853,1.2483,-0.061762,0.71416,7.8766,1.4345,-2.0502,1.3742,-8.9212,-1.9888,0.35557,0.68916,-4.0609,0.28427,0.38005,0.57932,-1.0176,0.4652,-5.8258,-0.38837,-10.698,-5.5623,-0.64588,1.0369,-0.39096,-1.0678,-0.19502,0.35226,3.0793,0.31871,-0.070817,-0.13921,-0.28564,-0.39008,-3.3218,-2.2973,-0.66673,-5.5183,6.1531,1.378,-0.22537,1.5859,0.55327,0.87355,-1.3955,2.5655,-1.0514,-1.9789,-1.43,-2.2451,-1.3297,-0.94844,-4.5276,-0.097463,-6.7771,-2.0079,0.94337
0.22531,0.08041,0.85313,-1.0963,-1.6767,-0.93057,-0.46014,-6.786,-0.46679,7.1341,6.7355,0.098884,3.6898,0.74352,-0.90909,-7.7896,0.031409,-2.093,-2.0041,1.749,0.29551,-0.20702,-0.65381,0.4517,-0.10334,-2.237,-0.70695,-1.0146,-0.93821,-2.7041,-0.06677,3.5247,0.022563,-0.59293,-2.196,0.41012,-0.17675,1.5539,-10.177,-1.592,-0.81736,0.039063,-0.62769,-10.539,1.2092,0.031583,0.68723,7.926,1.6901,-1.7442,1.202,-8.939,-1.9179,0.18638,0.60651,-4.4437,0.30568,-0.022446,0.36394,-1.3151,0.43068,-6.1213,-0.06562,-10.347,-5.4863,-0.31485,1.3084,-0.19424,-0.78879,0.12082,0.3801,3.1102,0.60761,-0.18762,0.17455,-0.24394,0.04064,-2.9445,-2.4392,-0.69949,-5.6395,5.7584,1.0964,0.19788,1.6265,0.14445,1.2018,-1.2314,2.4774,-1.0566,-2.0154,-1.1848,-1.7525,-1.2644,-1.0278,-4.3613,-0.19845,-6.7667,-1.9192,1.3132
-0.018163,0.25557,0.79401,-1.0722,-1.571,-0.90143,-0.54632,-6.7545,-0.47738,7.0993,6.5115,0.097334,3.6531,0.98467,-0.40634,-7.9793,-0.26143,-2.0723,-1.6908,2.068,0.6615,-0.028444,-0.64596,0.76324,-0.30086,-2.3462,-0.62518,-0.91876,-0.58955,-2.7957,0.41945,3.7551,-0.030046,-0.20162,-2.0658,0.75734,-0.037436,1.5188,-10.082,-1.4369,-0.80679,-0.18048,-0.74305,-10.389,1.3443,0.015071,1.0273,7.9535,2.0628,-1.7058,0.82522,-9.0183,-1.8463,0.11091,0.55063,-4.5736,0.23983,0.24754,0.3054,-1.4482,0.38165,-6.1377,-0.336,-10.706,-5.4811,-0.64001,1.0099,-0.4859,-0.46864,0.32569,0.16809,2.9389,0.47828,-0.22987,-0.099797,-0.084503,0.47908,-3.3602,-2.3253,-0.41563,-5.3277,5.8133,0.98059,0.25829,1.6583,0.3421,1.4168,-1.4141,2.6701,-0.89597,-2.2631,-1.3221,-1.6916,-1.16,-0.72108,-4.563,-0.11176,-7.144,-1.904,1.66
-0.35824,0.22323,0.53886,-1.2468,-1.4194,-0.72479,-0.52356,-6.548,-0.26126,7.0173,6.6714,0.18197,3.5006,0.96854,-0.68134,-8.1184,-0.15308,-2.5183,-1.6131,1.964,0.67297,0.29042,-0.80534,0.77087,-0.3883,-2.2742,-0.61561,-1.1993,-0.56097,-2.5986,0.15203,3.688,-0.074408,-0.60265,-2.2238,0.84292,-0.067715,1.8929,-9.9801,-1.2761,-1.0763,-0.021465,-0.71302,-10.115,1.3647,0.31105,1.2076,8.3953,2.2008,-1.5926,1.0917,-9.1121,-2.0519,0.11875,0.6974,-4.7035,0.58253,0.38115,0.096097,-1.0657,0.36843,-6.5392,-0.31138,-10.893,-5.2981,-0.82325,1.1788,-0.1031,-0.56064,0.24353,0.40262,2.6918,0.5825,-0.13432,-0.39169,0.30752,0.56475,-3.1461,-2.3163,-0.024081,-5.602,6.1605,0.68983,0.55979,1.5816,0.35719,1.2044,-1.3501,2.8045,-0.84227,-2.4028,-0.83602,-1.6314,-1.2492,-0.61185,-4.5508,-0.089507,-7.3388,-1.989,1.9425
-0.16189,0.46255,0.64418,-1.3326,-1.2278,-0.78985,-0.23609,-6.5768,-0.17829,6.9593,6.6253,0.48539,3.4978,1.1515,-0.52643,-8.4532,-0.27365,-2.9016,-1.7958,2.07,0.70934,0.28382,-0.53902,0.82811,-0.32834,-2.1951,-0.41298,-1.4631,-0.11539,-2.6679,-0.15899,3.9731,0.22229,-0.36128,-2.0167,1.0054,-0.17521,2.3298,-9.952,-1.4804,-0.87374,-0.36234,-0.3571,-10.287,1.5962,0.222,1.3266,8.5998,2.3172,-1.2358,0.9716,-9.0079,-1.9134,0.11392,1.1075,-4.3589,0.78397,0.15706,0.23151,-1.1053,0.56235,-6.4434,-0.69124,-10.774,-5.2133,-0.87608,1.0678,-0.031552,-0.2151,0.14232,0.14205,3.1344,0.49631,-0.24423,-0.921,0.59369,0.31337,-3.3586,-2.4507,-0.45262,-5.7394,6.0592,0.99431,0.64606,1.1689,0.57665,0.932,-1.2297,3.0736,-0.87069,-2.1699,-0.83215,-1.6496,-1.1708,-0.36231,-4.8976,0.18446,-7.5178,-2.0437,1.7144
-0.1755,0.50707,0.92341,-1.0122,-1.4422,-0.60797,-0.11359,-6.4688,-0.1078,7.2958,6.8394,0.1863,3.5381,1.1819,-0.78647,-8.6452,-0.27532,-3.2087,-1.8839,2.0914,0.48516,0.44988,-0.21061,0.94925,-0.053812,-1.8618,-0.26065,-1.5171,-0.0069364,-2.7399,-0.22972,4.0784,0.52837,-0.67952,-2.1124,0.97581,0.052775,2.0111,-9.8924,-1.5271,-0.95399,-0.31608,-0.27068,-10.222,1.5884,-0.12619,1.7544,8.9083,2.1824,-1.2386,1.1538,-9.5063,-1.9146,0.47297,1.0914,-4.215,0.84562,0.10723,0.55526,-0.60643,0.83997,-6.1689,-0.99757,-10.723,-5.2302,-1.0043,0.78494,-0.075292,0.16288,0.49327,-0.16427,2.8585,0.78075,-0.24276,-1.2822,0.46833,0.32046,-3.0511,-2.2839,-0.69419,-5.7193,6.1735,1.2356,0.66111,1.3173,0.67107,1.1595,-0.72842,2.7823,-1.1293,-2.4396,-0.66109,-1.6614,-1.0756,-0.41994,-4.8509,-0.16254,-7.1543,-1.8786,2.1154
-0.14501,0.32951,1.1954,-1.4134,-1.1147,-0.57074,-0.47682,-6.0782,0.39724,6.8943,7.042,-0.15253,3.984,1.1602,-0.46593,-8.7994,-0.5937,-3.0096,-2.2687,2.1885,0.38391,0.23175,-0.19205,0.89834,-0.0023301,-1.9133,-0.13077,-0.9861,-0.016617,-2.7453,-0.30779,4.0181,0.71533,-0.99156,-1.911,0.74106,0.19215,2.0598,-9.8869,-1.1095,-0.87689,-0.69033,-0.44109,-10.277,1.3437,-0.54964,1.8177,9.0188,1.7518,-1.3938,1.1104,-9.4298,-1.8936,0.84761,1.0643,-4.5468,0.78519,0.422,0.45345,-0.87996,0.84681,-6.242,-1.2582,-10.781,-4.8421,-1.2763,0.42733,0.31273,-0.074948,0.19917,-0.46868,2.8088,0.97187,-0.51943,-1.2776,0.22671,0.25592,-3.2784,-2.3568,-0.76265,-5.9916,6.1339,1.3843,0.68505,1.2693,0.42983,1.1502,-0.52506,3.0303,-1.0317,-2.088,-0.79689,-1.4583,-1.0935,-0.31492,-5.1475,-0.3037,-7.252,-1.5122,2.1991
-0.10393,0.36063,0.93759,-1.018,-1.331,-0.8333,-0.45684,-5.7537,0.73347,6.7387,7.3053,0.13968,3.8501,1.1574,-0.14797,-8.5077,-0.45671,-3.0653,-2.1975,2.2832,0.32523,0.20392,-0.50719,0.6428,-0.1458,-2.0932,-0.048873,-0.69597,0.34543,-2.4866,-0.24812,4.32,0.51351,-1.189,-2.0168,0.92371,0.53557,1.8364,-9.8222,-1.0127,-0.7798,-0.94734,-0.051839,-10.587,1.3982,-0.90758,2.1806,9.049,1.5029,-1.8031,1.5086,-9.3866,-1.9316,0.80942,0.74908,-4.6095,0.64985,0.23404,0.084006,-0.86199,1.2001,-6.3387,-1.0377,-10.959,-4.3689,-1.4545,0.14112,0.57979,-0.23423,0.3287,-0.34769,2.4528,0.57842,-0.67297,-1.3376,-0.15932,0.43107,-3.101,-2.1127,-0.73994,-6.2782,6.2045,1.6106,0.6888,1.2442,0.49456,1.2926,-0.68702,3.3316,-0.60587,-2.1785,-0.69496,-1.5093,-0.81378,-0.31451,-4.816,-0.085968,-7.2875,-1.3721,2.2481
-0.12038,-0.027729,1.249,-1.1857,-1.8046,-0.96096,-0.32821,-5.7818,0.78058,6.7332,7.3866,0.4065,4.177,1.2442,-0.13021,-8.1579,-0.35356,-3.0456,-1.9615,2.1424,0.23248,0.19928,-0.66412,0.83921,0.14917,-2.0866,0.018737,-0.68373,0.30145,-2.48,-0.13909,4.5334,0.9146,-1.3364,-2.2793,0.84281,0.58093,1.9739,-9.6795,-0.74582,-0.79656,-0.81113,-0.12404,-10.285,1.2726,-0.75433,2.1771,9.0438,1.8767,-1.9415,1.933,-9.0994,-1.9183,0.5073,0.86261,-4.5779,0.40927,0.28393,0.34899,-0.75507,1.5464,-6.5461,-0.93577,-11.126,-4.3009,-1.777,0.44232,0.25574,0.1137,0.60984,-0.30822,2.6812,0.31817,-0.62965,-1.5333,-0.50157,0.7125,-3.5001,-2.159,-0.73872,-6.4663,6.2506,1.6088,0.63291,1.006,0.45965,1.6931,-0.54868,3.2563,-0.59362,-1.9569,-0.657,-1.291,-0.86964,0.074674,-4.589,-0.32575,-7.3462,-1.3844,2.3554
-0.028868,-0.32752,1.3254,-1.1036,-2.0489,-1.0554,-0.02108,-5.9086,0.95097,6.5759,7.4119,0.023322,4.4797,1.4298,-0.27474,-8.3152,-0.1433,-3.0143,-1.9795,2.205,0.08728,0.42628,-0.67636,0.8431,0.55142,-1.7327,0.013806,-0.43793,0.050906,-2.37,-0.16727,4.9956,0.82223,-1.3824,-2.0052,0.80708,0.50483,2.3995,-9.7412,-0.82687,-0.43496,-0.96014,-0.3649,-10.269,1.1233,-0.92905,2.1656,8.9091,1.8677,-2.0223,2.1241,-8.7983,-1.9499,0.40808,1.0507,-4.6268,0.39101,0.32251,0.63167,-0.56229,1.5228,-6.4298,-0.96326,-11.434,-4.4241,-1.9812,0.45112,0.58638,0.096436,0.54788,-0.53227,2.746,0.65845,-0.90263,-1.6051,-0.34883,0.31016,-3.7364,-1.9262,-0.73889,-6.6553,5.9834,2.0042,0.63723,0.96935,0.34074,2.1317,-0.59963,2.8696,-0.58188,-1.655,-0.763,-1.1137,-0.53459,-0.17491,-4.8349,-0.36296,-7.53,-1.1285,2.3332
-0.055562,-0.15062,1.0505,-1.024,-1.7028,-1.0208,0.10075,-5.527,0.70132,6.0986,7.5638,0.074105,4.6068,1.4819,-0.55255,-8.7362,-0.23546,-3.3668,-1.9508,2.3001,0.07107,0.42128,-0.40152,0.77817,0.42195,-2.0309,0.43262,-0.82095,0.25741,-2.1423,-0.30882,5.0621,1.1031,-1.3159,-1.9729,0.67526,0.26967,2.7799,-10.118,-1.1436,-0.3912,-0.5805,-0.25327,-10.539,0.96015,-1.0095,2.0486,8.7472,1.9101,-1.7618,1.8517,-8.6344,-1.9641,-0.059771,0.71525,-4.5054,0.59738,0.063169,0.94986,-0.40703,1.6411,-6.2378,-1.2659,-11.337,-4.1277,-1.819,0.40551,0.75924,-0.22185,0.81356,-0.5172,2.7036,0.9638,-0.7256,-1.2997,-0.17433,0.34883,-3.944,-1.9612,-0.7481,-6.9481,6.0935,1.9596,0.8376,0.96109,0.18046,2.2957,-0.55273,3.0439,-0.53685,-1.7799,-0.36456,-1.3279,-0.45949,0.23956,-4.6873,-0.082309,-7.5736,-1.0887,2.2934
0.22156,0.0089749,1.2632,-0.68786,-1.6625,-0.76237,0.13311,-5.324,0.57566,5.9854,7.3949,0.0059521,4.9007,1.4433,-0.62507,-8.9416,-0.080883,-3.0714,-2.0945,1.9542,0.34393,0.79449,-0.23253,0.73336,0.28689,-2.0184,0.39073,-0.57876,0.13491,-1.6973,-0.58918,5.1456,1.0814,-1.2441,-1.8662,0.62831,0.40745,2.9149,-10.138,-0.95967,-0.59917,-0.53833,-0.28197,-10.714,0.5499,-0.95737,2.5359,8.6992,1.4691,-1.3203,1.7479,-8.7178,-1.6731,0.31423,0.77601,-4.6424,0.87512,0.27388,1.123,0.042342,1.6654,-6.4156,-1.293,-10.914,-4.43,-1.7775,0.48272,0.53525,-0.46819,0.94679,-0.29456,3.0448,1.0836,-0.39116,-1.2659,-0.13899,0.29286,-3.5573,-2.0751,-0.77201,-7.0778,5.9049,2.1427,0.94762,1.1913,-0.050358,2.7375,-0.15369,3.2576,-0.9039,-2.1529,-0.21275,-1.3018,-0.78476,0.48723,-4.721,-0.20601,-7.5856,-0.8998,2.3835
-0.061021,-0.092237,1.3793,-1.0144,-1.613,-0.66152,-0.27613,-5.4555,0.66449,5.8638,7.591,-0.10457,4.6495,1.5707,-0.80625,-9.2267,-0.19928,-2.9111,-1.7297,2.1946,0.40757,0.77759,-0.23786,0.57936,-0.11027,-2.2884,0.36844,-0.63664,-0.25948,-1.2823,-0.53342,5.2333,1.2688,-1.2488,-1.7592,0.55052,0.5508,2.5747,-10.302,-1.1862,-0.86617,-0.28241,-0.50452,-10.841,0.4231,-0.90009,2.57,8.6715,1.7586,-0.98147,1.8201,-8.909,-1.5448,0.30332,1.0114,-4.8089,1.147,-0.10878,0.77106,-0.27474,1.6426,-6.9078,-0.91272,-10.89,-4.3758,-1.5774,0.28308,0.5127,-0.15762,1.045,-0.071502,3.357,0.90161,-0.59466,-1.598,-0.27028,-0.12345,-3.4578,-2.1875,-1.0995,-6.7839,6.0671,2.12,0.66868,1.3132,0.11574,2.8768,0.18527,3.1834,-1.2296,-2.2567,-0.54585,-1.2145,-0.94922,0.71761,-4.6461,-0.32379,-8.0066,-0.53392,2.8044
-0.06732,0.1357,1.2028,-0.69566,-1.5081,-0.4114,-0.72299,-5.6026,0.98333,6.0754,7.5776,-0.088596,4.7162,1.3347,-1.1201,-9.251,-0.07852,-2.6976,-1.8173,2.3014,0.39556,0.63387,-0.065694,0.21442,-0.42956,-2.6587,0.71469,-0.93975,-0.14945,-1.2643,-0.42037,5.5673,1.2794,-1.316,-1.4484,0.67798,0.78427,2.2951,-10.044,-1.0576,-0.7956,-0.36565,-0.56652,-10.766,0.16108,-1.3015,2.5384,8.6218,1.7643,-1.2782,1.4785,-8.6947,-1.5972,-0.082484,0.88417,-4.7086,1.2973,-0.35046,0.82535,-0.24962,1.5347,-7.1397,-0.75834,-10.874,-4.3898,-1.8762,0.40364,0.35125,-0.57816,1.3583,0.034808,3.4081,0.60576,-0.13279,-1.7757,-0.36819,-0.23415,-3.5784,-2.255,-1.1806,-7.262,6.2927,2.0616,0.65385,1.2245,-0.23679,3.0537,-0.018097,3.0501,-1.0664,-2.3681,-0.63269,-1.1162,-0.69161,0.96718,-4.5497,0.096229,-8.1497,-0.50324,2.8503
0.011682,0.21649,1.2919,-0.89626,-1.4462,-0.32187,-0.89636,-5.516,1.3769,6.1976,7.5831,-0.056887,4.6952,1.6094,-1.1086,-9.0833,0.35359,-2.4553,-1.7875,2.6959,0.14637,0.46606,-0.37379,0.37394,-0.35371,-2.5965,0.61162,-0.67753,0.20269,-1.5774,-0.17894,5.6873,1.2728,-1.1992,-1.2111,0.62481,1.0291,2.5877,-10.126,-1.0597,-0.47975,-0.35639,-0.85494,-10.836,0.27582,-1.5091,2.5108,8.1737,1.8377,-1.1643,1.5317,-8.9546,-1.8405,0.26361,0.77318,-4.5687,1.4742,-0.36903,0.67563,-0.27313,1.6062,-7.2492,-0.63344,-10.652,-4.0143,-1.7993,0.14473,-0.038264,-0.59235,1.2071,0.26017,3.4112,0.67495,-0.21801,-1.636,-0.58374,-0.17318,-3.9393,-2.2444,-1.5638,-7.3264,6.5271,2.4661,0.89703,0.97793,0.1341,3.1381,-0.19972,3.139,-0.79421,-2.8353,-0.52836,-1.3558,-0.58735,0.98856,-4.302,0.09381,-8.0695,-0.51432,2.8968
0.12554,0.20454,1.4238,-1.255,-1.5611,-0.6767,-0.95025,-5.2341,1.0451,5.9554,7.7638,-0.33959,4.5506,1.8104,-1.2073,-8.9459,0.32788,-2.3683,-1.4371,3.019,0.34645,0.41465,-0.17316,0.72496,-0.31891,-2.6561,0.61778,-0.73645,-0.20546,-1.3176,0.058779,5.6863,1.1454,-0.83274,-1.1701,0.35082,0.85669,2.8164,-10.216,-1.1022,-0.40667,-0.53149,-0.88125,-11.014,0.15071,-1.8628,2.4643,7.8764,1.8159,-1.1385,1.8621,-9.1718,-2.0037,0.083942,0.82071,-4.5212,1.6174,-0.37549,0.54767,-0.084787,1.0742,-7.3694,-0.51525,-10.874,-4.2169,-1.8873,0.39333,-0.36527,-0.7166,1.4342,0.67231,3.2802,0.38902,-0.21965,-1.849,-0.72168,0.030593,-3.7299,-2.2241,-1.4115,-7.7468,6.4785,2.422,0.72615,0.76645,0.26417,3.0028,0.071624,2.7454,-0.78281,-2.9829,-0.53795,-1.5702,-0.29126,0.94719,-4.1724,0.40816,-8.3832,-0.43763,2.5524
0.1804,-0.097598,1.3862,-1.1396,-1.5206,-0.51044,-1.1293,-5.2591,0.87438,5.6477,7.8328,-0.51645,4.8943,2.0471,-1.5435,-9.003,0.048167,-2.6955,-1.434,3.0473,0.33671,0.31144,-0.4501,0.59949,-0.27862,-2.7143,0.85377,-0.6547,-0.2578,-1.1582,-0.0027164,5.4329,0.77102,-1.1511,-1.1002,0.1504,0.87805,2.4549,-10.056,-1.2605,0.10716,-0.48203,-0.81592,-10.772,0.13478,-1.4379,2.8802,7.8227,2.1082,-0.99442,1.893,-9.0114,-2.2327,-0.1312,0.85498,-4.8369,1.3268,-0.39334,0.76008,-0.080648,0.91488,-7.6891,-0.64695,-11.23,-4.1652,-1.4604,0.72699,-0.36857,-0.62123,1.5404,0.50887,3.2714,0.61552,-0.34364,-2.2102,-0.86089,0.27622,-3.2242,-2.0787,-1.2,-7.5079,6.7131,2.5159,0.71356,0.71446,0.63596,3.3657,0.57974,2.7674,-0.5657,-3.212,-0.45368,-1.6354,-0.15974,0.70337,-4.0113,0.50744,-8.4113,-0.76687,2.8987
0.30906,-0.53225,1.1775,-1.0643,-1.8181,-0.23336,-0.99905,-4.9048,0.74768,5.4235,7.9136,-0.72103,5.1002,2.1684,-1.2246,-8.9534,0.1053,-2.6076,-1.1568,2.8736,0.37899,0.43676,-0.46547,0.77692,-0.090866,-2.5803,1.2147,-0.6025,-0.60576,-0.73915,0.2522,5.8945,0.9272,-1.3265,-0.84948,0.37012,1.1038,2.6724,-9.9695,-0.86331,-0.13313,-0.7826,-0.777,-10.919,0.082121,-1.595,2.8007,7.8996,2.193,-1.3171,2.2225,-8.9213,-1.9095,-0.12563,0.98123,-5.045,1.3962,-0.57051,0.78891,-0.0005632,1.0982,-7.3458,-0.70248,-11.592,-3.7657,-1.4816,0.6902,-0.19721,-0.49944,1.2455,0.68552,2.9216,0.48562,-0.29623,-2.1567,-1.1945,-0.14305,-3.1628,-1.6942,-1.6404,-7.5189,6.8063,2.465,0.96752,0.85081,1.0415,3.3293,0.53624,2.7022,-0.53892,-3.2459,-0.29069,-1.2055,-0.26359,1.0227,-4.0982,0.21894,-8.2975,-1.1586,2.8217
0.061081,-0.2197,1.4715,-1.1881,-1.8697,-0.18085,-1.0358,-5.0062,0.77627,5.5811,7.5846,-1.1128,5.5741,1.8696,-1.2698,-8.8678,-0.10116,-2.8171,-1.5693,2.6975,0.77271,0.43537,-0.32377,1.0474,-0.27963,-2.9044,1.4412,-0.46011,-0.84579,-0.37371,0.34809,6.0068,0.7591,-1.4272,-0.7943,0.63136,0.91636,2.4996,-9.5994,-0.82251,0.04954,-0.80249,-0.84339,-10.788,0.38345,-1.5702,2.7357,7.8084,2.289,-1.3381,2.2484,-8.9583,-1.9088,-0.35926,1.4646,-4.5258,1.0139,-0.7269,0.6663,0.23208,1.0259,-7.5071,-0.79812,-11.169,-3.7321,-1.2144,0.78666,-0.25308,-0.36901,1.6104,0.74477,3.3255,0.62116,-0.19032,-2.4904,-1.4494,-0.19377,-2.8002,-1.917,-2.0961,-7.805,6.7483,2.5362,0.60657,0.4878,0.89456,3.0467,0.85014,2.5005,-0.73377,-3.5449,0.067095,-0.9754,-0.24735,1.1123,-4.0485,0.1713,-8.4344,-1.1299,3.2678
-0.03454,-0.2404,1.325,-1.1611,-2.1438,-0.19162,-1.0572,-4.7414,1.11,5.0982,7.8672,-1.0114,5.7494,1.9114,-1.5118,-9.0989,-0.36434,-2.6703,-1.9614,2.7096,1.0804,0.69514,-0.19272,1.4278,-0.34952,-3.0784,1.4174,-0.25183,-1.0616,-0.68386,0.50776,6.0634,0.53172,-1.3555,-0.90499,0.9115,0.96454,2.3298,-9.4039,-0.80227,-0.27331,-0.46998,-0.90046,-10.649,0.67323,-1.8132,2.4812,7.762,2.5595,-0.90346,2.3544,-9.1288,-1.854,-0.26783,1.2995,-4.4996,1.1447,-0.6662,0.6707,0.50874,0.77037,-7.603,-0.75119,-11.445,-4.122,-1.4021,0.49903,-0.14976,-0.54569,1.8669,0.72743,3.0005,0.52839,-6.2403e-05,-2.9501,-1.6171,-0.23693,-2.4558,-2.2858,-2.1438,-7.8734,7.0344,2.9702,0.33402,0.1345,0.51144,3.1621,0.82355,2.8338,-0.57023,-3.6663,0.44936,-0.91947,-0.090167,0.70622,-4.049,0.20056,-8.4344,-1.2454,3.3311
-0.24587,-0.25351,1.0489,-0.97162,-2.1852,-0.14718,-1.3915,-4.4828,1.2208,4.7979,7.9175,-0.62474,6.0104,1.8649,-1.1885,-9.24,0.0034792,-2.3222,-2.0983,2.5716,1.2818,0.72259,-0.14462,1.1919,-0.64542,-3.1162,1.0041,-0.39493,-0.94695,-0.49584,0.75633,6.07,0.48781,-1.3976,-0.61766,0.94324,0.99439,2.1307,-9.8099,-0.62583,0.10807,-0.58078,-0.9223,-10.751,0.54898,-1.8415,2.5639,7.9183,2.8678,-0.40344,2.2354,-9.54,-1.8398,-0.30808,1.4101,-4.7442,0.93837,-0.14852,0.84457,0.54647,0.84905,-7.7432,-0.7316,-11.425,-3.9159,-1.2265,0.16599,-0.1538,-0.60138,1.4564,0.35872,2.7418,0.48659,0.39789,-3.2514,-1.7317,-0.5639,-2.4396,-2.6985,-1.7818,-7.79,6.7666,2.8494,0.44016,0.13993,0.29805,3.0519,1.0986,2.9508,-0.12849,-3.6267,0.47674,-1.0149,-0.15534,0.7835,-3.7121,0.088403,-8.1316,-0.90241,3.0184
-0.080453,0.18691,0.97808,-0.65477,-1.8165,-0.25864,-1.6727,-4.8744,1.5053,4.6756,7.6291,-1.0641,5.7233,1.8301,-0.82225,-9.2639,-0.0735,-2.04,-2.2181,2.9608,1.4797,0.4955,-0.17458,1.2063,-0.84226,-2.8648,0.8236,-0.60085,-0.89161,-0.30097,0.58946,5.9407,0.50101,-1.2342,-0.40444,0.64318,1.3811,2.1902,-9.4456,-0.93431,0.05252,-0.711,-0.62417,-10.874,0.1402,-1.4522,2.7442,7.9089,2.655,-0.6518,2.5862,-9.3752,-1.7425,-0.62061,1.4051,-4.8817,0.58268,-0.24368,0.66808,0.26625,1.0954,-8.1819,-1.1894,-11.06,-3.8746,-0.95313,0.36105,-0.12543,-0.68782,1.6438,0.64276,2.3533,0.62535,0.067664,-3.1943,-1.698,-0.4806,-2.3445,-2.8117,-1.8582,-8.0993,6.7071,3.0343,0.4348,0.0090975,0.10677,2.9788,1.144,2.7059,-0.25715,-3.6093,0.11571,-1.1495,0.050081,0.76176,-3.3554,-0.025434,-8.1311,-0.86101,3.4278
-0.08754,0.30721,1.2261,-0.27566,-1.4035,0.019876,-1.896,-4.9598,1.2426,4.9241,7.5653,-1.251,5.9307,1.6634,-0.83032,-9.632,-0.22608,-2.1844,-2.2858,2.8089,1.1347,0.18225,-0.50777,1.6606,-0.70629,-2.455,0.6504,-0.79643,-0.98022,-0.21681,0.87284,6.0957,0.51778,-1.1472,-0.28943,0.43234,1.4975,2.2936,-9.7675,-0.8136,-0.1336,-0.76032,-0.91794,-10.669,0.2758,-1.3063,2.7975,7.931,3.131,-0.64747,2.3157,-9.3021,-1.6739,-0.75596,1.6587,-4.7862,0.38166,-0.12011,0.64781,0.10899,1.2648,-8.3035,-1.3268,-10.714,-4.052,-1.1615,0.27321,-0.10589,-0.78544,1.483,0.55266,2.3142,0.70267,0.13662,-2.9076,-1.8073,-0.46014,-1.8829,-2.7059,-1.8747,-8.5278,7.0593,3.0814,0.66181,0.013639,0.24056,3.2326,1.2342,2.3725,-0.071808,-3.2981,-0.13566,-1.3458,0.0048034,0.7326,-3.2044,-0.11197,-8.3744,-0.57703,3.0545
-0.049404,0.38968,1.3204,-0.39142,-1.6997,-0.21008,-2.1892,-4.9199,1.3815,4.596,7.8891,-1.554,5.8324,1.7454,-0.81344,-9.8415,-0.18029,-2.1313,-2.3386,2.7985,0.95713,-0.077105,-0.40308,1.6152,-0.44491,-2.3256,0.53576,-0.68847,-1.208,-0.14419,0.49785,6.1862,0.54586,-0.70011,-0.25731,0.71129,1.4703,2.5244,-9.4811,-0.88202,-0.0725,-0.89258,-0.76251,-10.939,0.34167,-1.5113,2.7665,7.8439,3.6088,-0.49698,2.3301,-9.0917,-1.465,-0.77807,1.645,-4.9827,0.44623,-0.32413,0.70093,0.48717,1.0936,-8.3122,-1.3081,-10.685,-3.6458,-1.3703,0.38022,0.068491,-0.82944,1.5386,0.76813,2.2412,0.39793,0.19668,-2.7705,-1.5472,-0.54536,-2.0072,-2.7051,-1.574,-8.7223,7.0436,3.107,0.65641,0.021635,0.019681,3.5475,1.076,2.0272,0.041678,-3.1597,-0.36556,-1.1233,-0.20459,0.59853,-3.3899,-0.45379,-8.4465,-0.56932,3.3788
-0.40639,0.37311,1.0463,-0.37904,-1.6733,-0.01626,-2.2063,-5.1642,1.3686,4.6533,8.0975,-1.2013,5.4805,1.7857,-0.95838,-9.9275,-0.29355,-2.1736,-2.2527,2.8515,1.0048,-0.15481,-0.37477,1.6681,-0.56635,-2.4054,0.47711,-0.89011,-0.91247,0.092886,0.21364,6.4674,0.72373,-0.76831,-0.53963,0.94906,1.6595,2.4258,-9.581,-0.71278,-0.012728,-1.2699,-0.70169,-10.933,0.074117,-1.2763,2.8109,7.961,3.5866,-0.39677,2.377,-9.2255,-1.2707,-0.84973,1.4697,-4.7373,0.10314,-0.1013,0.93676,0.62137,1.0161,-8.1381,-1.7904,-10.532,-3.6058,-1.0071,0.50414,-0.10873,-0.64635,1.3688,0.98348,2.4561,0.39816,0.085482,-2.9034,-1.1714,-0.67413,-1.7063,-2.8419,-1.8689,-8.4647,7.1456,3.1678,0.76463,-0.0016931,-0.0037779,4.0144,1.1831,1.701,0.12763,-2.9353,-0.00052817,-0.81837,0.014402,0.49222,-3.2982,-0.42637,-8.5238,-0.18093,3.4351
-0.75045,0.62587,0.96571,-0.5628,-1.5944,0.38347,-2.1833,-5.2987,1.4779,4.3372,8.3489,-0.98847,5.9728,2.1021,-1.3711,-10.068,-0.13419,-2.2545,-2.2548,2.7568,0.73009,-0.48488,-0.043291,2.0649,-0.83433,-2.277,0.33395,-1.133,-0.73959,0.058173,0.28718,6.155,0.68231,-0.46864,-0.49512,1.171,1.3618,2.6296,-9.961,-0.8647,-0.11936,-1.1504,-0.34857,-11.194,-0.22506,-1.1918,2.6598,8.1601,4.0783,-0.12975,2.7053,-9.3089,-1.5694,-0.50562,1.6669,-4.8526,0.042306,-0.32426,1.1414,0.86835,0.60998,-8.1177,-1.8338,-10.536,-3.835,-0.68833,0.15578,-0.24006,-0.75448,1.7986,0.92429,2.8237,0.44786,-0.20213,-2.6956,-1.2948,-0.47411,-1.8029,-2.4678,-1.7661,-8.6202,7.3343,3.5531,0.84811,-0.13637,-0.37568,4.0651,1.6266,1.2013,0.46304,-2.5955,0.23449,-0.7736,0.089609,0.37084,-3.6429,-0.37301,-8.9206,-0.15502,3.5403
-0.7481,0.63733,1.1194,-0.3485,-1.4484,0.37601,-2.0656,-5.648,1.6183,4.0836,8.1634,-1.1261,6.3553,2.3269,-1.2436,-10.229,0.11096,-2.5565,-2.0975,2.6593,1.0693,-0.5564,-0.18067,2.1953,-0.94009,-2.687,0.046516,-0.88927,-0.6585,-0.065033,0.74143,6.4754,0.4801,-0.34923,-0.49779,1.0906,1.4938,3.0247,-9.8644,-0.58963,-0.031243,-0.70698,-0.15518,-10.962,-0.11088,-0.92275,2.6054,8.2524,4.0229,0.091619,2.6957,-9.6859,-1.2922,-0.12063,2.1216,-4.9258,0.15021,-0.25789,1.2437,0.57411,0.34552,-8.0089,-1.7579,-10.383,-3.8545,-0.40065,0.094996,-0.62941,-1.1555,1.9168,1.0917,2.8471,0.72557,0.10794,-2.7159,-0.84296,-0.76701,-1.2958,-2.548,-1.7755,-8.6883,7.4739,3.5687,1.0126,-0.47703,-0.70078,3.7836,1.6915,0.7744,0.29328,-2.9613,0.15293,-0.76424,0.16051,0.40482,-3.3344,-0.38501,-8.7135,-0.52483,3.5553
-0.74269,0.5854,1.2292,-0.21838,-1.5424,0.059378,-2.0639,-5.6837,1.7172,3.9005,7.9701,-0.70685,6.0103,2.3416,-1.2595,-10.691,0.19454,-2.6982,-1.9659,3.1042,1.0256,-0.25673,-0.083836,2.5634,-0.99357,-2.7088,-0.050475,-0.86135,-0.66397,-0.23142,0.89758,6.5098,0.36948,0.020423,-0.32393,1.2783,1.4783,2.9611,-9.877,-0.48163,-0.43183,-0.41113,0.00045144,-10.563,0.16512,-0.91962,2.5551,8.3181,4.1654,0.37928,2.2332,-9.7424,-1.2894,0.20873,2.1754,-4.5266,0.37231,0.15423,0.97128,0.76604,-0.078479,-8.4018,-1.5947,-10.367,-4.1521,-0.31715,0.064344,-0.51816,-1.5939,2.15,1.0955,3.2294,0.92622,0.4369,-2.7175,-0.75509,-0.66566,-1.245,-2.579,-2.137,-9.0054,7.1812,3.6595,1.1841,-0.76208,-0.71404,4.1331,1.6014,0.87471,0.21541,-3.364,0.24899,-0.6299,0.71492,0.21721,-3.4489,0.038248,-8.3798,-0.30566,3.5132
-0.74483,0.57577,1.4137,0.1834,-1.1819,-0.23334,-1.9455,-6.0425,1.6309,4.0958,7.9482,-1.0122,6.1419,2.5503,-1.5809,-11.076,-0.069706,-2.5723,-2.2084,2.8134,1.1349,-0.081895,0.15135,2.3303,-0.86691,-2.7446,-0.081104,-0.72686,-0.7952,-0.45543,0.85068,6.5432,0.22651,0.03017,-0.60444,0.95444,1.4099,2.8013,-9.8185,-0.27278,-0.40458,-0.44118,0.18675,-10.53,-0.11636,-1.1813,2.7716,8.2043,4.5633,0.22943,2.0073,-9.8753,-1.6036,0.54669,2.1774,-4.1875,0.3302,0.14325,0.99586,0.66169,-0.15183,-8.8467,-1.7552,-10.66,-4.3626,-0.68165,0.054847,-0.17194,-1.5309,1.9244,1.206,3.4627,0.98152,0.51985,-2.8787,-0.45885,-0.74083,-1.0758,-2.5629,-1.9968,-9.3226,7.0371,3.8261,1.075,-0.97638,-0.81591,4.1172,1.7957,0.55353,0.42652,-3.2152,0.50679,-0.609,1.0079,0.13427,-3.5745,0.092597,-8.3764,-0.027327,3.2528
-0.72299,0.77175,1.2076,0.40359,-1.3458,-0.43871,-1.827,-6.0599,2.0202,3.795,7.9955,-1.3379,5.9061,2.5457,-1.645,-11.214,0.052291,-2.536,-2.1199,3.1454,1.4633,-0.020011,0.28465,2.0817,-1.2159,-2.7898,-0.30587,-0.76046,-0.46324,-0.42049,0.45848,6.4994,0.62431,0.14338,-0.18381,0.70535,1.4876,2.776,-9.4983,-0.17381,-0.50739,-0.19192,0.092255,-10.352,0.039436,-1.2206,2.9025,8.3619,4.5778,0.36945,2.1612,-9.9117,-1.5141,0.88145,2.3347,-3.8378,0.42821,0.52578,0.97986,0.34672,0.12518,-8.9769,-1.8476,-10.603,-4.3351,-0.59024,0.29087,-0.26583,-1.6893,2.0597,1.1474,3.4875,1.0408,0.96864,-2.4972,-0.5414,-1.0136,-1.4269,-2.3223,-2.2009,-9.3451,7.0041,3.6378,1.3487,-0.90846,-0.58733,4.1719,1.5712,0.65198,0.36046,-3.1295,0.85395,-0.59132,0.6875,0.16566,-3.4949,0.2025,-8.4345,-0.013077,3.0976
-0.81233,0.52191,0.77045,0.059326,-1.252,-0.52878,-1.5511,-6.038,2.3138,3.9386,8.3153,-0.96163,6.0039,2.9328,-1.2266,-11.199,0.31628,-2.1428,-2.095,3.0296,1.4448,-0.054852,0.60121,2.1994,-1.3352,-2.712,-0.27381,-0.47644,-0.20623,-0.32761,0.82675,6.43,0.20857,0.11061,0.29958,0.9588,1.2449,2.7627,-9.6829,-0.36408,-0.4991,-0.22547,-0.2322,-10.54,0.064117,-1.1362,3.0916,8.6992,4.3591,0.59961,2.166,-10.315,-1.3658,0.64004,2.5651,-3.8314,0.25174,0.62267,0.99159,0.6665,0.073534,-9.1196,-1.993,-10.379,-4.2868,-0.53245,0.31343,-0.33605,-1.427,2.0194,1.1972,3.3087,0.98995,0.99586,-2.5753,-0.64138,-1.3161,-1.0826,-2.0318,-2.4285,-8.9391,6.7756,3.3968,1.2686,-1.2413,-0.24659,4.0775,1.4895,0.84938,0.0094294,-3.3868,0.52666,-0.34311,1.1545,0.2287,-3.3372,0.19913,-8.2523,-0.38832,3.0523
-1.0683,0.70456,0.75758,0.025234,-1.3956,-0.14887,-1.4189,-6.4453,2.4316,3.9949,8.1784,-0.71695,5.6944,2.8279,-1.0349,-11.494,0.15223,-2.4911,-1.7213,3.0735,1.3252,-0.20821,0.96063,2.2343,-1.3661,-2.458,-0.13127,-0.42817,-0.065069,-0.40616,0.65787,6.3212,0.4173,-0.055703,0.50341,0.71839,1.046,3.0131,-9.4924,-0.59297,-0.21285,-0.57898,-0.17666,-10.519,0.35014,-1.1182,3.0714,8.5678,4.311,0.57555,2.1791,-9.9428,-1.3182,0.72184,2.5613,-3.4452,0.25563,0.86126,1.4109,0.88343,-0.060338,-9.2831,-1.8072,-10.183,-4.366,-0.84807,0.56526,-0.3468,-1.1641,2.0074,0.84622,3.244,1.1311,0.80429,-2.4512,-1.0044,-0.86514,-0.81359,-1.6964,-2.1956,-8.9446,6.7347,3.5226,1.4147,-1.2887,0.10072,4.0332,1.2847,0.4151,0.056872,-3.3754,0.86823,-0.33743,1.2593,0.33605,-3.34,0.049318,-8.6575,0.069625,3.2945
-1.0334,0.55877,0.95485,0.059388,-1.2403,-0.55679,-1.1628,-6.8013,2.8143,3.8848,8.4394,-0.70103,5.9703,2.9482,-0.96684,-11.557,0.51356,-2.7598,-1.7167,3.0881,1.2733,-0.20757,0.619,1.8204,-1.1014,-2.316,-0.21979,-0.33354,0.029129,0.081544,0.91528,6.396,0.34795,0.37945,0.80396,0.88171,0.99548,3.4067,-9.5844,-0.37602,0.043515,-0.35571,-0.15128,-10.63,-0.015635,-1.1344,3.0561,8.2918,4.4801,0.81431,2.1689,-9.6487,-1.4507,0.81091,2.8833,-3.2347,0.32191,1.062,1.3768,0.88363,-0.017897,-9.4134,-2.0003,-10.239,-3.8923,-1.0521,0.074811,-0.0065844,-1.352,1.6545,1.0364,3.3778,1.1597,0.7994,-2.4805,-1.2677,-0.73017,-1.1529,-1.6802,-2.0789,-8.7282,6.6265,3.91,1.6062,-1.5104,0.26685,4.351,1.5191,0.3232,-0.068191,-3.3692,0.97681,-0.20704,1.4491,0.1194,-2.9709,-0.18002,-8.6667,0.096615,3.2542
-0.9879,0.59513,1.2796,-0.17282,-1.1961,-0.4149,-0.77602,-7.0759,2.6787,4.1299,8.4215,-0.58175,6.1961,2.9154,-0.48268,-11.544,0.67888,-2.3832,-1.4551,3.5062,1.2144,-0.38033,0.47579,1.5861,-1.4589,-2.7385,-0.39024,-0.59277,-0.16937,0.12781,0.81331,6.0694,0.39699,0.34891,1.0971,0.71079,0.69195,3.6834,-9.6942,-0.55206,-0.27017,-0.45435,-0.066901,-10.814,-0.092057,-0.99547,3.0072,8.3756,4.679,0.45849,2.1733,-9.7118,-1.5617,0.84832,2.9806,-3.1411,0.4709,1.3694,1.3928,0.84408,-0.4219,-9.5223,-1.8145,-10.358,-3.8131,-0.75043,-0.078302,-0.16183,-1.4304,1.8519,0.93927,3.3053,0.98699,0.97846,-2.2813,-1.3621,-0.85553,-1.083,-1.7037,-2.0272,-8.5533,6.5254,4.2453,1.2136,-1.5757,-0.16331,4.4576,1.9026,0.33978,-0.020213,-3.402,1.0182,-0.32715,1.2339,-0.05409,-2.7862,0.11652,-8.5856,0.1003,2.9403
-1.1022,0.7594,1.2811,0.11926,-1.24,-0.17992,-0.73546,-6.9057,2.3467,4.0815,8.1646,-0.20725,6.5973,3.0204,-0.43304,-11.418,0.87329,-2.3532,-1.5185,3.1226,1.1694,-0.79296,0.12412,1.541,-1.4398,-3.0467,-0.52089,-0.4688,-0.57333,0.098073,1.1728,6.3306,0.45014,0.3226,0.91218,0.56548,0.58137,4.0137,-9.8604,-0.50174,-0.36911,-0.58251,0.37857,-10.639,-0.096319,-1.177,2.7818,8.1675,4.6832,0.2519,1.8593,-9.9448,-1.5688,0.50353,2.8213,-2.8393,0.18457,1.3128,1.5948,0.9199,-0.49321,-9.5725,-1.9236,-10.277,-3.6693,-1.0229,-0.30654,-0.19259,-1.4475,1.6713,1.386,2.9707,1.2151,0.61648,-2.4524,-1.1209,-1.2358,-1.0662,-2.0747,-1.6682,-8.648,6.3883,4.5938,1.1468,-1.3157,-0.22619,4.1705,1.9979,0.41736,0.22239,-3.3682,1.3453,-0.63896,1.3078,-0.42817,-2.6804,0.50307,-8.5737,0.28834,3.0566
-1.2347,0.61515,0.9761,-0.10228,-0.98696,0.10059,-1.0578,-6.6738,2.6453,4.1385,8.2764,0.10738,6.7852,2.9177,-0.14725,-11.596,1.0945,-2.0643,-1.5359,3.1139,1.0006,-0.69314,0.10182,1.1983,-1.8139,-2.8925,-0.57481,-0.0077254,-1.0155,-0.086707,1.1626,6.5349,0.4708,0.48562,1.3717,0.91727,0.92029,4.2428,-10.138,-0.23453,-0.36285,-0.78051,0.52794,-10.675,0.09072,-1.0369,2.7335,8.1178,4.7114,0.43858,1.9307,-9.8165,-1.5226,0.30811,2.7086,-3.3063,0.47997,1.7849,1.3866,1.0233,-0.87611,-9.5894,-1.7093,-9.8569,-3.4055,-1.0621,-0.50522,0.081859,-1.8337,1.5231,1.6987,2.892,1.2811,0.33482,-2.8762,-1.2889,-1.4056,-0.99624,-2.361,-1.2545,-8.9514,6.7683,4.4315,1.5022,-1.5511,-0.0039101,3.9638,2.1363,0.40809,0.22288,-3.4988,1.1913,-0.67013,1.1339,-0.42034,-2.6772,0.31442,-8.6968,-0.097089,2.7943
-1.3382,0.4698,1.2225,0.084666,-0.97743,-0.19895,-1.18,-6.8293,2.7391,3.7487,7.9983,0.20498,6.797,2.9331,0.099459,-11.639,1.3594,-1.7266,-1.9417,3.4802,0.82284,-0.93265,0.18878,1.562,-1.7728,-2.8053,-0.62622,-0.013214,-1.1805,0.16695,1.5718,6.5687,0.44368,0.17565,1.2647,1.131,0.92235,4.6306,-10.504,-0.13788,-0.26384,-1.0914,0.71437,-10.834,0.39632,-1.0587,2.5565,8.1451,4.9411,0.31992,1.8333,-9.4232,-1.5609,0.32361,2.8091,-3.353,0.89197,1.8403,1.602,1.0372,-0.70593,-9.6421,-1.4913,-9.8857,-3.2162,-0.71791,-0.68408,0.18895,-2.241,1.8734,1.5391,2.7723,1.406,-0.066085,-3.0939,-1.2413,-1.237,-0.79415,-1.9971,-1.5169,-9.1956,6.6472,4.9037,1.488,-1.5508,-0.43397,4.224,2.2927,0.69926,0.063096,-3.3907,1.4939,-0.74471,1.3096,-0.33982,-2.5994,-0.040478,-8.7816,-0.20969,2.7393
-1.3472,0.53962,1.1679,0.074139,-1.1044,-0.45506,-1.083,-6.4181,3.0283,3.6003,7.9325,0.22545,6.9638,3.1366,0.080129,-11.629,1.1262,-1.4115,-1.7172,3.6462,0.88697,-0.88491,-0.13913,1.5905,-1.4341,-2.8635,-0.90024,-0.28759,-1.0812,0.60518,1.3327,6.5789,0.5889,0.405,1.2673,1.0806,0.94571,4.8217,-10.874,-0.26556,-0.21758,-0.91137,1.1425,-11.093,0.51891,-1.0338,2.8342,8.2565,5.4695,-0.044883,1.6626,-9.1641,-1.5181,0.34374,2.9203,-3.3524,1.3111,2.0312,1.3583,0.64668,-0.80642,-9.8916,-1.1689,-10.179,-3.2154,-0.80732,-0.62251,0.11527,-1.806,1.9041,1.3979,2.8368,1.4747,0.28632,-2.8588,-0.79752,-1.1664,-0.88815,-1.9419,-1.6868,-8.9147,6.7029,4.7742,1.8743,-1.1631,-0.10015,4.0541,2.1009,1.0138,-0.10008,-3.0721,1.514,-0.83391,1.6938,0.069586,-2.8875,-0.22456,-8.8357,-0.20139,2.6672
-1.6622,0.97319,1.5071,0.29401,-1.3218,-0.20872,-0.94968,-6.012,3.1286,3.0786,7.9245,0.14479,6.6503,3.2085,-0.27937,-11.153,1.133,-1.3508,-1.8962,3.6452,0.77479,-0.48231,0.083209,1.6139,-1.7551,-3.3577,-0.82053,-0.31001,-1.0407,0.24205,1.7674,6.5699,0.46626,0.86056,1.0664,1.0496,0.7056,4.9779,-11.286,0.018119,0.13618,-0.79689,1.1359,-11.053,0.72992,-0.95779,2.8494,8.5594,5.3218,0.10142,1.7542,-9.1426,-1.336,0.28925,2.9247,-3.4182,1.0338,2.4003,1.3832,0.27023,-0.98241,-9.8355,-0.96671,-10.046,-2.9229,-1.1094,-1.0057,0.26494,-1.8338,2.0248,1.3692,3.2803,1.2259,0.24991,-2.895,-0.74439,-1.0629,-0.87465,-2.1924,-1.3948,-8.4743,6.7326,4.4808,1.9629,-1.3682,-0.071165,4.5402,1.7598,0.82401,-0.15064,-3.4433,1.5571,-1.1165,1.3262,0.23839,-2.6289,-0.37486,-8.9657,-0.6032,2.7185
-1.4108,0.92328,1.2999,0.43219,-1.7113,-0.46864,-1.0371,-5.9744,2.5813,2.7859,7.8843,-0.16805,6.9045,3.2413,-0.45783,-11.291,1.201,-0.85595,-1.6477,4.128,0.33986,-0.72396,0.22477,1.5864,-1.7449,-3.2036,-1.1355,-0.40414,-0.87231,0.55816,1.8303,6.993,0.32444,1.0307,1.1875,1.0511,0.97419,5.0249,-11.127,0.030749,0.57199,-0.85563,1.2246,-10.93,0.83953,-0.84815,2.8162,8.4219,5.2894,0.091378,1.745,-8.7981,-1.4183,-0.13718,2.7243,-3.3077,0.97283,2.5343,1.7423,0.51853,-1.3662,-9.6412,-0.94975,-9.6338,-2.8907,-1.108,-0.85225,-0.11498,-1.487,2.221,1.6125,3.5092,1.2847,0.2552,-2.8082,-0.73567,-1.0596,-0.69168,-2.1702,-1.4346,-8.5159,6.6885,4.3949,2.2102,-1.4092,0.031163,4.6357,1.7336,0.5764,0.02323,-3.3983,1.6953,-0.99219,1.0487,0.037563,-2.5617,-0.81364,-9.3023,-1.0377,2.7904
-1.3664,1.0822,1.3414,0.25953,-1.491,-0.43868,-1.0894,-6.0878,2.8955,2.8001,7.8118,-0.22679,6.8399,3.2361,-0.4149,-10.977,1.3064,-0.70387,-1.7525,4.329,0.33614,-0.54148,0.57929,1.758,-1.7634,-3.2501,-0.77366,-0.2673,-0.87836,0.50783,1.7311,6.5929,0.40502,0.92917,1.1749,1.0448,0.58159,4.7599,-10.992,-0.041055,0.75893,-0.5278,1.407,-10.739,0.81375,-0.79151,3.0986,8.3662,5.5959,0.57527,1.6464,-9.0367,-1.5079,-0.21556,2.6683,-3.5819,1.3693,2.3428,2.0015,0.51794,-1.4649,-9.9504,-0.87487,-9.3852,-2.9304,-0.63768,-1.0758,0.087316,-1.8915,1.9333,1.6998,3.4257,1.0548,0.44832,-2.6352,-0.69418,-0.65979,-0.33872,-1.9599,-1.3255,-8.0611,6.6637,4.5963,2.0355,-1.7118,-0.33164,4.7955,2.0182,0.75329,0.016073,-3.1625,2.1408,-1.1809,0.71798,0.10537,-2.3335,-0.8576,-9.0661,-0.88255,2.9354
-1.5291,0.75249,1.2335,0.42184,-1.3666,-0.38139,-1.0538,-6.1707,2.6349,3.0181,7.7631,-0.10169,6.8774,3.3437,-0.35165,-10.565,1.1973,-0.92333,-1.5168,4.3472,0.70177,-0.32063,0.42485,1.6238,-1.5666,-3.1647,-1.0138,-0.57506,-1.1203,0.49938,1.6753,6.4286,0.7043,1.3436,1.2693,0.97365,0.30052,4.9799,-11.385,-0.12396,0.49456,-0.65461,1.3068,-10.636,0.68789,-0.88005,2.8413,8.3663,5.6961,1.0256,1.3447,-9.3077,-1.6527,0.03413,2.354,-3.5121,1.4683,2.4406,2.3815,0.062498,-1.6073,-9.8522,-0.70319,-9.2851,-2.9832,-0.84702,-1.4313,0.022738,-1.9239,2.0853,1.7317,3.3927,0.92433,0.65841,-2.6626,-0.60118,-0.7778,-0.6962,-1.4403,-1.6769,-7.9707,6.408,4.4012,2.1198,-1.8084,-0.52755,4.9094,1.8754,0.64631,0.04947,-3.0512,2.6022,-0.90631,0.76728,0.30116,-1.9465,-0.6228,-9.0664,-1.3092,2.7911
-1.4292,0.69348,1.3148,0.29382,-1.7969,-0.73464,-1.0773,-5.9561,2.6231,2.819,7.7669,-0.12828,6.7143,3.4614,-0.29029,-10.467,1.1527,-0.80731,-1.6967,4.4963,1.0335,-0.43205,0.18391,1.2621,-1.4045,-3.3912,-1.1603,-0.59149,-1.0933,0.28816,1.6965,6.4255,0.80078,1.1477,1.2688,0.94503,0.25044,4.9416,-11.427,0.017792,0.2385,-0.71311,1.1943,-10.602,0.69486,-0.88076,3.0445,7.9774,5.4902,1.2142,1.5186,-9.6095,-1.3394,-0.11195,2.2583,-3.6128,1.8943,2.369,2.5592,0.16641,-1.6712,-9.9352,-0.36198,-8.9979,-2.584,-0.93208,-1.5435,-0.36718,-2.1821,1.8034,1.5788,3.5645,0.59496,0.42054,-2.9787,-0.5553,-0.70343,-0.81553,-1.7483,-1.8751,-7.5351,5.9774,4.2063,1.9799,-1.8685,-0.53693,4.8905,2.178,0.19201,-0.033317,-3.0585,2.7509,-0.62153,1.0612,0.63098,-1.8944,-0.55507,-9.341,-1.3027,2.8077
-1.647,0.67287,1.3485,0.55135,-1.8967,-0.85033,-0.91717,-5.8154,2.1878,2.7261,7.841,0.019621,6.3601,3.6401,-0.17808,-10.192,0.79349,-1.1453,-1.5948,4.8889,1.4479,-0.80495,0.19723,1.3608,-1.4774,-3.4515,-1.0454,-0.31934,-0.70094,0.12316,1.531,6.3603,0.41876,0.99527,1.3085,0.91493,-0.092609,4.7292,-11.436,0.29234,-0.0875,-0.40914,0.996,-10.677,0.70506,-0.97318,2.7894,7.5879,5.3268,1.0991,1.2209,-9.8848,-1.1596,0.032073,2.5625,-3.7048,1.7729,2.4505,2.5538,0.35686,-1.6122,-9.8058,-0.32066,-9.0294,-2.2624,-1.076,-1.6417,-0.6351,-2.3031,1.7381,1.8457,3.8066,0.36755,0.58735,-2.7348,-0.55962,-0.67338,-0.84322,-1.7014,-1.7051,-7.7456,6.0392,4.4726,2.0089,-2.134,-0.44079,5.3974,2.1439,0.13212,-0.076836,-3.2043,2.8737,-0.90181,1.1445,0.83313,-2.0552,-0.37475,-9.1772,-1.6053,2.6877
-1.9317,0.63551,1.2006,0.82016,-1.5836,-0.86126,-0.67522,-5.803,2.0966,2.7162,7.6956,0.30496,6.5047,3.7599,-0.13407,-10.445,1.1221,-1.1207,-2.0351,4.8162,1.1109,-0.76748,0.20313,1.1504,-1.5596,-3.4293,-1.1106,-0.35222,-0.79071,0.16589,1.4792,6.7184,0.0137,1.002,1.3474,1.2511,-0.39094,4.9546,-11.108,0.38078,-0.014435,-0.4646,0.84228,-10.185,0.67308,-1.4181,2.5547,7.5372,5.3681,1.1511,1.5162,-9.8402,-1.536,-0.36049,2.4362,-3.9451,1.7632,2.5912,2.6423,0.11414,-1.9558,-9.5267,-0.20354,-9.0536,-2.3812,-1.0219,-2.0103,-0.84019,-2.4569,2.1992,2.0587,3.7356,0.71927,0.28958,-2.518,-0.36642,-0.82483,-0.40696,-1.5645,-1.4519,-7.5939,6.4109,4.6627,2.0072,-1.8147,-0.67197,5.2584,1.7677,-0.010155,-0.070878,-3.3013,3.1027,-1.0496,1.2512,0.66814,-1.8844,-0.72731,-9.1532,-1.9973,2.7985
-2.2875,0.3592,1.0991,0.52866,-1.627,-1.0546,-0.88326,-6.2408,1.9393,2.4208,7.619,0.31506,6.8668,3.7003,-0.1008,-10.366,1.1091,-0.95226,-2.0965,4.6628,0.90654,-0.63203,0.087015,1.0815,-1.9223,-3.5531,-1.0564,-0.24533,-0.92873,0.062546,1.5709,6.9453,-0.050315,0.69938,1.3038,1.114,-0.67011,5.1904,-11.067,0.20401,0.013422,-0.38081,1.2324,-10.01,0.61821,-1.0928,2.5793,7.0295,5.122,0.87632,1.494,-9.4991,-1.588,-0.24499,2.648,-3.7621,1.5114,2.8486,2.7941,0.22042,-2.2902,-9.7413,-0.15365,-8.8914,-1.9102,-1.0074,-2.0432,-1.2216,-2.5061,1.9743,2.0446,3.7329,0.81271,0.25948,-2.8185,-0.27665,-0.69707,-0.0062873,-1.8253,-1.351,-7.9497,6.8233,4.9564,2.4382,-1.8818,-0.63298,5.6652,1.5771,-0.11908,-0.26846,-2.852,3.4378,-0.81302,1.1812,0.5877,-2.0014,-0.94312,-9.2241,-1.8543,2.7823
-1.9732,0.39906,1.1152,0.87015,-1.6805,-1.0526,-0.89369,-6.206,1.9347,2.0676,7.7646,0.22021,6.9531,3.6221,-0.18588,-10.577,1.4457,-0.66845,-1.864,4.6974,0.87579,-0.93008,0.15958,0.7395,-2.025,-3.3993,-0.71784,-0.5308,-0.74937,0.45211,1.8927,6.8081,0.010326,0.67284,1.547,1.2725,-0.73481,5.3558,-11.097,0.23835,-0.18681,-0.24722,1.505,-9.8448,0.45808,-1.3223,2.6003,6.9941,4.8631,1.0687,1.1711,-9.4562,-1.4331,-0.43463,2.615,-3.6899,1.4949,3.0451,2.4989,0.10643,-2.6226,-9.8446,-0.20296,-9.1626,-1.6797,-0.90352,-1.8106,-1.3532,-2.7492,1.9918,2.0406,3.5934,0.85099,0.56717,-2.7057,-0.38325,-0.80132,0.12401,-1.9926,-1.5218,-7.5853,6.6965,4.612,2.2153,-1.4001,-0.32514,5.7532,1.4471,-0.055156,-0.24187,-2.4446,3.4018,-0.66992,1.1615,0.31226,-2.1121,-0.8955,-9.5216,-1.8743,2.8874
-2.1655,0.026226,1.2119,0.88985,-2.097,-1.3055,-1.1262,-6.0416,1.8644,2.3638,8.1133,0.11923,6.975,3.7043,-0.23351,-10.629,1.3756,-0.81028,-2.0499,4.7222,0.53815,-0.71344,0.18039,0.68653,-2.049,-3.4666,-0.57997,-0.34245,-0.73006,0.47568,1.7463,6.8766,-0.2453,0.34964,1.6009,1.0971,-0.63618,5.6005,-11.38,0.17509,-0.11458,-0.14848,1.2813,-10.078,0.71639,-1.3421,2.5055,7.1064,4.9062,0.68093,1.066,-9.0448,-1.1217,-0.53167,2.671,-3.4804,1.6667,3.27,2.5604,-0.045755,-2.9099,-9.7942,-0.038996,-8.829,-1.2222,-0.61817,-1.5454,-1.1147,-2.2718,2.1044,2.5287,3.7205,0.55365,0.24532,-2.6718,-0.34438,-0.82609,-0.052337,-1.9772,-1.3866,-7.6661,6.5274,4.5248,2.1716,-1.0013,-0.25941,5.6685,0.97313,-0.16513,-0.28797,-2.4219,3.3308,-0.49184,1.1502,0.078695,-2.343,-0.85066,-9.2382,-1.6371,2.505
-1.7965,-0.087818,1.2487,0.92264,-2.4612,-1.2149,-1.048,-5.8752,1.9246,2.6427,8.1597,0.39311,7.2559,4.0509,-0.47188,-10.454,1.4456,-0.97797,-2.008,4.7191,0.73453,-0.63472,0.24545,0.29945,-2.4864,-3.0868,-0.43916,-0.44128,-0.50389,0.60008,1.9496,6.7628,-0.39264,-0.036418,1.5776,1.1604,-0.82512,5.7795,-11.307,0.23987,-0.028597,-0.22743,1.6029,-10.042,0.71615,-1.1846,2.9256,7.0767,4.711,1.0971,0.90714,-8.5889,-0.7024,-0.58624,2.4175,-3.3143,1.9179,3.4057,2.2461,0.1655,-2.6622,-9.7411,0.055585,-9.015,-1.1093,-0.60353,-1.9554,-1.2823,-1.9471,1.7391,2.4975,4.0706,0.35,0.60827,-2.5984,-0.3426,-0.41548,-0.4676,-2.2099,-1.5254,-7.4979,6.8966,4.667,2.2442,-1.3687,-0.31912,5.8067,0.69333,-0.11334,-0.252,-2.5148,3.3568,-0.59406,1.6137,0.14648,-2.6214,-0.80351,-9.0202,-1.4576,2.4522
-2.0673,-0.25441,1.7808,0.83292,-2.4786,-1.3224,-0.91089,-5.856,1.4912,2.52,8.1737,0.41432,7.3098,4.4926,-0.44144,-10.089,1.5098,-0.91769,-1.6334,5.1544,0.33068,-0.35234,0.2595,0.6801,-2.5624,-3.4196,-0.010295,-0.16752,-0.61162,0.66945,1.4887,6.6205,-0.50171,-0.22229,1.8351,0.78843,-0.98622,6.1907,-11.033,-0.024487,-0.4697,-0.25468,1.5225,-9.7888,0.69263,-0.88522,3.3436,6.9641,4.8382,1.2867,0.7548,-8.6021,-0.40819,-0.59453,2.3071,-3.4825,2.1425,3.2075,2.197,-0.12359,-2.3273,-9.5683,0.40961,-8.7271,-0.74953,-0.47114,-1.9751,-1.6778,-1.7484,1.7826,2.5898,4.0884,0.24699,0.49694,-2.5972,-0.67266,-0.1116,-0.12148,-1.8124,-1.1641,-7.2017,6.4944,5.0146,1.9471,-1.4177,-0.33362,6.1015,0.7711,-0.23869,0.0626,-2.0328,3.0866,-0.31125,1.4092,-0.047136,-2.6556,-0.77013,-9.3761,-1.1657,2.0385
-2.0645,-0.30285,1.6841,0.6417,-2.7192,-1.2793,-0.6329,-6.2255,1.0762,2.2909,8.2577,0.20992,7.6584,5.0014,-0.80753,-9.5371,1.4177,-1.1089,-1.7157,5.6742,0.20517,-0.31207,0.45666,0.238,-2.612,-3.3904,-0.026536,-0.24584,-0.42247,0.89953,1.6917,6.401,-0.82086,-0.61526,2.2067,0.51878,-1.1337,6.576,-10.884,-0.03029,-0.19132,-0.62957,1.6098,-9.8172,1.0457,-0.88811,3.0433,6.7694,5.0066,1.6551,0.20644,-8.1193,-0.32361,-0.58536,2.1725,-3.2112,2.1867,3.4639,2.0024,-0.43179,-2.3756,-9.9823,0.113,-8.2206,-0.93488,-0.54703,-1.8148,-2.0215,-1.6844,1.4243,2.309,3.939,0.67563,0.42781,-2.713,-0.54253,-0.14018,0.0013732,-2.1205,-0.70871,-7.2348,5.9934,5.0358,1.9511,-1.0771,-0.19988,6.1254,0.73429,-0.11832,-0.29621,-2.0314,3.1894,-0.27094,1.0378,-0.092146,-2.2304,-0.81767,-9.3511,-1.1248,1.6378
-1.9013,-0.25144,1.9006,0.47675,-2.5935,-1.0235,-0.59505,-5.9712,0.9325,2.0283,8.3392,0.2974,7.285,4.9505,-0.43161,-9.1504,1.2432,-1.5059,-1.9428,5.6785,0.2489,0.076415,0.75998,0.20229,-2.6712,-3.2369,0.23906,-0.21006,-0.67874,0.9823,2.0411,6.6707,-1.1918,-0.80989,2.2841,0.3831,-1.1078,7.0151,-10.77,0.13373,-0.0091788,-0.52712,1.6967,-9.7193,1.0987,-0.78222,2.9947,6.4465,5.3476,1.7681,-0.091204,-8.2218,-0.30041,-0.77135,2.1454,-3.5053,2.0933,3.1911,1.9711,-0.59044,-2.3733,-10.344,0.22795,-8.0657,-0.82202,-0.83303,-1.7251,-2.2267,-1.6248,1.4206,2.1769,3.6643,1.0547,0.27221,-2.4305,-0.47296,-0.048571,0.033632,-1.6989,-1.1182,-7.3712,6.1766,4.8247,1.927,-1.3891,-0.1319,5.731,0.62541,-0.27163,-0.63926,-2.081,3.0802,0.05223,1.5045,-0.49616,-2.0066,-1.288,-9.7973,-0.83033,1.6049
-2.217,-0.40761,1.9527,0.85013,-2.3074,-0.67596,-0.5421,-5.9084,0.66096,1.7362,8.4884,0.11425,7.0926,5.0134,-0.59852,-9.1099,1.5837,-1.5632,-1.9914,5.6966,0.22795,-0.01537,0.3267,0.44243,-2.7734,-2.9492,0.36568,-0.51497,-0.59202,0.95545,2.1304,6.6319,-1.4367,-0.9585,2.7488,0.37256,-1.3736,6.8297,-10.422,0.067819,-0.24827,-0.18859,1.4434,-9.4968,1.2709,-0.47078,3.3109,6.1059,5.2763,2.1691,-0.30441,-8.586,0.085099,-0.99512,1.7186,-3.611,2.3031,3.2465,2.1867,-0.76912,-2.0223,-10.526,0.29866,-7.7864,-0.54237,-0.59948,-1.2838,-2.4637,-1.567,1.6309,2.3704,4.0047,1.256,-0.06574,-2.7096,-0.37552,-0.26822,0.13349,-1.6333,-1.3827,-7.1096,6.3158,4.6731,1.5727,-1.2968,0.13264,5.7471,0.537,-0.37074,-0.67321,-1.9933,3.1975,-0.10075,1.4318,-0.56811,-1.7019,-1.2733,-10.183,-0.82658,1.4121
-2.389,-0.87341,1.9616,0.68588,-2.5312,-0.57049,-0.059154,-5.4753,0.89665,1.5121,8.855,0.016664,7.4618,5.2655,-0.7244,-9.1828,1.9341,-1.1862,-2.0953,5.748,0.10407,0.23361,0.3457,0.72507,-2.8422,-2.8553,0.49486,-0.78391,-0.54579,0.50628,1.8286,6.8186,-0.98667,-1.1606,2.6096,0.38582,-1.1402,6.8634,-10.209,0.080598,-0.13265,-0.33986,1.3374,-9.453,1.2159,-0.67466,3.0268,5.8537,5.278,2.1893,-0.43486,-8.1677,0.1243,-1.3212,2.1127,-3.2595,2.2267,3.1747,2.2741,-1.3026,-1.8731,-10.58,0.50036,-7.6296,-0.496,-0.2816,-0.84698,-2.5636,-1.8263,1.4173,2.4583,3.6479,0.88005,0.15019,-2.5529,-0.41467,-0.0065287,0.042883,-1.306,-1.4537,-7.2078,6.2659,4.7763,1.8488,-1.1427,0.34663,5.988,0.33523,-0.86002,-0.50616,-2.0279,3.4858,-0.1996,1.6117,-0.68414,-1.7036,-1.339,-10.469,-1.1149,1.3191
-2.4015,-1.0759,2.3339,0.69829,-2.3117,-0.26085,0.33781,-5.5591,0.97266,1.6296,8.5338,0.26216,7.4689,5.6969,-0.67621,-9.246,1.8502,-0.87024,-2.167,5.9567,0.036958,0.29293,0.4627,0.51764,-3.1965,-2.9958,0.27913,-0.68609,-0.21902,0.70655,1.7078,6.883,-0.60066,-1.164,2.4124,0.17705,-1.5392,6.9862,-9.882,0.061638,-0.41957,-0.38681,0.97285,-9.648,1.0712,-0.50297,3.1641,5.8328,5.6483,2.3863,-0.71589,-8.2925,-0.18587,-1.6157,2.0721,-2.8935,2.451,3.4266,2.0334,-1.567,-2.0168,-10.389,0.62983,-7.7748,-0.24727,-0.096589,-0.4848,-2.7474,-1.4381,1.7906,2.6402,3.5895,1.2337,0.36307,-3.0145,-0.50782,-0.32499,0.0059244,-1.3069,-1.5768,-7.4386,6.0793,4.6408,2.0328,-1.2518,0.065661,5.8335,0.20262,-0.8277,-0.82105,-2.0607,3.899,-0.19933,1.5393,-0.73876,-1.6415,-1.2978,-10.61,-1.3452,0.87317
-2.6548,-0.84818,2.4265,0.66903,-2.3355,-0.42775,0.39304,-5.4772,1.2078,1.4609,8.8706,0.23651,7.6444,5.5349,-0.4883,-9.321,1.5734,-0.84104,-2.4949,6.074,0.12558,0.16302,0.79083,0.78216,-3.0804,-2.9525,0.23569,-0.7892,-0.63129,0.6006,1.4732,6.8388,-0.53576,-1.3842,2.4072,0.16181,-1.5661,7.3119,-9.6377,-0.1119,-0.088654,-0.35565,0.63783,-9.6242,1.0493,-0.77959,3.0455,5.6494,5.7987,1.9797,-0.38799,-8.2618,-0.10125,-1.5314,2.0634,-2.7928,2.1044,3.9204,2.29,-1.9889,-1.9535,-9.8787,0.91246,-7.5756,-0.57346,-0.55313,-0.58373,-2.8044,-1.5536,2.0483,2.4248,3.4929,1.1882,0.35448,-3.3504,-0.14887,-0.22425,0.16091,-1.3494,-1.6671,-7.1952,5.9406,4.6385,2.3096,-1.438,0.024282,5.4864,0.25437,-0.66385,-0.72809,-2.1639,3.8129,0.014056,1.5461,-0.73264,-1.4991,-1.346,-10.213,-0.88686,0.61633
-2.4749,-0.96107,2.4578,1.1548,-2.4229,-0.27602,0.059668,-4.9689,1.0484,1.8496,9.0049,0.21945,7.6408,5.8373,-0.34011,-8.7852,1.4812,-0.73063,-2.6359,6.041,0.074509,0.58206,0.85343,0.43281,-2.9078,-2.6599,0.53456,-0.64144,-0.88697,0.50474,1.8403,6.9478,-0.90843,-1.0508,2.0613,0.050502,-1.3888,7.2105,-9.4,-0.11272,-0.36241,-0.25749,0.57346,-9.6381,1.0943,-1.0412,3.1945,5.3329,5.8995,1.9625,-0.60878,-8.2024,-0.061738,-1.8497,2.0978,-2.9689,1.6838,4.2181,2.1006,-2.1477,-2.1248,-9.5203,0.75239,-7.3404,-0.44141,-0.44602,-0.59805,-2.2096,-1.4418,2.1066,2.669,3.5221,1.2646,0.59759,-3.3428,-0.30603,-0.24838,0.14258,-1.3757,-1.7566,-7.3233,5.9895,4.9115,2.3697,-1.3952,0.16664,5.6306,-0.021574,-1.0665,-0.77824,-2.3418,3.7499,-0.41015,1.4867,-0.46065,-1.2006,-1.2698,-10.432,-0.99471,0.67997
-2.5961,-1.1926,2.2428,0.85296,-1.9627,-0.45958,0.062584,-4.9262,0.61296,1.5853,9.2093,0.46832,7.5341,5.9504,-0.2201,-8.5263,1.014,-1.0875,-2.9088,6.1929,-0.10356,0.80886,1.1035,0.43595,-3.1502,-2.2798,0.32613,-0.48852,-1.1153,0.41894,1.3805,6.9256,-1.1932,-0.91298,1.9872,0.24946,-1.5818,7.3157,-9.1501,0.33219,-0.38777,-0.69776,0.92404,-9.4995,1.4095,-0.59634,2.9587,5.0003,6.3768,1.6063,-0.27627,-8.2596,-0.14954,-2.1383,2.2862,-2.9155,1.6195,4.3301,1.9779,-2.2134,-2.1238,-9.5704,1.1137,-7.1606,-0.74369,-0.70482,-0.45466,-2.0187,-1.3443,1.8882,2.6379,3.7552,1.1363,0.55588,-3.2748,-0.2088,-0.21173,0.24771,-1.538,-1.5611,-7.5506,5.9295,4.6125,2.4295,-1.1,0.010555,5.5504,-0.20692,-1.0167,-0.4394,-2.4746,3.9228,-0.57287,1.547,-0.50799,-1.003,-0.98368,-10.415,-0.81007,0.91746
-2.6859,-0.8847,2.2086,0.70663,-1.763,-0.58069,-0.1922,-4.7603,0.51796,1.4305,9.3902,0.31258,7.3295,5.746,-0.1808,-8.7226,0.90284,-1.3089,-2.7459,5.9793,-0.10582,0.5817,1.0526,0.73898,-3.6372,-2.5352,0.26269,-0.39869,-1.2574,0.58397,1.4896,6.9836,-1.2009,-1.1992,2.0507,0.2281,-1.4732,7.5423,-9.4436,-0.07882,-0.45177,-0.88495,0.51632,-9.53,1.2302,-0.31288,2.6012,4.9472,6.5994,2.0304,-0.48843,-7.7982,-0.37011,-2.0169,2.0324,-2.9834,1.573,4.3115,2.0771,-2.0312,-2.0501,-9.6344,1.0668,-6.9297,-0.70655,-1.0079,-0.56914,-1.8598,-1.3169,1.4304,2.6749,4.1013,1.2444,0.3879,-2.9471,-0.35029,-0.47323,-0.16833,-1.4931,-1.7965,-7.6769,5.4893,4.4457,2.6073,-1.0092,0.26446,5.6629,-0.19787,-0.71727,-0.35123,-2.4526,4.066,-0.67397,1.398,-0.75156,-1.0653,-0.72322,-10.652,-1.1108,0.72854
-2.8102,-0.55531,2.4581,0.50031,-1.3854,-0.5097,0.11375,-4.8025,0.40513,1.4755,9.3912,0.56242,7.5344,5.9586,-0.23039,-8.3365,0.8558,-1.2711,-2.5747,5.8045,-0.26047,0.38223,1.0538,0.94547,-3.5705,-2.527,0.3411,-0.23156,-1.214,0.52217,1.4509,6.6976,-0.86153,-1.3193,2.0776,0.21794,-1.645,7.8233,-9.4958,-0.33656,-0.085695,-0.92119,0.34575,-9.2823,1.2222,0.055455,3.082,4.6486,6.6664,2.0131,-0.58389,-7.798,-0.46616,-2.0558,1.9832,-2.6985,1.1831,4.3329,1.9618,-2.0097,-1.9153,-9.4084,0.97417,-6.8703,-0.46713,-0.59437,-0.83422,-1.4251,-1.0591,1.2272,2.6904,4.0613,1.2297,0.21675,-3.344,-0.24473,-0.38161,-0.46381,-0.99652,-1.4065,-7.7484,5.6072,4.1776,2.8109,-1.3765,-0.28547,5.79,-0.34488,-0.61187,0.029024,-2.5462,4.1766,-0.78836,1.2243,-0.71172,-1.071,-0.48354,-10.875,-1.4478,0.8635
-2.4215,-0.31695,2.6148,0.29459,-1.5868,-0.73213,0.10789,-4.4735,0.30243,1.3207,9.5111,0.42881,7.3484,6.2323,-0.084327,-8.2152,0.80555,-1.2706,-2.5404,5.5455,-0.36157,0.43687,1.2167,0.99203,-3.3217,-2.4453,0.41055,-0.30408,-0.82441,0.78364,1.4938,6.8071,-0.54878,-0.91845,2.2944,0.08296,-1.4445,8.0204,-9.9807,-0.57144,-0.17188,-0.97481,-0.08917,-8.8175,1.4792,0.044441,3.1228,5.0548,7.1457,1.8325,-0.60849,-7.6364,-0.32949,-1.8537,1.7793,-2.5692,1.1542,4.2842,1.7308,-2.0416,-2.1852,-9.688,0.72555,-6.9606,-0.4261,-0.5974,-0.85854,-1.0912,-0.87581,1.2688,2.3963,3.9564,1.4961,0.050895,-3.3353,-0.65533,-0.82753,-0.067868,-1.3522,-1.4884,-8.2199,5.5049,4.0697,2.8746,-1.5527,-0.31422,5.7802,-0.39012,-0.25261,0.13359,-2.5428,4.0897,-0.87371,1.0615,-0.96883,-1.1432,-0.34163,-10.512,-1.7051,0.893
-2.3762,-0.17428,3.0972,0.61656,-1.5254,-0.9267,0.54688,-4.032,0.37645,1.7023,9.4523,0.79242,7.7812,6.6826,0.24632,-7.9546,0.58118,-1.62,-2.2744,5.7651,-0.50959,0.55949,1.4858,1.1343,-3.3597,-2.3434,0.11649,-0.79587,-0.98346,0.54239,1.5071,7.0079,-0.48455,-1.0159,2.1371,0.27449,-1.3064,8.0371,-10.046,-0.87205,-0.16514,-0.90817,-0.23849,-9.2298,1.4597,-0.29334,3.1474,4.8243,7.0307,1.5698,-0.37868,-7.7245,-0.44392,-2.1524,1.7572,-2.6176,1.0337,4.0793,1.7174,-2.1214,-2.4182,-9.2448,0.71745,-6.7911,-0.45094,-0.64974,-0.76148,-1.4046,-0.7311,0.92262,2.2853,3.6636,1.3908,-0.091508,-3.0808,-0.78257,-0.71803,0.16314,-1.5322,-1.7846,-7.8307,5.4094,3.8705,3.2005,-1.1967,-0.43041,5.92,-0.49181,-0.36424,-0.10687,-2.2309,4.3404,-0.99495,1.3009,-0.90227,-1.4374,-0.75534,-10.192,-1.8504,0.95399
-2.2013,-0.49101,3.1967,0.65098,-1.4878,-1.0431,0.77805,-3.6326,0.053283,2.0406,9.5204,0.68608,7.7522,6.6646,0.049831,-8.0619,0.25008,-1.784,-2.3178,5.7078,-0.49414,0.53011,1.2852,1.2892,-3.661,-2.1378,0.27633,-0.80983,-1.0281,0.79759,1.2627,7.273,-0.43259,-0.5605,2.5357,0.18067,-1.2475,7.7766,-9.769,-0.584,0.11047,-0.92923,-0.64545,-8.8823,1.839,-0.029923,3.166,4.4857,6.9839,1.6282,-0.4711,-7.739,-0.59512,-1.933,1.8872,-2.5467,0.92741,4.0179,1.8498,-2.327,-2.3323,-9.4844,0.478,-6.8805,-0.048258,-0.24737,-0.63903,-1.3405,-0.60228,1.2429,2.266,3.4828,1.6533,-0.13254,-3.5036,-0.64396,-0.70971,0.2433,-1.4972,-1.8466,-7.884,5.5095,3.4734,3.3707,-1.5655,-0.37934,5.985,-0.19511,-0.55969,-0.12634,-2.2659,4.4304,-1.2736,1.4952,-1.1826,-1.7918,-0.55086,-9.9749,-2.03,1.0719
-2.2439,-0.22271,3.6714,0.90078,-1.4954,-0.66133,0.51466,-3.6985,-0.10651,1.6897,9.959,0.84218,7.6791,6.2943,-0.24445,-8.3392,0.29661,-1.9845,-2.527,6.0022,-0.53931,0.84526,1.1986,1.2705,-3.3963,-2.0545,0.017355,-0.72231,-0.98697,0.72428,1.229,7.0365,-0.32453,-0.7541,2.9564,0.086334,-0.97333,7.8904,-9.7305,-0.94124,0.19005,-1.0131,-0.87517,-8.6663,1.7665,0.17458,3.1077,4.2908,7.286,1.5622,-0.93182,-7.6319,-0.69952,-2.1634,2.0387,-2.531,0.64738,4.314,2.2983,-2.5275,-2.0756,-9.8112,0.61265,-6.9717,-0.11469,-0.048354,-0.62579,-1.4902,-0.53226,1.074,2.4755,3.4926,1.6834,-0.15672,-3.5679,-0.39575,-0.79807,0.28545,-1.7428,-1.7325,-7.8925,5.4685,3.448,3.2922,-1.5171,-0.54433,6.2594,-0.60384,-1.0029,-0.10042,-2.1851,4.564,-1.1999,1.6116,-1.198,-1.6181,-0.16956,-9.8841,-1.9436,0.92878
-2.2122,-0.33407,3.7889,0.95232,-1.2854,-0.60368,0.57603,-3.2332,-0.25646,1.3098,9.7299,1.2415,7.4973,6.5242,-0.20094,-8.1922,0.075736,-1.8669,-2.9146,6.0896,-0.83503,0.85164,1.1652,1.3014,-3.4455,-1.9769,0.41678,-0.4234,-0.91032,0.47598,1.2247,7.3487,0.1538,-0.85877,2.9866,0.015142,-0.68306,7.7486,-9.904,-1.2545,0.017915,-1.3877,-0.57054,-8.8532,1.9244,0.54182,3.0118,4.3292,7.2897,1.7748,-0.70167,-7.7037,-0.97472,-2.0356,2.0669,-2.7216,0.72523,4.363,2.4285,-2.3982,-1.6935,-9.7007,0.27868,-7.0215,0.25369,0.301,-0.77328,-1.3448,-0.47654,0.79897,2.4046,3.1087,1.4898,-0.051009,-3.6767,-0.32978,-0.72966,0.63438,-1.5239,-1.6377,-7.6032,5.4754,3.5719,3.8575,-1.4194,-0.62635,6.218,-0.5188,-1.1144,0.047568,-2.049,4.5581,-1.1802,1.7562,-1.1509,-1.968,0.10921,-9.6095,-2.1371,1.113
-2.0474,-0.69155,4.0631,1.069,-0.93593,-0.78921,0.58608,-3.303,-0.55943,1.269,10.157,1.7092,7.6412,6.2185,-0.012575,-7.8821,0.30877,-1.746,-2.7057,5.913,-0.97789,0.95839,1.1094,1.458,-3.6198,-2.155,0.46178,-0.57677,-1.2631,0.50792,1.1597,7.3495,0.27874,-0.79416,3.0675,0.081023,-0.33155,7.8004,-9.8775,-1.5724,-0.27668,-0.99585,-0.6265,-9.082,1.8056,0.79694,3.2612,4.7048,7.2417,1.6019,-0.45285,-7.7362,-0.99959,-1.985,2.4476,-2.9869,0.87605,4.0968,2.6824,-2.5572,-1.2919,-9.6669,0.14084,-6.9705,0.51709,0.3231,-0.53996,-1.4572,-0.52158,0.84547,2.2031,3.2081,1.4499,-0.24361,-3.8023,-0.070547,-0.82828,0.59422,-1.4505,-1.8228,-7.6057,5.2624,3.1846,3.9427,-1.2951,-0.92248,6.2213,-0.31979,-1.4684,0.27683,-2.3121,4.5709,-0.84469,1.8882,-1.5069,-1.6756,-0.23522,-9.6407,-1.9101,0.93162
-2.0099,-1.0713,4.4671,1.0357,-0.69631,-0.81875,0.40619,-3.0328,-0.614,0.84138,10.532,1.6236,7.5112,6.0459,0.048818,-8.1103,0.0030033,-1.9905,-2.8071,6.1201,-0.62852,0.87991,1.0822,1.2507,-3.6343,-1.8456,0.33432,-0.8217,-1.308,0.57122,1.0672,7.4043,0.41241,-0.62468,3.3527,-0.21563,-0.41763,7.8029,-9.8966,-1.5691,-0.48003,-1.1345,-0.49682,-9.1349,1.9189,0.71616,3.418,4.9783,7.1981,1.2834,-0.90903,-7.8375,-1.0181,-2.1978,2.6849,-2.8134,0.83464,3.8381,2.8652,-2.8918,-1.1066,-9.7284,0.33575,-6.8592,0.62369,0.33026,-0.5182,-0.99239,-0.089452,1.0365,2.6427,3.434,1.6537,-0.4287,-3.7694,-0.28486,-1.0551,0.3911,-1.3888,-1.9017,-7.5372,5.2684,2.841,4.252,-0.99114,-0.66481,5.9011,-0.65874,-1.6015,0.521,-1.965,4.4857,-0.83381,2.2868,-1.4584,-1.5434,-0.068291,-9.865,-1.6439,0.50912
-2.1245,-0.76621,4.6081,1.1055,-0.257,-1.0341,0.32789,-2.7299,-0.52718,0.84573,10.488,1.2232,7.7993,6.3522,0.041783,-8.0933,0.42471,-1.9616,-3.2688,6.1474,-0.7827,0.64024,0.66267,0.98371,-3.7573,-1.3291,0.33062,-0.99987,-1.5553,0.39203,1.282,7.4402,0.53813,-0.94624,3.3325,-0.012813,0.14527,7.541,-9.8934,-1.4819,-0.65566,-1.5739,-0.61995,-9.3188,1.9354,0.57134,3.6223,4.9287,6.959,1.3415,-1.2872,-7.5747,-1.0001,-2.1111,2.7177,-2.7863,0.76761,3.6287,3.0344,-2.6807,-0.74994,-9.9767,0.016304,-6.8007,0.57745,0.66048,-0.65508,-1.0883,0.2666,0.94149,3.1829,3.3411,1.4927,-0.12928,-3.7993,-0.23559,-1.4426,0.2045,-1.5159,-1.705,-7.63,5.1367,2.6142,4.4556,-0.78521,-0.83816,6.0753,-0.3176,-1.3067,0.65854,-2.0414,4.9888,-0.8215,2.051,-1.3588,-1.2119,0.074777,-9.7498,-1.5855,0.19317
-2.1345,-0.42007,4.4245,1.1139,-0.20743,-0.78146,0.39709,-2.37,-0.67803,0.4034,10.568,0.79516,7.8679,6.7555,0.2089,-8.0416,0.56333,-1.7467,-3.4476,5.8759,-0.27048,0.72676,0.65842,1.1845,-4.054,-1.4992,0.33902,-1.1707,-1.4122,0.52671,1.1101,7.6932,0.50008,-0.81907,3.7388,-0.27917,-0.02568,7.3522,-9.7998,-1.5099,-0.87071,-1.2145,-0.86939,-8.9067,2.1774,0.35694,3.7711,4.9654,6.7531,1.675,-1.6029,-7.2707,-1.3695,-1.8808,2.7395,-2.4324,0.36393,3.3569,3.0245,-2.7745,-0.96013,-9.7825,-0.36256,-6.554,0.62385,0.86871,-0.59441,-1.3931,0.55111,0.94848,3.5795,2.9558,1.419,0.089089,-3.9132,-0.3862,-1.4879,0.038956,-1.6645,-1.6628,-7.858,5.0474,2.3547,4.3468,-0.45807,-0.85545,6.4469,-0.67492,-1.4869,0.89099,-2.0073,5.3796,-1.0232,2.4099,-1.3837,-1.1508,0.42047,-10.007,-1.4122,-0.0012426
-2.2039,-0.28051,4.1043,1.0803,-0.51494,-0.91401,0.37881,-2.2836,-0.71135,0.24891,10.873,0.41017,8.1063,6.9077,0.58928,-7.7481,0.67135,-2.1265,-3.5243,5.948,-0.38178,0.45493,0.62084,0.70189,-4.0427,-1.503,0.21812,-1.5292,-1.303,0.61959,0.6204,7.6873,0.30189,-0.71468,3.8069,-0.20866,0.033098,7.1199,-9.8415,-1.4212,-0.96964,-0.8234,-1.1863,-8.9938,2.1115,0.12891,3.7003,4.9144,6.5103,1.6409,-1.82,-6.9267,-1.1883,-1.9784,2.8696,-2.2585,0.46874,3.3957,3.0763,-2.9321,-0.80888,-9.6517,-0.43848,-6.5084,1.1148,1.1974,-0.3917,-1.2356,0.19767,0.78822,4.0575,2.6217,1.1411,0.3942,-4.1549,-0.31685,-1.365,-0.066723,-1.8442,-1.5848,-8.0866,5.077,2.5201,4.7124,-0.42209,-1.1763,6.6782,-0.80002,-1.4286,1.18,-1.9256,5.3042,-1.3488,2.0564,-1.634,-1.1568,0.23439,-10.077,-1.4228,0.33339
-2.4156,-0.36627,4.1792,1.0693,-0.52084,-1.1992,0.13098,-2.5302,-1.1358,0.14519,10.721,0.45867,7.7527,6.995,0.66048,-8.0803,0.39132,-2.2372,-3.1323,5.8922,0.061057,0.13576,0.76355,0.44576,-4.0481,-1.5928,0.047555,-1.6006,-0.83775,0.33288,0.54561,7.6579,0.54283,-0.58881,3.7462,-0.12539,0.38742,7.1135,-10.126,-1.5702,-0.8926,-0.79486,-1.3492,-9.1409,2.5149,-0.053185,3.5358,5.0715,7.0084,1.2146,-1.7412,-7.0466,-1.2263,-1.7238,3.044,-2.3533,0.25666,3.5868,3.2567,-3.0987,-0.39433,-9.7186,-0.46655,-6.6947,0.91433,1.0632,-0.69923,-0.85742,0.37077,0.50169,3.9128,2.6152,1.4554,0.71637,-4.0863,-0.4713,-1.3509,0.01186,-1.8754,-1.2274,-8.4001,4.7163,2.7057,4.8553,-0.082331,-1.4633,6.5672,-0.69727,-1.6769,1.4288,-1.5814,5.1281,-1.2832,1.7643,-1.5745,-0.95913,0.56855,-10.014,-1.1245,0.34758
-2.2713,-0.24576,4.0603,0.92613,-0.44556,-1.1016,0.32576,-2.6938,-1.1438,0.11165,10.7,0.15417,7.8457,6.8654,0.63193,-8.3649,0.21328,-2.5421,-3.2983,6.2914,0.3158,0.11925,0.94694,0.33305,-4.1803,-1.5186,0.23505,-1.6964,-1.1675,0.10977,0.3084,7.5508,0.20836,-0.68754,4.1488,-0.076573,0.5519,7.0912,-10.073,-1.2299,-0.78012,-0.92872,-0.93351,-9.0213,2.6026,-0.0074206,3.5179,4.9653,6.6934,1.1426,-1.8586,-6.666,-1.2439,-1.7136,2.9398,-2.3594,0.13033,3.5384,3.0671,-3.0616,-0.20678,-10.046,-0.18587,-6.6234,0.6817,1.4738,-0.52169,-0.86985,0.1578,0.095808,3.6703,2.7049,1.4636,0.87756,-4.1286,-0.33072,-1.3104,-0.26192,-1.9204,-1.4847,-8.8361,4.8694,2.52,4.8805,-0.040778,-1.3951,6.4601,-0.44105,-1.9517,1.5507,-1.2714,5.4516,-1.4462,1.5054,-1.8647,-1.043,0.13025,-9.9199,-1.2606,0.27338
-2.1277,-0.3229,4.5395,1.3427,-0.15984,-0.82467,0.05238,-2.3045,-0.87578,-0.331,10.773,0.29367,7.3827,7.2861,0.17762,-8.4234,-0.31966,-2.3804,-3.1383,6.5421,0.38554,0.074652,0.96674,0.12193,-3.9366,-1.2548,-0.13803,-2.0423,-1.5563,-0.24083,0.51213,7.611,0.26556,-0.60016,4.6393,-0.32011,0.60345,7.182,-10.17,-1.4258,-1.0333,-0.68704,-0.9525,-8.941,2.8473,0.14103,3.0874,4.9832,6.7267,0.68783,-2.2628,-6.7442,-1.1241,-1.443,2.9862,-2.4676,-0.050899,3.3236,2.9741,-3.095,-0.42198,-10.169,-0.11946,-6.5702,0.72618,1.6924,-0.80629,-1.1396,0.31333,-0.12181,4.0646,2.4266,1.5443,0.89989,-4.0496,-0.27482,-1.5802,-0.51431,-1.5713,-1.3128,-8.8258,4.7985,2.8805,4.875,-0.31992,-1.4489,6.5483,-0.098481,-1.6581,1.2366,-0.8269,5.2599,-1.7709,1.4934,-1.8971,-0.64543,-0.01613,-9.7565,-1.1616,0.32791
-2.1154,-0.5507,4.3157,1.5938,-0.33664,-0.81959,0.53043,-2.2894,-0.71042,-0.50411,10.412,0.50639,7.0901,7.577,0.13885,-8.2742,-0.61114,-1.921,-3.0308,6.4878,0.56022,-0.10096,0.43273,0.036591,-4.1008,-1.172,-0.06992,-2.2285,-1.4593,-0.24928,0.37637,7.3811,0.24753,-0.68287,4.8559,-0.4928,0.66667,7.195,-10.334,-1.6398,-1.2138,-0.71815,-1.2969,-8.892,2.751,0.22963,2.9447,4.9701,7.1243,0.51737,-2.7052,-7.0886,-0.93725,-1.5348,2.7716,-2.5303,-0.0047514,3.6999,3.0039,-2.7785,-0.54081,-10.441,0.0085981,-6.1227,0.68236,1.4669,-0.73753,-1.2645,0.16234,-0.24719,4.0915,2.2126,1.6227,0.57108,-3.6023,-0.015015,-1.6255,-0.39861,-1.6988,-1.2858,-8.9363,4.7159,3.1323,5.202,-0.65822,-1.2626,6.433,-0.065716,-1.6878,1.2445,-0.41572,5.5993,-1.5511,1.3053,-1.9939,-0.73142,-0.34534,-9.4732,-1.0065,0.097079
-2.094,-0.4112,4.45,1.3772,-0.31517,-0.83147,0.80527,-2.3174,-0.76948,-0.081677,10.371,0.29955,6.9184,7.6617,-0.073033,-8.073,-0.66676,-1.6558,-2.6611,6.8911,0.19353,-0.58521,-0.095071,-0.26143,-4.1326,-1.1954,-0.051735,-2.1902,-1.5284,-0.2996,0.19947,7.4447,0.52711,-0.82111,4.8171,-0.74541,0.73713,7.4785,-10.755,-1.5392,-0.75225,-0.55697,-1.0541,-8.96,2.7921,0.31777,3.407,4.8678,7.2977,0.44726,-3.0736,-6.764,-0.9993,-1.8268,3.2367,-2.5622,0.053984,3.6341,3.0012,-2.5638,-0.63959,-10.194,-0.012295,-6.3123,1.0259,1.7677,-0.26706,-0.9935,0.18783,-0.61886,4.0059,2.3065,1.8557,0.88743,-3.7562,0.12407,-1.9622,-0.15965,-1.924,-1.3674,-8.976,4.9152,3.1806,5.6358,-0.26871,-1.3887,6.9307,-0.0049712,-1.633,1.3962,0.024471,5.9542,-1.3053,1.357,-1.8109,-0.44465,-0.40048,-9.2757,-0.84219,0.017686
-2.3044,-0.44907,4.5263,1.7113,-0.2293,-1.005,1.0941,-2.3314,-0.94161,0.11013,10.084,0.042352,6.7238,7.5429,-0.010332,-8.3761,-0.87028,-1.3332,-2.2661,6.6758,-0.12658,-0.71734,-0.44396,-0.42128,-3.8819,-1.211,0.067704,-2.3156,-1.758,-0.51706,0.16655,7.4081,0.72236,-1.1333,4.9456,-0.60252,0.83235,7.3769,-11.121,-1.4208,-0.73813,-0.39986,-1.0902,-9.1334,3.0505,-0.070795,3.4994,4.6066,7.0636,0.25289,-2.7325,-6.5511,-0.91461,-1.8586,2.9746,-2.2756,-0.054289,3.7544,3.2606,-2.495,-0.51758,-9.9736,0.08311,-6.2181,1.3592,2.0414,-0.29178,-0.92686,0.24794,-0.2298,4.0967,2.4503,1.911,1.028,-3.4769,-0.053005,-1.7176,0.073644,-1.8608,-1.1247,-8.9896,4.7711,3.1649,5.4828,-0.61867,-1.3757,6.969,0.39124,-1.3323,1.1039,0.047569,6.3017,-1.6602,1.2262,-1.8211,-0.13247,-0.53835,-9.4757,-0.80658,-0.13813
-2.0677,-0.60818,4.2995,1.5847,-0.35072,-0.89797,1.1675,-2.2671,-1.0937,0.16324,10.058,0.027839,6.7397,7.3029,0.089717,-8.4264,-0.86851,-1.5336,-2.5653,7.0318,-0.4597,-0.68168,-0.74366,-0.013718,-3.6195,-1.1893,0.053082,-2.5817,-1.8799,-0.45687,0.21365,7.1968,0.80068,-1.1074,4.9429,-0.33545,1.0909,7.2104,-11.449,-1.2481,-0.71343,-0.44786,-1.0893,-9.103,2.7537,-0.064797,3.7419,4.6289,7.2504,0.26559,-2.695,-6.1687,-0.6518,-1.8079,3.0239,-2.4498,-0.27675,3.6685,3.32,-2.8889,-0.79022,-9.8687,0.36372,-5.9699,1.3677,1.6314,-0.46234,-0.91816,0.33377,0.036459,4.2042,2.0237,2.0215,1.2209,-3.4652,-0.40082,-1.6999,0.53038,-2.2487,-1.1497,-9.108,4.9428,3.0895,5.782,-0.50426,-1.3735,6.9173,0.50814,-1.3245,1.0894,0.28321,6.1969,-1.5752,0.97283,-2.0431,-0.49539,-0.80975,-9.7198,-0.84343,0.07641
-1.9425,-0.7119,4.1763,1.255,-0.55481,-0.7394,0.80223,-2.0433,-0.91972,0.38976,10.051,0.053325,6.6196,7.6694,0.12195,-8.5742,-0.97609,-1.4774,-2.7325,6.6907,-0.49074,-0.68672,-0.76907,-0.046527,-4.0215,-0.83454,-0.34833,-2.4213,-1.7923,-0.72471,0.41556,6.8057,0.8904,-0.87814,4.9064,-0.52143,1.3156,7.1528,-11.255,-1.2762,-0.5512,-0.18594,-0.80774,-8.776,3.1912,-0.04786,3.6701,4.5512,7.0157,0.25518,-2.7607,-5.782,-0.79766,-2.154,3.0617,-2.7337,-0.61879,3.7486,3.4051,-2.8749,-0.93676,-9.783,0.57424,-5.9026,1.402,1.5732,-0.29362,-1.0058,0.24104,0.28855,4.2752,1.8055,2.0535,1.2261,-3.5258,-0.54145,-1.2932,0.94906,-2.1171,-1.2084,-9.182,4.5686,3.3794,5.8537,-0.51583,-1.6392,6.9647,0.78575,-0.84973,1.1918,-0.021927,6.585,-1.6443,0.79564,-1.7397,-0.72658,-0.55847,-9.7925,-0.75194,-0.18823
-2.2656,-1.0683,4.3852,0.79345,-0.50754,-0.88131,1.0659,-1.8159,-0.80013,0.62419,10.403,0.023927,6.6531,8.0624,0.080823,-8.2022,-0.88736,-1.8457,-2.6935,6.5892,-0.32214,-1.0795,-0.62783,-0.39676,-3.9805,-1.1548,-0.16059,-2.4,-1.6589,-0.71142,-0.0017149,7.1876,0.93935,-0.72088,5.3735,-0.073753,1.1034,7.5385,-11.193,-1.3148,-0.54097,-0.51596,-0.63469,-8.8618,3.295,-0.22642,3.745,4.6133,6.6663,0.02635,-2.4838,-6.0597,-0.94894,-2.1685,2.9594,-3.0554,-0.66813,3.3934,3.3642,-3.3183,-0.5835,-9.9252,0.58745,-6.0287,1.3631,1.5217,-0.46746,-0.9874,0.24246,0.2583,4.4701,2.01,2.4311,1.1999,-3.7284,-0.080615,-1.1598,1.0164,-2.0552,-1.0821,-9.22,4.1116,3.3138,6.0566,-0.42178,-2.1279,7.2875,1.2241,-0.90505,1.4736,0.018028,6.9536,-1.5732,0.70344,-1.8889,-0.8543,-0.17142,-10.012,-0.85844,-0.21085
-2.1636,-1.0327,4.428,0.86504,-0.27909,-0.69739,0.7065,-2.1393,-0.63147,0.50064,10.444,0.38699,6.5236,7.9628,-0.13814,-8.1664,-1.2074,-2.0965,-2.7017,7.0038,0.09629,-0.92577,-1.1123,-0.60364,-4.2401,-1.1123,-0.16415,-2.8197,-1.2719,-0.56402,-0.18216,7.0226,0.70313,-0.39546,5.1687,0.30002,1.0739,7.8533,-11.25,-1.424,-0.5358,-0.79048,-0.58249,-8.7337,3.5044,-0.33106,4.1532,4.7733,7.0067,0.079347,-2.3759,-5.9455,-0.72224,-2.4414,2.6441,-2.8496,-0.89646,3.286,3.1454,-3.2828,-0.9063,-9.99,0.2777,-6.2756,1.4865,1.5953,-0.59793,-1.3448,0.029464,0.57155,4.9519,1.9064,2.4039,0.77337,-3.905,-0.16623,-0.82132,1.1032,-1.9455,-0.75452,-9.1338,3.8224,3.5715,5.8101,-0.53623,-2.5321,6.9663,1.5669,-0.42639,1.418,-0.052492,7.0104,-1.8625,0.64042,-1.9759,-0.56303,0.1743,-10.142,-1.0986,-0.22662
-2.171,-1.2439,4.6979,0.89802,-0.43778,-0.62447,0.82703,-2.2469,-0.87864,0.15585,10.48,0.11172,6.575,8.2477,-0.063964,-8.2463,-1.3911,-2.155,-2.667,7.2059,0.065595,-1.4358,-1.0782,-0.5291,-3.8896,-0.98106,0.22375,-2.8965,-0.97181,-0.44864,0.25388,7.251,0.78472,-0.094145,5.1298,0.64254,1.4964,7.8296,-11.089,-1.2176,-0.93655,-0.73363,-0.62231,-8.8296,3.9103,-0.71658,3.9365,4.5009,6.9626,0.12014,-2.2907,-5.9793,-0.60658,-2.2058,2.6767,-2.9,-0.99084,3.2508,3.4538,-3.0903,-1.1963,-10.272,0.31823,-6.0824,1.2578,1.2185,-0.5759,-1.3024,-0.031319,0.31522,4.6844,2.2943,2.5766,0.4934,-3.8035,-0.3793,-0.69396,0.93556,-1.7694,-0.84275,-9.2118,3.7143,3.5521,5.5767,-0.6406,-2.403,7.1214,1.282,-0.032006,1.6645,0.0016995,6.9294,-1.6827,0.86847,-2.0036,-0.65629,-0.055532,-9.8375,-0.9655,-0.26634
-2.519,-1.5729,4.8445,0.90332,-0.46234,-0.63417,1.1706,-2.4498,-0.65306,-0.049643,10.441,0.50067,6.546,8.6751,0.16315,-8.1242,-1.3929,-2.2118,-3.1126,7.5699,0.32059,-1.9419,-1.0405,-0.6661,-3.7081,-0.79647,0.21518,-3.3038,-1.2704,-0.38656,0.011551,7.4778,0.8911,0.094322,5.2703,0.46694,1.2483,8.1752,-11.362,-0.87572,-0.87505,-0.6558,-0.99402,-9.0509,3.719,-0.98034,4.2803,4.8278,6.9772,-0.12811,-2.4939,-5.8623,-0.89716,-2.2332,2.6031,-2.8393,-1.3895,3.1668,3.5969,-2.7482,-1.0494,-10.163,0.31701,-5.7802,1.2627,1.2809,-0.19495,-0.98165,-0.21367,0.49512,4.849,2.34,2.4389,0.052386,-3.5621,-0.17399,-0.57887,0.8244,-1.6508,-0.7277,-9.1311,3.5107,3.4112,5.5355,-0.49264,-2.4845,7.0919,1.7287,0.036939,1.8318,-0.20934,6.9749,-1.7358,1.0903,-2.0935,-0.80813,-0.24437,-9.4462,-1.1551,-0.41989
-2.3936,-1.9374,5.1777,0.79835,-0.61051,-0.55296,1.0629,-2.7688,-0.56186,-0.076784,10.766,0.71555,6.4978,8.3139,0.093904,-7.781,-1.5553,-1.6738,-3.2045,7.4289,0.10282,-1.6306,-1.4652,-0.61117,-3.6819,-0.89405,0.1476,-3.6574,-1.1815,-0.33056,-0.17369,7.6976,0.81276,0.16204,5.3812,0.16721,1.298,8.2722,-11.442,-0.82113,-1.0964,-0.66235,-1.1506,-8.8416,3.592,-0.95578,4.4351,4.8585,7.0326,-0.17196,-2.5343,-5.4563,-0.80582,-1.9203,2.5637,-2.724,-1.3687,3.388,3.5027,-3.1496,-1.1286,-9.839,0.58884,-5.8401,1.4574,1.1038,-0.056807,-1.0837,-0.2289,0.46798,4.6304,2.436,2.534,-0.13427,-3.3985,-0.39652,-0.31668,0.41562,-1.5856,-0.54008,-9.414,3.1748,3.7329,5.6179,-0.64064,-2.6664,7.4417,1.6233,-0.033164,1.9909,-0.069067,7.0091,-1.7801,1.1624,-2.0922,-1.1347,0.14458,-9.5362,-1.4558,-0.22841
-2.7801,-2.0042,5.2115,0.40273,-0.83741,-0.74271,1.1172,-2.7701,-0.38594,0.22673,10.626,0.61827,6.4441,8.3384,-0.048257,-7.6812,-1.5834,-1.7689,-3.1693,7.2395,0.32735,-1.655,-1.2656,-0.28425,-3.9021,-0.89343,0.51869,-3.3554,-1.3606,-0.085647,-0.33653,7.8365,0.93577,-0.16905,5.4254,0.21278,1.34,8.0917,-11.466,-0.77715,-1.2938,-0.80502,-1.0762,-8.9035,3.6583,-0.50516,4.0806,4.8766,6.8974,-0.067427,-2.4847,-5.6539,-0.59497,-1.8622,2.7636,-2.53,-1.8381,3.6056,3.4228,-3.4667,-0.98098,-9.8869,0.72671,-6.0361,1.4489,0.94795,-0.18892,-1.151,0.091171,0.43872,4.7484,2.7856,2.4315,0.13901,-3.5842,-0.16015,-0.23256,0.74006,-1.4354,-0.74997,-9.3724,3.2489,3.5738,5.7498,-0.71253,-2.5431,7.6208,1.8375,0.41345,2.0107,-0.10369,7.5095,-2.0964,0.7628,-2.0469,-0.91166,0.031036,-9.2758,-1.8144,-0.64557
-2.6604,-2.1054,5.3814,0.34351,-0.65809,-0.81685,1.3123,-2.6167,-0.24612,0.28174,10.28,0.50797,6.181,8.6048,-0.14518,-7.6414,-1.7949,-1.3318,-3.1607,7.5865,0.32457,-1.6879,-0.88647,-0.4036,-3.8816,-0.78774,0.5027,-3.3889,-1.1258,-0.037084,-0.23444,7.7303,1.0677,-0.21034,5.2056,0.21913,1.494,7.8114,-11.631,-1.1093,-1.0953,-0.71852,-0.72039,-8.9015,3.7604,-0.59461,4.2036,5.144,6.7699,-0.23317,-2.5912,-5.7341,-0.31934,-1.5729,2.5526,-2.6355,-1.9846,3.34,3.3694,-3.5817,-0.56981,-9.5193,1.0742,-5.9683,1.753,0.69309,-6.9871e-05,-1.558,0.21359,0.27754,4.4795,2.3511,2.5077,-0.17719,-3.4865,-0.1787,-0.1526,0.99381,-1.1015,-0.67491,-9.3827,2.9268,3.5323,5.6552,-0.46173,-2.7067,7.9933,1.4398,0.21473,2.0285,-0.20825,7.6328,-2.1607,0.52219,-2.107,-0.88216,-0.3011,-9.4124,-1.7928,-0.4747
-2.5894,-2.2127,5.5616,0.21953,-0.79224,-1.0882,1.1573,-3.101,-0.25599,0.28594,10.114,0.6924,6.1246,8.4946,-0.02845,-7.3247,-1.4195,-1.11,-3.1644,7.5791,0.3943,-2.0913,-1.0235,-0.46693,-3.6113,-0.75147,0.45792,-3.1133,-1.0557,0.073184,-0.057304,7.5194,1.0106,-0.094308,5.3308,0.20533,1.5073,7.5271,-11.646,-0.92331,-1.0455,-0.44715,-0.59833,-8.9036,3.5203,-0.80536,4.3613,5.4139,6.4935,-0.07661,-2.6817,-5.3906,-0.57259,-1.7902,2.9243,-2.944,-1.8706,3.3482,3.6661,-3.6392,-0.83153,-9.4846,1.0642,-5.7333,1.4452,0.73854,0.053434,-1.4519,0.42877,0.28062,4.5503,2.3646,2.5147,-0.15513,-3.7367,-0.11256,-0.098377,0.76851,-1.3886,-0.6609,-9.2437,2.9139,3.7676,5.4734,-0.58486,-2.6302,7.8533,1.3509,-0.0069218,1.9706,-0.29519,7.3227,-2.3552,0.9353,-1.7854,-0.87783,-0.31017,-9.3025,-2.0801,-0.30852
-2.6115,-2.2128,5.2342,0.2125,-0.41526,-0.91531,1.0627,-2.8386,-0.23241,0.64943,9.8993,0.52686,6.2741,8.4878,-0.11259,-7.7547,-1.6254,-0.80522,-3.0161,7.1282,0.33549,-2.2018,-0.9992,-0.2501,-3.4613,-0.86438,0.52045,-2.8068,-1.2199,-0.15517,-0.01459,7.3903,1.2465,-0.24881,5.2126,0.4561,1.1295,7.4531,-11.347,-1.0836,-0.49552,-0.36368,-0.1521,-8.6337,3.7796,-0.50966,4.2394,5.5082,6.7949,0.29747,-2.7986,-5.3992,-0.54044,-1.4555,2.9419,-2.8971,-1.8776,3.5507,3.749,-3.8975,-0.743,-9.063,0.95393,-6.0347,1.4275,0.91665,-0.24687,-1.476,0.39827,-0.26452,4.8367,2.4574,2.5005,-0.10911,-3.7753,-0.49101,-0.30608,0.71986,-1.2781,-0.47884,-9.0318,2.9618,3.9152,5.9117,-0.99923,-2.6895,7.8131,1.2399,0.15659,1.6692,-0.38847,7.3478,-2.6074,0.75709,-1.7543,-1.1055,-0.29445,-8.8657,-1.7156,-0.27864
-2.3307,-2.5334,5.1729,-0.16137,-0.56089,-0.52729,1.5032,-3.3053,-0.52893,0.67942,9.7911,0.42799,5.8668,8.4391,0.17547,-7.8653,-1.3225,-1.065,-3.2832,7.2222,0.26854,-2.4618,-1.1504,-0.25393,-3.8159,-1.0564,0.5762,-2.5249,-0.99675,0.023744,-0.082415,7.2834,1.2791,-0.34305,5.4816,0.48259,0.88581,7.7498,-11.719,-0.93602,-0.25354,-0.3181,0.25787,-8.7451,4.147,-0.51616,4.2821,5.5714,6.6729,0.43211,-2.6346,-5.0113,-0.40637,-1.072,2.7375,-3.0193,-1.7568,3.2429,3.8727,-3.7489,-0.9619,-9.3333,0.92708,-6.2802,1.8556,0.70646,0.22982,-1.4662,0.08981,-0.61385,4.8036,2.2734,2.3373,-0.28074,-3.9782,-0.78952,-0.16705,0.57382,-1.158,-0.4886,-8.4849,2.8031,3.5818,5.9388,-0.99996,-2.4563,7.9636,1.5244,0.085452,1.8127,-0.069977,7.7769,-2.1517,0.4731,-1.9732,-0.8998,-0.046101,-9.1572,-1.5608,0.10206
-2.0336,-2.6673,5.1918,-0.063039,-0.72084,-0.57507,1.7064,-3.5945,-0.53719,1.0704,9.6925,0.079311,5.9422,8.3687,0.0025533,-8.1904,-1.787,-0.59291,-3.2028,6.9316,0.57902,-2.5528,-1.3536,-0.61971,-3.6882,-1.3434,0.79448,-2.7435,-1.3521,-0.043693,0.027831,7.1826,0.87821,-0.40595,5.7268,0.23156,1.0985,7.8334,-11.895,-1.1856,-0.20113,-0.14042,0.35638,-8.5008,4.257,-0.86105,4.0483,5.411,6.7576,0.010031,-2.5506,-5.1965,-0.47145,-0.99607,2.6731,-2.6707,-1.8263,2.9028,3.7074,-3.785,-0.88037,-8.8646,0.83526,-6.5447,1.6515,0.68308,0.43689,-1.1018,-0.26623,-0.93738,5.2754,2.3657,2.6505,-0.54176,-3.8059,-0.40889,0.13507,0.55033,-0.86864,-0.32543,-8.7136,2.7875,3.5185,6.4885,-1.0481,-2.4536,8.0366,1.5872,0.17854,1.6878,-0.38231,7.8044,-2.2089,0.13213,-2.1036,-0.58787,-0.25046,-9.0129,-1.5207,0.18077
-1.7185,-2.5168,5.3436,0.079462,-0.48938,-0.33224,1.4327,-3.3188,-0.41951,1.0403,9.5769,-0.03114,5.8895,8.6717,-0.031409,-8.1463,-2.0468,-0.31084,-3.4661,6.737,0.52508,-2.7865,-1.522,-0.57252,-3.7077,-0.87356,0.84153,-2.5217,-1.145,-0.47294,0.05757,7.1939,1.1994,-0.15846,5.6572,0.093471,1.0933,7.9694,-11.449,-1.3804,-0.14911,-0.19416,0.64263,-8.8099,4.2718,-1.0384,4.0484,5.3383,6.4727,-0.27944,-2.3919,-4.9481,-0.077937,-0.82152,3.0572,-2.7825,-1.8246,2.696,3.6568,-3.7154,-0.85694,-8.8949,0.95774,-6.3672,1.8026,0.72563,0.39038,-1.2534,-0.32588,-0.95144,5.1061,2.6728,2.5351,-0.74436,-3.8293,-0.63171,0.4739,0.39876,-0.68608,-0.60053,-8.6161,2.5492,3.4927,6.472,-1.045,-2.7369,8.2641,1.2692,0.21812,1.2953,-0.46301,7.8622,-2.2548,-0.29829,-2.1049,-0.99748,-0.19454,-8.9429,-1.2059,0.15599
-1.6573,-2.7097,5.4292,-0.13839,-0.72446,-0.40115,1.4349,-3.3731,-0.15521,0.82288,9.4599,0.37507,6.08,8.5309,-0.50571,-8.3564,-1.7322,-0.25565,-3.297,6.6083,0.79429,-2.6962,-1.6663,-0.39821,-3.2466,-0.50645,0.95223,-2.1319,-1.1458,-0.70134,0.19335,7.2009,0.74615,-0.31761,5.6338,-0.19664,1.5408,8.0049,-11.34,-1.5078,-0.039371,-0.030776,0.64503,-8.7277,4.4037,-1.2671,4.2284,5.3517,6.491,0.10605,-2.4842,-5.305,-0.11321,-0.68207,2.8875,-2.5044,-2.0407,2.6808,3.5846,-3.8479,-1.2454,-8.8632,0.83265,-6.2434,1.9877,0.37995,0.41938,-1.3005,-0.03845,-0.8113,5.4874,2.6428,2.2682,-0.95632,-3.8899,-0.66858,0.73937,0.28656,-0.41499,-0.83459,-8.7876,2.5741,3.1183,6.3602,-0.74272,-2.7215,8.0291,1.4074,0.28932,1.3457,-0.43659,7.6335,-2.2209,-0.39265,-2.1141,-1.0245,-0.13366,-8.5371,-1.1056,0.38469
-1.8848,-2.3449,5.3036,0.22247,-0.63458,-0.46355,1.8078,-3.5977,0.0018061,0.82727,9.3495,-0.033849,5.8519,8.5823,-0.31279,-8.2834,-1.9783,-0.50123,-3.6693,6.3586,0.78879,-2.9214,-1.597,-0.18334,-2.8434,-0.77038,0.71449,-2.1893,-1.12,-0.57624,0.059217,7.1145,0.99693,-0.085917,5.2707,-0.12764,1.4462,7.7164,-11.666,-2.001,-0.09306,0.22002,0.91946,-8.7403,4.777,-1.2266,4.0533,5.0283,6.4429,0.42314,-2.6833,-5.5358,-0.24892,-0.85863,2.7853,-2.445,-2.1927,2.6652,3.8518,-3.8321,-1.3159,-8.4319,1.0082,-6.6156,2.1852,-0.059655,0.25659,-1.1096,0.18983,-0.78586,5.6371,2.8673,2.052,-0.64146,-4.1503,-0.55886,1.0658,-0.16066,-0.038429,-0.74326,-8.549,2.3037,2.9606,6.3132,-0.79796,-2.7523,7.6863,1.504,0.42026,1.5287,-0.38199,7.3698,-2.2268,-0.43624,-2.0936,-1.3336,0.10686,-8.8325,-1.1823,0.16194
-1.5484,-2.0645,5.1883,0.54277,-0.27085,-0.23571,1.8658,-3.5608,0.10691,1.1666,9.1977,-0.35924,5.9861,8.5722,-0.64208,-8.1588,-2.1701,-0.12329,-3.6488,6.1868,0.36926,-2.9217,-1.9067,0.06763,-3.0028,-0.38317,0.54014,-2.4673,-1.0184,-0.40213,-0.044511,7.0906,0.98983,-0.33696,4.9784,-0.11893,1.8174,7.463,-11.891,-1.8052,-0.057915,0.56157,0.71652,-8.7917,5.1286,-1.2084,4.1269,4.7803,6.4276,0.12599,-2.444,-5.5793,-0.32925,-0.88129,2.5476,-2.2764,-1.7954,2.4512,3.671,-3.6134,-1.2666,-8.7169,1.3479,-6.7913,2.1771,-0.4434,0.3642,-0.80315,0.45395,-0.99591,5.64,3.0518,2.2188,-0.52934,-4.4101,-0.76933,1.3215,0.16823,0.1979,-0.75281,-8.1873,2.0565,2.9327,6.4996,-0.73303,-2.7004,7.718,1.422,0.77468,1.3432,-0.61595,6.9627,-2.5397,-0.69911,-1.6154,-1.3251,0.56202,-8.7072,-1.4501,0.31612
-1.7708,-2.0909,5.5468,0.81947,-0.49521,-0.57641,2.1652,-3.8947,0.33731,1.0088,9.3586,-0.4458,6.3686,8.9691,-0.72611,-8.4525,-1.9457,-0.34382,-3.623,5.996,0.36894,-2.5879,-2.2412,-0.37231,-2.9471,-0.15897,0.62912,-2.7352,-0.55057,-0.03965,-0.34094,6.7178,1.1709,-0.6984,5.2386,-0.18642,2.1089,7.8957,-12.083,-1.9689,0.48238,0.44638,0.70887,-8.3876,4.9442,-1.4499,4.183,4.644,6.3941,0.0052978,-2.3825,-5.4985,-0.18197,-0.82843,2.4322,-2.5239,-1.7286,2.5367,3.294,-3.8346,-1.3425,-8.5757,1.6624,-6.834,2.0067,-0.43991,0.35086,-0.89676,0.6249,-0.58219,5.6221,3.2362,2.6264,-0.52612,-4.1216,-0.8715,1.286,0.22112,0.1827,-0.53627,-8.1567,1.7446,3.174,6.9924,-0.93989,-2.8693,7.3638,1.0659,0.70535,1.4316,-0.87731,6.9158,-2.5382,-0.8196,-1.7861,-1.1049,0.46313,-8.7572,-1.396,0.63649
-1.8928,-2.1252,5.4988,1.0787,-0.66016,-0.21112,1.6986,-3.801,0.3829,0.78646,9.0759,-0.63055,6.3626,8.941,-0.94035,-8.8657,-2.3909,-0.46349,-3.772,6.1625,0.25485,-2.9603,-2.5824,-0.47328,-2.5145,0.16359,0.56775,-2.8498,-0.3732,-0.086253,-0.53,6.3327,1.2358,-0.77346,5.6592,-0.00033533,2.026,7.8585,-11.968,-2.1089,0.68467,0.61815,0.95371,-8.6926,4.9024,-1.2153,4.4883,4.2335,6.4623,-0.10678,-2.1855,-5.5982,-0.49427,-0.79266,2.452,-2.7045,-1.8177,2.3398,3.2191,-3.6043,-1.5875,-8.187,1.2549,-6.8948,1.9375,-0.38788,0.051934,-0.72385,0.99607,-0.88014,5.806,3.1063,2.6708,-0.65847,-3.8099,-0.7228,1.2492,-0.21405,-0.14723,-0.53365,-8.1142,1.6484,3.4576,6.8192,-0.57089,-3.1664,7.5164,0.96227,0.90783,1.7103,-0.71335,6.6249,-2.508,-0.33727,-1.7782,-1.1873,0.78875,-8.3781,-1.381,0.59782
-1.5483,-2.3008,5.4054,1.0079,-0.65109,-0.49232,1.4393,-3.764,0.75598,0.4982,9.2328,-0.43823,6.6517,9.0516,-1.1629,-9.2537,-2.3708,-0.46007,-3.4703,5.8298,0.013839,-2.5961,-2.2435,-0.50105,-2.7412,0.52573,0.54162,-3.2687,-0.66884,-0.24761,-0.28934,6.0177,0.97246,-0.90138,6.0956,-0.29503,2.023,8.238,-11.916,-1.947,0.79194,0.36404,0.68076,-8.379,4.968,-1.542,4.4817,4.5516,6.4947,-0.22664,-2.0239,-5.3746,-0.12042,-0.569,2.2984,-2.5518,-1.7821,2.5501,3.3002,-3.2112,-1.5658,-7.8271,1.1711,-7.0794,1.7933,-0.46514,0.37565,-0.83454,0.93353,-0.81718,6.2563,3.4552,3.1112,-0.28572,-3.9871,-0.25989,1.2341,-0.02289,-0.1625,-0.77185,-8.0849,1.6864,3.3174,6.7874,-0.41402,-2.8644,7.1963,1.0469,0.57709,1.77,-0.3866,6.624,-2.4944,-0.42909,-1.7935,-1.471,0.49958,-8.2672,-1.4495,0.67525
-1.2114,-2.2463,5.8201,1.0487,-0.3221,-0.85334,1.4457,-3.8288,0.4134,0.78969,9.5598,-0.25295,6.6224,9.0493,-1.3556,-8.9643,-1.9049,-0.54155,-3.2223,5.8614,-0.070026,-2.7226,-2.4341,-0.27745,-2.4973,0.70309,0.57613,-3.0921,-0.60239,-0.56004,-0.26676,6.2526,0.81797,-1.2241,6.2247,-0.58052,1.6726,8.1233,-11.597,-2.4703,0.82757,0.32853,0.53762,-8.3781,5.0351,-1.6203,4.3111,4.4704,6.9021,-0.12704,-2.1404,-5.2125,-0.24883,-0.56572,2.2429,-2.4486,-1.7301,2.5209,3.3527,-3.2786,-1.6116,-7.514,1.1188,-6.9487,1.9063,-0.19346,0.67303,-0.78264,0.73531,-0.96436,6.4487,3.3353,3.036,-0.32889,-4.0009,-0.088041,1.5557,0.23683,0.14045,-0.55962,-8.2502,1.6419,3.3399,7.0097,-0.4562,-2.6968,7.276,0.94799,0.8866,1.935,-0.71617,6.8099,-2.4373,-0.46386,-2.1311,-1.337,0.59632,-8.2205,-1.6424,0.77658
-1.0607,-2.5169,5.9042,1.0485,-0.47164,-0.50388,1.4584,-4.2236,0.45953,0.75032,9.3101,-0.15081,6.5117,9.039,-1.715,-9.3322,-1.9596,-0.57723,-3.1515,5.9645,0.046849,-3.2108,-2.4267,-0.53433,-2.4198,0.72324,0.7091,-3.1251,-0.56043,-0.61018,-0.24692,6.3878,0.79061,-0.76612,6.1354,-0.29615,1.7228,8.3776,-11.699,-2.6321,0.86521,0.23803,0.67013,-8.1004,5.2245,-1.6113,4.3436,4.4185,6.7062,-0.57694,-1.7918,-5.0998,-0.24395,-0.36185,2.2452,-2.8936,-1.9453,2.5802,3.4411,-2.9125,-2.0036,-7.7699,1.2498,-7.1092,2.1159,-0.31397,0.82644,-0.52244,1.0184,-1.354,6.8766,3.4409,2.738,-0.093533,-3.6697,0.14835,1.2234,0.56817,0.30829,-0.1022,-8.2695,1.5198,3.6027,7.2003,-0.54476,-2.5587,7.3729,0.79122,1.045,2.3584,-0.68644,6.9865,-2.2933,-0.41462,-1.8446,-1.467,0.30718,-8.1961,-2.0898,1.2319
-0.97927,-2.5204,6.0631,1.1096,-0.39983,-0.63585,1.5771,-4.07,0.83948,0.40473,9.3708,-0.16495,6.7018,9.2635,-1.9743,-9.3029,-2.298,-0.61539,-3.0191,6.1185,0.08144,-3.6153,-2.1154,-0.8403,-1.9479,1.0572,0.61993,-2.8272,-0.44683,-0.82343,-0.52117,6.2556,0.61707,-0.53604,6.5062,-0.62623,1.8374,8.1949,-11.322,-2.7791,0.8518,0.37303,0.66033,-8.4331,5.7424,-1.2935,4.876,4.2463,6.8372,-1.0037,-2.03,-5.4347,-0.31874,-0.26844,2.324,-2.5038,-1.7196,2.5454,3.6193,-3.2082,-2.4833,-7.8943,1.1619,-7.0365,1.8533,-0.3545,0.56716,-0.2862,0.86037,-1.301,6.5405,3.5554,2.9155,-0.13245,-3.7055,-0.16454,1.2609,0.56027,0.28332,-0.12441,-8.0974,1.6189,3.1359,7.2382,-0.43702,-2.2561,7.2999,0.60217,0.8593,2.6576,-0.64088,6.8303,-2.3781,-0.69811,-1.8722,-1.3779,-0.12136,-8.4369,-2.2434,1.6186
-1.2324,-2.5128,6.1816,1.0993,-0.3337,-0.57929,1.7128,-4.1432,0.60644,0.68301,9.1183,-0.24881,6.6626,9.4239,-1.9562,-9.0049,-2.3016,-0.56301,-3.2454,5.8697,-0.047346,-3.72,-2.4623,-0.9876,-1.7498,1.3503,0.30254,-2.8935,-0.50918,-0.84985,-0.23571,6.2658,0.5834,-0.23511,6.703,-0.54983,1.781,8.0596,-11.591,-2.8518,0.88461,0.062988,0.28829,-8.3931,5.6839,-1.2694,4.6479,4.1728,7.0187,-0.9295,-1.9126,-5.6641,-0.2631,-0.04796,2.2753,-2.6312,-1.5697,2.724,3.7279,-2.9729,-2.8848,-8.2216,0.91527,-7.3156,2.1941,-0.74807,0.44162,0.021618,1.0179,-1.4697,6.6562,3.399,2.8743,0.23326,-3.7807,0.16751,1.2632,0.1856,0.64987,0.098855,-8.0538,1.7236,3.1475,7.0816,-0.36903,-2.1624,7.2804,0.53282,1.2305,2.4423,-0.60125,6.4748,-2.539,-0.34543,-1.6549,-1.5705,-0.17797,-8.5622,-2.0565,1.6054
-1.4249,-2.4153,6.589,1.3865,-0.1938,-0.52893,1.8379,-3.6961,0.40911,0.66108,9.0192,-0.21591,6.6582,9.3562,-2.1249,-9.216,-2.359,-0.43035,-3.4413,6.0584,-0.11616,-3.8515,-2.2577,-1.5047,-1.8922,1.3697,0.2238,-3.0141,-0.48532,-0.70977,-0.3663,6.0179,0.49987,-0.087392,6.7034,-0.50213,1.7151,8.2452,-11.538,-3.2417,0.60552,0.15586,-0.02853,-8.382,5.5244,-1.393,4.4248,4.4042,7.3524,-0.80005,-1.6256,-5.5163,-0.29701,0.0090629,2.3116,-3.0256,-1.7278,2.718,4.0186,-2.9694,-2.7846,-8.1186,0.71434,-7.7493,2.3748,-0.65821,0.28879,-0.40968,1.4639,-1.4381,6.7057,3.4177,2.9184,0.33612,-4.1363,0.18816,1.5696,0.55389,0.5556,0.098167,-8.0638,1.8793,3.0926,7.0062,-0.004021,-2.2723,7.5149,0.39197,0.94317,2.2576,-0.65127,6.3497,-2.5696,-0.21307,-1.632,-1.2298,-0.32436,-8.5171,-2.3078,1.6612
-1.3759,-2.5712,6.8941,1.2048,0.29037,-0.34131,1.9882,-3.542,0.25193,0.65989,9.2144,-0.23793,6.3223,9.416,-2.3682,-9.1835,-2.5145,-0.36465,-3.5828,6.0943,-0.16949,-4.1288,-2.1241,-1.9599,-2.171,1.3931,0.33146,-2.672,-0.46975,-0.65587,-0.64782,6.0285,0.67422,0.27828,6.9499,-0.46341,1.719,8.0652,-11.334,-2.9688,1.0394,-0.21499,-0.077916,-8.5524,5.4113,-1.7247,4.6365,4.2561,7.2084,-0.73092,-2.0164,-5.2645,-0.2681,0.22181,2.2526,-3.1031,-1.3753,2.5198,3.6656,-2.9702,-2.912,-7.8814,0.66212,-7.9485,2.3372,-0.37163,0.16006,-0.050937,1.9015,-1.2892,6.8269,3.1512,3.1788,-0.057792,-3.8571,-0.11781,1.5894,0.48616,0.12536,0.24318,-7.6655,1.6516,3.0543,6.6694,0.43531,-1.9756,7.3552,-0.10781,0.89357,2.3971,-0.564,6.38,-2.6167,-0.52816,-1.6236,-1.7073,-0.062977,-8.4402,-2.5603,1.7122
-1.3458,-2.7037,6.9635,1.2967,0.63813,-0.58437,1.8769,-3.5793,0.30203,0.82801,9.1699,-0.49595,6.2057,9.5213,-2.7626,-9.1767,-2.4921,-0.37978,-3.6391,6.1174,-0.22368,-4.4956,-2.2206,-2.2619,-1.7544,1.4922,0.42198,-2.9593,-0.31221,-0.63488,-0.5309,6.3635,0.63885,0.23263,6.8371,-0.36234,1.46,8.0298,-11.406,-2.7324,1.335,-0.27549,-0.12849,-8.8993,5.3417,-1.8766,4.521,4.1192,7.0105,-0.3348,-2.2296,-5.1241,-0.19158,-0.0077157,1.9169,-3.3817,-1.2414,2.5058,3.9906,-3.3161,-2.9921,-8.1681,0.59828,-8.0276,2.211,-0.65208,0.10075,-0.27189,1.9209,-1.3256,7.0927,3.4814,3.0273,0.24459,-3.5597,-0.14299,1.6917,0.83978,0.4073,0.17573,-7.672,1.1828,3.2813,6.8338,0.48671,-2.2328,7.2711,-0.17268,1.0766,2.4515,-0.67957,6.4979,-2.4999,-0.59244,-1.5529,-1.3434,-0.37561,-8.3796,-2.2931,1.7338
-1.5846,-2.7157,6.8572,1.452,0.43907,-0.3968,1.7279,-3.5854,0.5699,0.96542,9.5101,-0.20354,6.1243,9.6506,-2.6756,-8.8412,-2.3948,-0.4452,-3.9296,6.1892,0.015545,-4.2358,-2.4481,-2.2683,-1.6229,1.6231,0.68347,-3.115,-0.2205,-1.0135,-0.73852,6.2102,0.2828,-0.1594,6.5248,-0.43678,1.4451,8.4188,-11.05,-2.7478,1.2592,-0.31324,-0.18237,-8.6743,5.4697,-2.0997,4.2825,3.6548,6.8131,-0.067385,-2.0597,-5.1658,-0.33176,-0.054837,1.6139,-3.595,-1.5246,2.5321,3.7386,-3.3685,-3.2603,-7.9403,0.67691,-8.1454,1.9427,-0.54868,-0.23587,-0.30557,1.7492,-1.136,7.1564,3.6502,2.7444,0.23189,-3.181,0.25557,1.7382,1.151,0.090182,-0.17246,-7.5606,1.0931,3.3986,6.7884,0.35317,-2.3653,7.4634,-0.66913,1.3642,2.1524,-0.66864,6.5225,-2.1271,-0.4834,-1.8219,-1.2534,-0.1489,-8.6459,-2.0756,1.7785
-1.6578,-2.6657,7.1888,1.0971,0.76909,-0.42477,1.6399,-3.7071,0.75529,0.6795,9.8241,-0.23392,6.0381,9.6614,-2.6972,-9.128,-2.1994,-0.24634,-3.8667,6.3687,-0.26161,-4.2714,-2.675,-2.2938,-1.8633,1.4379,0.9398,-3.0899,-0.20478,-0.89354,-0.37485,5.932,0.34374,0.18978,6.7379,-0.34753,1.4517,8.3752,-11.03,-2.6119,1.4068,-0.24446,-0.46724,-8.9492,5.7232,-2.2576,4.6112,3.8582,6.645,0.18985,-2.1306,-5.4549,-0.14229,-0.224,1.8585,-3.2818,-1.3881,2.5359,3.5056,-3.0657,-3.2254,-7.8817,0.30453,-8.1406,1.73,-0.63804,-0.2716,-0.65439,1.4742,-1.1112,7.6292,3.8078,2.8577,0.25984,-3.0447,0.29403,1.6676,1.3357,-0.13905,0.21798,-7.7143,1.3044,3.3107,6.9286,0.76743,-2.4145,7.3803,-0.67923,1.4157,2.4667,-0.82961,6.555,-2.578,-0.61854,-1.7882,-1.1287,0.060237,-8.4762,-1.8336,1.7014
-1.2415,-2.4496,7.2745,0.92196,0.66012,-0.35785,1.2026,-3.5168,0.43339,1.0448,10.197,-0.6494,5.9684,9.3025,-2.6894,-9.4236,-2.4498,-0.17519,-4.1206,6.3663,-0.45022,-4.0531,-2.2387,-2.8516,-1.5687,1.3177,1.0448,-3.2502,0.1947,-0.97411,-0.18164,5.8243,0.45245,0.46925,6.6182,-0.61206,1.4648,8.7191,-10.847,-2.8448,1.6639,-0.22719,-0.48412,-9.0803,5.6811,-2.494,4.767,3.7399,6.4272,0.16154,-2.2225,-5.7942,0.10167,-0.47459,1.8879,-3.3222,-1.076,2.7514,3.1894,-2.9424,-3.0356,-7.859,0.27847,-8.4949,1.2561,-0.47382,-0.13489,-0.73025,1.3587,-1.1619,7.9227,3.6383,2.9555,0.50662,-3.3733,0.086074,1.4383,1.4949,-0.27672,0.3922,-7.4164,1.1578,3.5082,7.3017,0.4196,-2.4293,7.6885,-0.68442,1.3665,2.4627,-0.35731,6.8545,-2.4655,-0.84198,-2.1648,-1.1296,-0.37986,-8.6872,-1.8103,1.6502
-1.3206,-2.1775,7.3945,0.55859,0.56537,-0.34115,0.87583,-3.5052,0.45723,1.0875,10.216,-0.48078,6.2185,9.1132,-2.9931,-9.4032,-2.5757,-0.48876,-3.9909,6.6744,-0.51045,-3.9952,-1.7577,-2.8237,-1.3974,1.311,1.0137,-3.3262,0.33469,-0.66204,-0.009889,5.6753,0.19869,0.51903,6.1708,-0.61098,1.5067,8.6595,-10.614,-3.1492,1.5678,-0.61794,-0.3936,-9.3818,5.9528,-2.6255,4.7856,3.6218,6.6559,0.50219,-1.9677,-5.865,0.21845,-0.55744,2.0094,-2.9732,-1.1154,2.8594,3.522,-2.9122,-3.4822,-8.0894,0.33574,-8.9539,1.3178,-0.32902,0.032672,-0.51501,1.6089,-1.5101,7.7372,3.7293,3.1837,0.33464,-3.1971,0.33242,1.0919,1.7396,-0.54049,0.51833,-7.4459,0.87509,3.5163,7.6382,0.46617,-2.6251,7.5698,-0.81044,1.2792,2.1327,-0.26674,6.7686,-2.2836,-1.1422,-1.737,-1.1588,-0.85005,-8.5843,-1.5481,1.8283
-1.2339,-2.6262,7.2023,0.50212,0.65488,-0.61452,0.72157,-3.0513,0.53318,0.77662,10.602,-0.15766,6.1716,8.7477,-3.0146,-9.4909,-2.5091,-0.090092,-3.6629,6.798,-0.37685,-4.1575,-1.6538,-2.9749,-1.369,1.3344,0.62264,-3.2759,0.31477,-0.73,-0.33824,5.7504,0.036848,0.49924,5.767,-0.63777,1.5241,8.6233,-10.687,-3.1981,1.6089,-0.37219,-0.47762,-9.205,5.6254,-2.6346,4.5915,3.4684,6.6798,0.54029,-2.2335,-5.9795,0.34225,-0.71256,2.3745,-2.7896,-1.0635,2.5991,3.5305,-2.6906,-3.4515,-7.8464,0.091695,-8.8199,1.3213,-0.37896,-0.42292,-0.12635,1.5534,-1.501,7.7425,3.8393,3.6941,0.60179,-3.3278,0.018601,1.318,1.3982,-0.99128,0.55285,-7.4145,0.78058,3.5413,8.0046,0.85612,-2.7496,7.5863,-1.0453,1.6432,2.2388,-0.25741,7.1127,-2.421,-0.86794,-1.9627,-0.96041,-0.9044,-8.3438,-2.0066,2.112
-0.96796,-2.6378,7.4516,0.46359,0.36922,-0.90654,0.26439,-2.7925,0.94854,0.72475,10.39,-0.3952,5.9256,8.6552,-3.2455,-9.0782,-2.5009,-0.33628,-3.8287,6.7697,-0.08829,-4.3674,-1.578,-3.1518,-1.0574,1.198,1.045,-2.9323,0.16252,-0.57039,-0.18751,5.6121,-0.037739,0.24101,5.8046,-0.83683,1.6916,8.5411,-10.308,-3.1487,1.4184,-0.6941,-0.54544,-8.8641,5.8163,-2.3167,4.7405,3.7403,7.0214,0.56335,-2.1127,-5.8162,0.72326,-0.73482,2.6251,-2.5043,-0.71556,2.7235,3.9062,-2.3255,-3.8613,-7.6304,0.15551,-8.7505,1.2144,-0.65354,-0.32329,0.34686,1.4573,-1.5747,7.6615,3.8659,3.7118,0.44908,-3.6943,0.050836,1.6136,1.5168,-0.87191,0.89118,-7.6115,0.37573,3.6663,7.9446,0.82874,-2.8521,7.1853,-0.77159,2.0019,2.1718,-0.41592,7.3506,-2.68,-0.80809,-1.752,-0.77558,-1.1512,-8.2935,-1.867,2.1327
-0.98112,-2.61,7.4768,0.23813,0.75989,-1.1933,0.36859,-2.5818,0.9499,1.0817,10.759,-0.7738,6.2878,8.3773,-3.2957,-9.3121,-2.0575,-0.45013,-3.8541,6.8445,-0.45701,-4.251,-1.482,-3.5091,-0.8707,0.99268,1.2026,-2.9524,0.40373,-0.13967,-0.14879,5.8278,-0.23715,0.68334,6.0563,-1.1467,1.8246,8.3553,-10.714,-2.7313,1.114,-0.71639,-0.54929,-9.0407,5.448,-2.1571,4.6191,3.9865,7.3288,0.70685,-2.3365,-5.5472,0.54759,-0.42305,2.4047,-2.6567,-0.72964,2.6828,3.7804,-2.0751,-3.5643,-7.6606,-0.059608,-8.8628,1.5227,-0.74785,-0.3765,0.57354,1.1874,-1.6458,7.6369,3.6161,3.856,0.6951,-3.8072,-0.050491,1.5656,1.7072,-0.82164,0.82132,-7.914,0.60209,3.6398,8.2776,1.1833,-3.1731,6.8958,-0.77724,2.3112,2.3782,-0.74375,7.39,-2.7187,-0.7917,-1.703,-0.60907,-1.1474,-8.6361,-1.8923,2.2673
-0.75854,-2.6788,7.6446,-0.078119,0.74868,-1.0881,-0.17978,-2.5211,1.0234,1.1797,10.949,-0.87268,6.4432,8.0918,-3.2405,-9.2116,-1.6434,-0.31341,-4.1517,6.8142,-0.57931,-4.5943,-1.4077,-3.4403,-0.469,0.53953,1.3714,-2.6279,0.17136,0.071477,-0.14743,5.7295,-0.22081,1.074,6.2048,-1.1157,1.779,8.4577,-10.772,-2.4681,1.0113,-0.78756,-0.38161,-9.0339,5.384,-2.3321,4.5645,4.0836,7.2309,0.49681,-2.623,-5.7118,0.76548,-0.38177,2.7107,-2.8417,-0.99851,3.1346,3.7364,-2.3914,-3.8116,-7.3544,-0.36965,-8.993,1.5032,-0.76058,-0.27405,0.45848,1.1373,-1.3843,7.7069,3.7352,3.7727,0.6885,-3.4242,-0.45421,1.8939,1.8567,-0.74337,0.96648,-7.5499,0.48657,3.33,8.0485,1.2346,-3.1383,7.0917,-0.64847,2.6001,2.106,-1.1192,7.2961,-3.0575,-1.1924,-1.8908,-0.81274,-1.3233,-8.8143,-2.0438,2.5065
-0.82678,-2.2955,7.6396,-0.010468,0.51845,-1.3773,-0.042282,-2.7647,1.3223,0.91522,10.99,-1.1471,6.8153,7.9432,-3.3283,-9.1493,-1.4468,-0.37288,-3.7997,6.6717,-0.61365,-4.646,-1.4133,-3.2976,-0.52174,0.78332,1.825,-2.8004,0.36685,0.1926,-0.035424,5.8023,0.055239,0.91495,6.5148,-1.0749,1.9076,8.1243,-11.06,-2.5153,0.83802,-0.4877,-0.44196,-9.252,5.3383,-2.0851,4.706,3.9526,7.3033,0.57579,-2.7489,-5.8945,0.90811,-0.18709,2.5129,-2.441,-1.322,2.8574,3.9746,-2.5512,-3.716,-7.243,-0.044271,-8.5521,1.4138,-0.44425,-0.1347,0.2623,0.93649,-1.7613,7.6962,3.3436,3.7467,0.74444,-3.2988,-0.16884,1.9295,1.8871,-0.96518,1.0443,-7.715,0.12857,3.3487,8.3769,1.1385,-3.1058,7.0105,-0.66566,2.5476,1.8914,-1.0182,7.435,-3.1525,-1.3127,-1.8068,-1.0731,-0.93328,-8.4798,-1.9221,2.3773
-0.38463,-1.8736,7.7417,0.14548,0.8142,-1.5309,-0.37925,-2.9055,1.2114,0.63008,10.897,-1.07,6.41,7.9767,-3.5098,-8.8044,-1.0384,0.02992,-3.6959,6.9947,-0.46547,-4.458,-1.415,-3.3858,-0.20189,1.0759,1.9031,-3.1107,0.60307,0.057339,0.072536,5.988,0.005553,0.86488,6.4914,-0.92762,2.051,7.8136,-11.264,-2.4402,0.67428,-0.51709,-0.31345,-8.9014,5.3356,-1.8152,4.7694,3.8047,7.3596,0.37424,-3.0177,-6.2231,1.1811,0.23596,2.3301,-2.4348,-1.1342,2.6535,3.972,-2.1544,-4.0339,-7.1508,-0.22743,-8.3666,1.6876,-0.1187,0.20328,0.62063,0.89689,-1.6068,7.666,3.3651,4.0051,0.37875,-3.1269,0.30087,2.1164,1.6671,-0.77073,0.55821,-7.6222,-0.04916,3.4523,8.6499,0.81149,-3.5,7.3051,-0.97962,2.3042,1.9003,-0.98996,7.3415,-3.0201,-1.5925,-1.4334,-1.1158,-1.0457,-8.1377,-1.99,2.2606
-0.18396,-1.7812,7.858,0.094035,1.1936,-1.0319,-0.53589,-2.844,1.003,0.89468,11.062,-1.0121,5.9891,8.2235,-3.713,-8.8059,-0.9237,0.024864,-3.7062,7.0333,-0.46577,-4.2092,-1.5134,-3.1151,-0.45,0.81851,2.1786,-2.8682,0.45228,-0.07531,0.035268,6.1289,-0.26634,0.95577,6.5531,-0.51746,2.3467,7.8412,-11.148,-2.4797,0.58162,-0.41392,-0.35728,-8.7731,5.7357,-1.8947,5.2147,3.8621,7.228,0.27169,-2.6702,-6.64,1.3724,0.2689,1.9983,-2.4821,-1.024,2.1408,4.2599,-1.9782,-3.8264,-7.0371,-0.099993,-8.1313,1.9473,-0.052234,0.25372,0.47661,0.89649,-1.6437,7.4445,3.5731,4.1741,0.35411,-3.075,0.34085,1.7923,1.3093,-0.7204,0.637,-7.7824,0.13315,3.324,8.9878,0.61692,-3.5883,7.4898,-1.2001,2.0961,2.2103,-0.7856,7.3134,-2.9015,-1.8319,-1.2358,-1.3319,-1.1579,-8.5438,-2.1459,2.4951
-0.032823,-1.8224,8.0543,0.22302,1.2934,-0.8916,-0.91948,-2.3975,1.1347,0.82717,11.244,-1.1911,6.2105,7.864,-3.9566,-8.8401,-0.85504,0.3206,-3.6498,6.6699,-0.30172,-4.1807,-1.7412,-3.2746,-0.34235,0.76405,2.2054,-2.9258,0.32812,-0.058956,-0.47782,6.4159,0.16145,1.2644,6.998,-0.71353,2.4073,7.7672,-11.278,-2.3559,0.50449,-0.50553,-0.09772,-8.6368,6.1455,-1.5056,5.4979,3.76,7.095,0.32825,-2.7411,-6.5444,1.2356,0.56984,2.2343,-2.496,-1.3084,1.9279,4.6407,-2.2574,-3.5379,-6.9443,0.12653,-8.159,2.2166,0.12744,-0.021534,0.60779,1.0263,-1.9156,7.4823,3.3039,4.2602,0.19355,-3.1142,0.15651,1.637,1.1836,-0.71866,0.49446,-8.0736,0.11839,3.2835,8.9436,0.39556,-3.9269,7.7648,-1.3958,1.6413,2.0388,-0.79487,7.6032,-3.0348,-1.7461,-0.66776,-1.3758,-1.5094,-8.8112,-2.0275,2.479
-0.16961,-1.9595,7.7894,0.23312,1.679,-0.93073,-1.0522,-2.2608,1.3951,0.37663,11.046,-0.88259,5.8234,7.9687,-4.0651,-8.5124,-0.93133,0.41766,-3.4256,6.3305,-0.30736,-3.8575,-1.4752,-3.0451,-0.31439,0.51758,2.499,-2.7913,-0.11066,-0.21146,-0.60409,6.4977,0.22287,0.89053,7.1058,-0.58618,2.7037,7.6777,-10.829,-2.4175,0.52427,-0.22105,-0.53751,-8.9422,6.2169,-1.3298,5.5091,4.0272,6.9337,0.05007,-2.4876,-6.2788,1.1138,0.42048,2.1116,-2.7402,-1.6711,1.689,4.4041,-1.9282,-3.2129,-6.5335,0.46154,-8.2122,1.8995,0.10674,-0.18768,0.94122,0.93016,-1.6339,7.3495,3.1013,4.3049,0.41622,-3.5011,-0.13921,1.6632,0.98767,-0.70974,0.16701,-7.8158,-0.091171,3.0749,8.8293,0.63748,-4.213,7.5717,-1.5166,1.5679,2.1332,-0.87393,7.3157,-3.1486,-1.655,-0.2327,-1.4641,-1.5451,-8.4977,-1.782,2.7741
-0.46401,-2.0314,7.9574,0.22705,2.062,-0.5645,-1.471,-2.0431,1.4617,0.41792,10.714,-0.95695,5.6157,8.05,-4.4507,-8.4012,-0.63589,0.20376,-3.0874,5.9772,-0.010256,-3.8847,-1.0855,-3.1206,-0.2372,0.38278,2.2708,-2.8372,0.20035,-0.53464,-0.54928,6.7144,0.29099,0.91895,6.8693,-0.37287,2.3555,7.5548,-10.517,-2.0334,0.56096,-0.42828,-0.76513,-8.5058,6.5278,-1.3844,5.3418,3.7049,7.0194,-0.037724,-2.622,-6.5457,0.76722,0.32779,1.9154,-2.4169,-2.0642,1.5998,4.5379,-1.8045,-2.9704,-6.5278,0.38213,-8.4069,1.7475,0.17884,-0.019461,0.68225,0.5358,-1.3481,7.2121,3.0295,4.6859,0.17895,-3.3442,-0.13862,1.8584,0.5512,-0.6927,0.18639,-7.4622,-0.11329,3.2279,8.6943,0.78858,-4.5312,7.8933,-2.0954,1.6224,1.7941,-0.58973,7.3182,-3.2074,-1.7022,-0.52272,-1.8136,-1.471,-8.6549,-1.6244,2.7785
-0.043446,-1.8128,7.8391,0.40908,2.0422,-0.49217,-1.8564,-1.9134,1.451,0.36955,10.416,-1.04,5.7708,7.9855,-4.3645,-8.028,-0.49244,0.29853,-2.8948,5.8633,0.34247,-4.1821,-1.126,-3.3283,-0.022022,0.077035,2.14,-2.9413,-0.061142,-0.49657,-0.48865,6.2495,0.20493,0.71264,6.837,-0.073225,2.1155,7.241,-10.395,-2.2074,0.56162,-0.61003,-0.99185,-8.7054,6.7214,-1.1345,5.793,3.6029,6.544,-0.52593,-2.7057,-6.2851,0.33294,0.31525,1.9744,-2.7795,-1.8542,1.4748,4.6392,-1.6618,-3.3791,-6.4031,0.57618,-8.5676,1.9729,0.55411,-0.032947,0.50374,0.80197,-1.2911,7.5129,2.4963,4.6795,-0.13532,-3.5424,-0.54669,1.7406,0.17997,-0.73351,0.53617,-7.658,0.13173,3.4045,8.6907,1.1474,-4.3543,7.7623,-2.0039,1.4003,1.8312,-0.63543,7.0147,-3.5717,-1.6361,-0.67312,-1.8423,-1.5622,-8.7699,-1.7709,2.7205
-0.074,-1.8721,7.5567,0.71523,1.9085,0.024582,-2.0974,-1.8456,1.7173,0.11786,10.706,-1.0843,6.1194,8.1713,-4.6631,-7.6397,-0.67108,0.37898,-2.93,5.6312,0.23869,-3.9181,-1.0858,-3.0077,0.079176,-0.074981,2.0716,-2.9198,-0.12209,-0.5581,-1.0059,5.8992,0.27219,0.73184,7.149,0.20236,2.4741,6.9921,-10.234,-2.2423,0.52079,-0.62643,-1.0102,-8.4593,6.4824,-1.3847,6.2906,3.48,6.5298,-0.36414,-2.653,-6.3463,0.15375,0.31685,2.1023,-2.8388,-1.844,1.7719,4.5704,-1.9387,-3.4844,-5.9967,0.14053,-8.3596,2.1442,0.67324,-0.11995,0.39245,1.146,-1.1434,7.1277,2.483,4.5083,-0.23677,-3.5705,-0.84666,2.0257,0.07724,-0.75991,0.327,-7.562,0.15023,3.2793,9.0543,1.1235,-4.5091,7.7945,-2.4606,0.99442,1.904,-0.74013,7.1741,-3.3382,-1.5694,-0.24992,-1.7494,-1.6239,-8.7174,-2.0694,2.7864
-0.38115,-1.965,7.5879,0.72397,1.8968,0.24742,-2.0735,-1.7081,1.3349,-0.25713,10.532,-1.0733,5.7025,7.6205,-4.9047,-7.2508,-0.40858,0.54178,-2.816,5.6941,-0.11673,-3.8621,-1.0754,-3.0682,0.23681,0.15611,1.8985,-3.0919,-0.25795,-0.66896,-0.90858,6.2212,0.085014,1.1,7.4436,-0.060275,2.9603,7.0261,-10.31,-2.0032,0.45854,-0.37295,-1.1629,-8.2162,6.206,-1.4069,6.3183,3.3018,6.3771,-0.39788,-2.5684,-6.3798,-0.29046,0.0094454,1.6803,-2.6801,-2.2126,1.8332,4.1731,-1.8762,-3.3623,-6.0122,-0.072742,-8.4256,2.2249,0.9252,-0.42399,0.74808,0.84502,-0.97078,6.8825,2.3994,4.3398,-0.33644,-3.1887,-0.95453,1.9203,0.0065537,-0.74597,0.49244,-7.7022,0.22308,3.2847,9.4578,0.99091,-3.9776,7.6984,-2.4882,0.98069,1.5464,-0.38354,7.4437,-2.9678,-1.538,-0.20208,-1.8531,-1.6037,-9.0716,-2.0734,3.1752
-0.55134,-2.001,7.4304,0.72208,1.8767,0.22319,-2.0976,-1.5095,0.94532,-0.34213,10.304,-0.99858,5.6483,7.185,-4.6567,-7.4807,-0.47368,0.65264,-2.8751,5.2505,-0.32253,-3.9133,-1.1684,-2.9638,0.26554,0.25981,2.0584,-3.1419,-0.25881,-0.97975,-0.71704,5.7566,0.08613,1.2395,7.1687,-0.38576,3.3972,6.9119,-10.557,-2.2226,0.23158,-0.55822,-1.2994,-8.5709,5.9973,-1.845,6.6427,3.0849,6.2986,-0.5804,-2.2542,-6.3152,-0.3057,-0.13914,1.6357,-2.8257,-1.9188,1.4691,4.1168,-2.2219,-3.0881,-5.5058,0.22902,-8.3157,2.4386,0.84484,-0.73527,0.92422,1.169,-0.76963,6.5299,2.2789,4.7209,-0.61292,-3.3179,-0.92916,1.548,-0.45636,-0.72188,0.54867,-7.7863,0.10987,3.4334,9.6329,0.91361,-3.5683,7.5419,-2.2265,0.77709,1.4726,-0.65177,7.3246,-3.3855,-1.5776,0.32832,-2.4094,-1.6086,-8.9285,-2.1217,3.2346
-0.73323,-1.6776,7.8061,0.37916,1.6297,0.34117,-1.8484,-1.3181,1.0669,-0.04282,10.388,-0.74311,5.3732,7.4129,-4.5133,-7.7785,-0.38767,0.37999,-2.904,5.2066,-0.26984,-3.8873,-1.4671,-2.9074,0.47102,-0.188,2.3626,-2.9374,-0.38587,-0.74575,-1.2017,5.6229,0.16211,1.311,6.937,-0.29461,3.7205,7.0466,-10.728,-1.813,0.30259,-0.42745,-1.3785,-8.1724,5.6951,-1.6129,6.6383,2.6662,6.1577,-0.82883,-2.3892,-6.4736,-0.39441,-0.24669,1.8079,-2.8667,-2.2759,1.1572,4.2539,-2.0857,-3.4849,-5.3607,0.26397,-8.2709,2.0502,1.0929,-1.15,1.2107,1.245,-1.034,6.2186,2.3129,4.7886,-0.43331,-3.3549,-1.1473,1.9145,-0.56701,-0.67836,0.79012,-7.8639,-0.3557,3.2868,9.4351,0.58919,-3.1416,7.5447,-2.2543,0.71212,1.5509,-0.88748,7.1229,-3.2365,-1.7302,0.72275,-2.813,-1.6727,-8.6699,-2.0728,2.8562
-0.59363,-1.409,7.5662,0.26146,1.7486,0.71419,-1.9376,-1.382,1.3431,0.11987,10.734,-0.65533,5.4464,7.4959,-4.3931,-7.7366,-0.020319,0.35256,-2.8216,5.3177,-0.27085,-3.4804,-1.5233,-2.9324,0.50788,-0.2109,2.5617,-3.0152,-0.67485,-0.54234,-1.1859,5.6417,0.10047,1.1802,6.9544,-0.65117,3.7537,6.9254,-10.73,-2.0873,0.18239,-0.67425,-1.1232,-8.2979,6.0678,-1.6136,6.6512,2.646,6.2067,-1.1882,-2.1231,-6.5984,-0.18035,-0.47085,1.578,-2.7753,-2.2987,1.0552,3.9027,-2.2293,-3.7382,-4.9796,0.32364,-7.984,1.6743,1.0076,-1.2411,1.2166,1.096,-1.1579,6.1938,2.0308,4.9822,-0.14107,-3.2472,-0.89582,1.5699,-0.75008,-0.67225,0.68659,-8.1041,-0.42314,3.0469,9.6506,0.74277,-2.8691,7.574,-2.2413,0.31164,1.5632,-0.58983,6.8204,-3.4421,-1.6947,0.627,-2.5039,-1.8072,-8.6711,-2.0966,2.8574
-0.87704,-1.3584,7.4017,0.53694,1.424,0.94007,-2.0141,-1.4354,1.5967,0.040481,10.975,-0.34749,5.2894,7.399,-4.4564,-8.0785,0.42454,0.66531,-3.1137,5.4633,-0.2458,-3.723,-1.448,-3.2761,0.82863,-0.53283,2.3629,-2.8636,-0.82997,-0.61033,-1.1301,5.7107,0.21283,1.0355,7.0561,-0.45518,3.6457,6.7933,-10.784,-2.067,-0.0055044,-0.77047,-1.1501,-8.2192,6.2476,-1.8436,6.6605,2.3305,6.5804,-1.1225,-2.1295,-6.3217,-0.28562,-0.78564,1.8469,-2.7628,-2.3112,1.1612,3.9201,-2.0696,-3.755,-4.7052,0.59903,-8.0666,1.969,0.94697,-1.3131,1.5007,1.035,-0.91623,6.0108,1.8416,5.5203,-0.18641,-3.1717,-0.94539,1.5439,-0.62541,-0.28212,0.71402,-8.1403,-0.55986,3.2184,9.7594,0.44939,-2.7417,7.6827,-2.2987,0.34152,1.3611,-0.76342,6.9322,-3.7262,-1.7197,0.53107,-2.5958,-1.7458,-8.34,-1.8094,2.796
-1.1744,-0.92567,7.0271,0.85778,1.5284,0.65346,-1.8353,-1.1808,1.6947,0.081814,11.159,-0.27641,4.7825,6.9629,-4.7391,-7.9344,0.1517,0.47055,-3.413,5.641,-0.51292,-3.651,-1.4034,-3.0783,1.406,-0.54103,1.985,-2.9678,-1.1453,-0.49081,-1.1778,5.4772,0.08191,1.3307,7.263,-0.24608,3.8683,6.6517,-10.587,-2.3321,0.05393,-1.017,-1.0801,-7.8877,5.8449,-1.8569,6.775,2.4422,6.567,-0.75166,-1.9465,-6.2999,-0.3965,-0.45078,1.6822,-2.8112,-2.1895,0.80208,3.9064,-1.9709,-4.0811,-4.6968,0.83331,-8.0786,1.9917,0.75915,-1.2536,1.3065,0.69024,-0.89562,6.2771,2.0286,5.5005,0.10303,-3.2703,-0.46729,1.514,-0.73296,-0.26813,0.37079,-8.4174,-0.47942,3.1249,9.7999,0.42623,-3.0377,7.634,-2.2174,-0.1168,1.6304,-1.0481,6.614,-3.8473,-1.5182,0.28281,-2.8677,-1.8552,-8.6127,-1.8907,2.4645
-1.2795,-0.96683,6.99,0.78088,1.4882,0.7867,-1.9284,-1.2776,2.0722,-0.08139,11.274,0.0028822,5.0611,7.0708,-4.8459,-7.7325,0.060933,0.879,-3.3842,5.3379,-0.64096,-3.5461,-1.4698,-3.4179,1.8663,-0.69919,1.5814,-2.9178,-1.2281,-0.50916,-0.98318,5.4693,0.16206,1.027,7.0325,-0.20998,4.2282,6.7004,-10.594,-2.3399,0.21593,-1.2812,-0.90403,-7.8587,6.0151,-1.5549,6.8727,2.6059,6.7696,-0.39053,-2.0998,-6.2084,-0.81536,-0.34828,1.7678,-3.1841,-2.1482,0.85174,3.6564,-2.1797,-4.0811,-4.3231,0.41742,-8.5034,2.3984,0.97191,-1.4013,0.91668,1.0867,-0.90283,6.633,1.6789,5.5794,-0.28138,-3.451,-0.34645,1.7525,-1.0295,-0.52092,0.76155,-8.5898,-0.60623,2.8377,9.7295,0.39467,-2.9262,7.7018,-2.3652,-0.11929,1.7426,-1.0959,6.4502,-3.9359,-1.7407,0.056763,-2.844,-1.5583,-8.7164,-1.6621,2.5971
-1.3247,-1.043,6.8506,0.80963,1.5859,0.7262,-1.937,-1.0683,1.7275,0.33154,10.992,-0.2735,4.7913,7.1946,-4.4451,-7.509,-0.26487,0.70191,-3.239,5.16,-0.97292,-3.2686,-1.7582,-3.2474,2.1267,-0.94385,1.2291,-2.6355,-1.2245,-0.63963,-1.4827,5.1245,0.089585,1.2702,7.1916,-0.38466,4.2755,6.855,-10.786,-2.4471,0.06642,-1.4669,-1.3331,-7.92,5.9112,-1.8315,6.5183,2.7061,7.1201,-0.53278,-1.7635,-6.1733,-0.88868,-0.052073,1.7941,-2.8693,-2.4439,0.90715,3.5859,-2.0888,-3.964,-4.285,0.38303,-8.1418,2.0213,0.68234,-1.2703,0.89675,0.99901,-1.0037,6.1777,1.2729,5.2669,0.015961,-3.8461,-0.70321,1.5449,-0.72298,-0.41999,0.81985,-8.2885,-0.83413,3.0319,9.763,0.062033,-3.2622,7.7708,-1.9881,0.30261,1.6753,-0.92817,6.4545,-4.1026,-1.9939,0.50867,-3.021,-1.1715,-8.698,-1.585,2.9243
-1.5533,-0.7515,6.7341,0.77468,1.8531,0.7836,-2.4088,-1.0923,1.6721,0.27794,10.705,-0.15725,4.6956,7.3244,-4.441,-7.1129,-0.32085,0.91145,-3.1635,5.0588,-0.86117,-3.3642,-2.0943,-3.1382,1.8678,-0.94407,1.0767,-3.069,-1.2789,-0.63093,-1.4283,4.8247,0.19472,0.90623,7.047,-0.43263,3.9797,6.9118,-10.785,-2.5915,-0.21996,-1.3888,-1.4003,-7.8564,5.8515,-1.6285,6.9173,2.6509,7.1304,-0.53608,-1.4148,-6.0633,-1.1436,0.045924,1.3524,-2.7684,-2.3561,0.62371,3.9265,-2.0781,-4.0828,-4.2138,0.33424,-8.5942,2.3196,0.74318,-1.4693,1.1566,1.3228,-1.1596,6.5388,1.11,5.3046,0.01592,-3.9188,-0.35449,1.4742,-0.77152,-0.24516,0.94303,-7.9603,-1.0321,2.6295,9.8958,-0.015623,-3.422,7.6109,-2.0422,0.38352,1.7139,-1.1535,6.4099,-3.9518,-1.9601,0.65603,-3.1577,-1.1014,-8.7107,-1.4643,2.4919
-1.3597,-0.73894,6.6612,1.1777,1.7236,0.65726,-2.1234,-1.3846,1.7198,0.24658,10.7,0.17978,4.7037,7.5015,-4.3803,-7.3859,-0.63961,0.93219,-3.0067,4.768,-0.82542,-3.7324,-1.8611,-2.9432,1.9131,-0.65711,0.84414,-3.4284,-1.5937,-0.66526,-1.8306,4.6865,-0.17813,0.748,7.2498,-0.48718,4.0007,7.3467,-11.064,-2.5601,-0.45507,-1.3404,-1.3314,-7.8142,5.8489,-1.3021,7.248,2.5411,7.0815,-0.43486,-1.345,-5.9361,-1.2935,0.36092,1.6476,-2.829,-2.4504,0.40859,4.2012,-2.0238,-3.9777,-4.1056,0.37869,-8.6692,2.3033,0.78697,-1.4153,1.5407,1.2009,-1.3496,6.5339,1.031,5.6936,-0.22895,-3.6339,-0.39178,1.1913,-0.92499,-0.22051,0.93275,-7.9395,-1.3356,2.6947,9.9887,0.34259,-3.1249,7.5459,-2.1814,0.1656,1.9411,-1.2293,6.8221,-3.8975,-1.6081,0.73011,-3.5533,-1.413,-8.5081,-1.3791,2.211
-1.5463,-0.48641,6.4998,1.1461,2.088,0.61972,-2.2972,-1.001,1.4527,0.44631,10.662,0.46295,4.5226,7.37,-4.414,-7.083,-0.55939,0.91534,-3.3421,4.67,-0.70325,-3.4778,-1.5593,-2.9192,2.3164,-0.71032,0.35404,-3.1196,-1.1424,-0.45406,-1.9425,4.5516,-0.10096,0.42222,7.2628,-0.2201,4.2954,7.3053,-11.143,-2.5407,-0.40905,-1.369,-1.4971,-7.4162,5.8408,-1.1275,7.4717,2.7505,7.2245,-0.37832,-1.1033,-5.8662,-1.1832,0.48678,1.5498,-2.6634,-2.32,0.44753,4.5093,-2.4362,-3.9862,-4.0835,0.1584,-9.1217,2.5234,1.1434,-1.5887,1.4749,1.0261,-1.5199,6.7954,1.1285,5.8789,-0.15864,-3.5663,-0.088352,1.2301,-0.89261,0.016717,0.75653,-8.2468,-1.2361,2.811,10.016,0.32684,-3.4586,7.3188,-2.2654,0.024223,1.8713,-1.3853,6.4744,-3.8862,-1.801,0.53036,-3.9005,-1.1328,-8.3378,-1.0815,1.9943
-1.6617,-0.49875,6.5229,0.92469,2.1207,0.49201,-2.3613,-1.2982,1.3847,0.45932,10.291,0.55611,4.1801,7.6521,-4.604,-7.0374,-0.069391,0.91128,-3.0543,4.5932,-0.49254,-3.1587,-1.3559,-3.1792,2.3081,-0.94958,0.17523,-3.006,-1.1907,-0.62936,-1.7155,4.37,-0.059513,0.37836,7.5898,-0.25328,4.1036,7.6263,-10.79,-2.4482,-0.64037,-1.1026,-1.3346,-7.5502,6.0181,-1.139,7.4662,2.6418,7.0097,-0.40869,-0.59171,-6.1758,-1.112,0.20625,1.2977,-2.5861,-2.3525,0.4349,4.2634,-2.5864,-3.6062,-3.8494,0.10807,-9.1503,2.6824,1.4504,-2.0189,1.4919,1.1049,-1.6786,6.6536,0.99941,5.815,-0.60933,-3.8564,0.24066,1.5814,-0.70874,0.055069,0.66381,-8.1679,-1.3641,2.269,10.002,-0.0022494,-3.8161,7.5051,-2.076,-0.18927,1.8503,-1.0051,6.7416,-3.6733,-2.1038,0.5256,-4.278,-1.4984,-8.3467,-0.88527,1.8909
-1.4162,-0.20782,6.0128,1.0595,1.748,0.41431,-2.1994,-1.2874,1.2544,0.40839,10.252,0.21605,4.1967,7.6557,-4.1352,-7.3667,0.062513,0.81442,-2.8973,4.5409,-0.69978,-3.2695,-1.4401,-2.7911,2.7172,-1.3335,-0.10582,-2.8008,-1.1276,-0.52363,-2.0554,4.4719,0.05798,0.72973,7.3923,-0.243,3.5911,7.4806,-10.389,-2.8697,-1.091,-0.98475,-1.6391,-7.8821,6.1199,-1.0622,7.3043,2.4191,7.0838,-0.18948,-0.33539,-6.3213,-1.0626,0.4701,1.5185,-2.8386,-2.5642,0.47653,4.4715,-2.58,-3.5934,-3.8227,0.07151,-9.32,3.1365,1.407,-2.0118,1.9419,1.3381,-1.6147,6.6238,1.0094,6.1011,-0.77872,-3.9729,0.31138,1.3862,-0.67577,-0.2127,1.0313,-8.0175,-1.2874,1.7876,10.035,0.38681,-4.1316,7.7621,-1.8996,-0.37044,2.0012,-1.2752,6.8641,-3.7386,-1.7596,0.27711,-4.1769,-1.1751,-8.515,-0.55924,2.0999
-1.4126,-0.56302,6.0567,0.96651,1.9224,0.48274,-1.9391,-1.0844,1.3365,0.34255,9.9247,0.0031424,4.2344,7.4706,-4.3394,-7.3593,0.21844,0.9021,-3.015,4.4412,-0.48081,-3.4353,-1.8128,-2.9475,2.4724,-1.3988,-0.043432,-2.7553,-1.0554,-0.4303,-2.126,4.2334,0.2923,0.39301,7.1389,0.087091,3.2263,7.354,-10.151,-2.618,-0.81888,-0.80713,-1.7476,-7.5532,6.3104,-0.7445,7.1534,2.4194,7.1616,-0.007561,-0.060297,-6.3011,-1.1438,0.45512,1.7534,-3.005,-2.4839,0.53485,3.949,-2.8145,-3.7054,-3.9289,-0.16826,-9.2623,2.9387,1.2209,-1.8739,2.0519,1.2909,-1.5947,6.8275,0.89276,6.3272,-0.43399,-3.5974,0.35545,1.3935,-1.0281,-0.06027,1.3995,-7.7636,-1.3498,2.0459,10.249,0.41888,-4.0007,7.8456,-2.046,-0.21378,2.1366,-1.1274,6.8444,-3.5809,-1.6671,0.59579,-4.1798,-1.1381,-8.2528,-0.95012,1.8611
-1.19,-0.66326,5.9861,1.3411,1.8789,0.38636,-1.9215,-1.0381,1.2668,0.40936,10.165,-0.036817,4.2991,7.2419,-4.685,-7.3614,0.40006,1.2187,-3.2241,4.3115,-0.31231,-3.4899,-1.7443,-3.0223,2.7122,-1.4503,0.22733,-2.6355,-0.6881,-0.52011,-2.004,4.4633,0.22534,0.71892,6.896,0.092246,3.1758,7.6255,-9.9678,-2.9823,-0.70243,-0.37291,-1.5215,-7.3946,6.4822,-0.90703,7.0701,2.2375,7.3733,-0.019408,-0.28104,-6.1259,-0.86459,0.3907,1.8102,-3.1056,-2.3,0.18676,4.2283,-2.7303,-3.6653,-4.288,-0.13784,-9.2591,2.995,1.016,-1.9084,2.1351,1.4128,-1.5147,6.527,0.3865,6.4331,-0.84807,-3.8836,0.30184,1.0598,-0.88893,0.42322,1.3717,-7.3946,-1.2154,1.6672,10.547,0.58164,-4.2923,7.4077,-2.3463,-0.20679,1.7616,-1.1408,6.8128,-3.0614,-1.7876,0.7236,-4.0947,-0.78713,-7.8847,-0.87829,1.9227
-1.5319,-1.0493,5.6855,1.3988,1.663,0.38771,-1.7755,-0.84923,1.3393,0.40831,10.101,-0.015343,4.0934,7.1906,-4.6809,-7.2339,0.48363,0.975,-3.1666,4.1938,-0.6455,-3.4121,-1.7441,-2.8236,2.9576,-1.7633,-0.12414,-2.4749,-0.90801,-0.46308,-2.3898,4.4724,0.38744,1.0846,6.8189,0.094772,3.3057,7.6671,-9.5736,-2.7524,-0.54435,-0.1634,-1.9287,-7.2865,6.4519,-0.76839,7.4521,2.4897,7.2912,-0.037261,-0.16944,-6.2553,-1.2992,0.40846,1.8078,-3.31,-2.1555,0.34276,4.2021,-2.7346,-3.4148,-4.4038,-0.48306,-9.6895,3.1018,1.3763,-2.0014,2.0352,1.0414,-1.2092,5.999,0.43684,6.3564,-0.70617,-3.4748,0.1931,0.9903,-0.71509,0.17674,1.2624,-7.6377,-1.071,1.3009,10.347,0.79819,-3.9913,7.2574,-2.5435,0.016958,1.5316,-1.1234,6.7509,-2.9854,-1.8597,0.70544,-3.812,-0.67764,-7.7054,-0.61976,1.9729
-1.6213,-0.96363,5.869,1.4402,1.6599,0.30199,-1.991,-0.92288,1.2588,0.46536,10.028,-0.12337,3.8221,7.0205,-4.7319,-6.987,0.30072,0.92235,-3.0266,4.055,-0.50747,-3.5149,-1.6205,-2.5519,2.7423,-2.2334,-0.3755,-2.4652,-0.53808,-0.40087,-2.426,4.4318,0.50155,1.1779,6.892,0.11019,3.177,7.6894,-9.2572,-2.6146,-0.28832,-0.28502,-2.0606,-7.1662,6.1516,-0.7208,7.4445,2.3623,6.8397,0.036228,0.035096,-6.1223,-1.7717,0.4106,1.6069,-3.4293,-2.1048,0.12384,4.4899,-2.2902,-3.5282,-4.8997,-0.53494,-10.085,3.1865,1.602,-2.097,2.2382,1.0323,-1.1163,6,0.3378,6.3459,-0.73384,-3.52,0.081544,1.1399,-0.60244,0.32213,0.82795,-7.6166,-1.1053,1.4949,9.906,0.98393,-3.9465,7.2555,-2.7459,-0.012513,1.5893,-1.0847,6.627,-2.5219,-1.4723,1.1102,-3.9558,-0.441,-7.8052,-0.88795,1.7132
-1.6909,-1.0065,5.6063,1.6597,1.5498,0.65692,-2.1435,-0.7947,1.1246,0.4099,9.6754,0.29092,3.7232,6.8628,-4.7752,-6.9177,0.45555,1.0449,-2.9984,3.7327,-0.48468,-3.5992,-1.8632,-2.4744,3.3075,-2.2842,-0.14308,-2.532,-0.66175,-0.44883,-2.4533,4.3436,0.67573,1.274,6.7943,0.0094348,2.7203,7.39,-9.2836,-2.5513,-0.45228,-0.13226,-2.0123,-7.0611,5.9429,-0.58056,7.5952,2.6618,6.6179,0.18205,0.057146,-5.9172,-1.8686,0.15936,1.6574,-3.3754,-1.7359,-0.17999,4.548,-2.5625,-3.187,-5.2305,-0.66597,-10.099,3.1876,1.5364,-1.983,2.1678,1.3452,-1.3334,5.984,0.15753,6.3375,-0.90923,-3.4259,0.26552,1.2826,-0.93108,0.41299,0.85121,-7.5372,-1.0529,1.3798,10.195,0.79353,-3.5283,7.6197,-2.8582,0.37108,1.6775,-1.2856,6.3643,-2.4369,-1.766,1.0329,-3.6516,-0.24294,-8.005,-1.2206,1.4393
-1.8382,-0.71413,5.3389,1.6821,1.1566,0.80725,-2.5993,-0.83271,0.9197,0.77383,9.4501,0.72454,3.5756,6.5117,-4.6136,-6.4861,0.64861,1.4431,-2.8353,3.6353,-0.8669,-3.7331,-1.9492,-2.3345,3.6283,-2.0523,-0.1575,-2.684,-0.74382,-0.22731,-2.3672,4.3237,1.0696,1.3226,6.9006,-0.046229,2.7327,7.5489,-8.9968,-2.8765,-0.17922,-0.36192,-2.1712,-6.9146,5.9904,-0.34261,7.7337,2.1523,6.3364,0.29559,0.17838,-6.1145,-1.6187,-0.31546,1.8942,-3.6642,-1.6026,-0.13031,4.699,-2.4911,-3.124,-5.638,-0.9452,-10.216,3.6659,2.0036,-1.9713,2.4522,1.3994,-1.0337,6.2246,0.40897,6.5407,-0.7823,-3.2942,-0.076878,0.95464,-0.46982,0.34045,1.0551,-7.7815,-1.1756,1.3857,10.39,0.81568,-3.8498,7.4037,-2.6003,0.30416,1.7211,-1.5757,6.502,-2.1213,-1.665,1.48,-3.8456,-0.33195,-7.9364,-1.5038,1.7739
-2.2316,-0.9453,4.975,1.5071,0.75049,0.843,-2.7579,-1.1076,0.98623,0.9788,9.619,1.0312,3.7855,6.3319,-4.3169,-6.0291,0.58179,1.6367,-2.3886,3.1544,-1.3093,-3.8645,-1.9306,-2.2986,3.7379,-2.3928,-0.079551,-2.6075,-0.52739,0.10038,-1.869,4.2295,1.4657,1.2352,7.0641,-0.20494,2.4743,7.1648,-8.9476,-3.2996,-0.41694,-0.2282,-2.363,-6.8783,6.1241,0.010958,8.0224,2.1853,6.6168,0.3126,0.5267,-6.2737,-1.7253,-0.58653,1.7208,-3.6604,-1.3943,-0.10681,4.5825,-2.4188,-3.2855,-5.8404,-0.95209,-9.9857,3.7323,1.97,-1.7117,2.6331,1.1205,-1.2,5.9689,0.10484,6.5141,-0.84415,-3.251,0.26096,1.194,-0.28884,0.72337,0.7548,-7.7288,-0.96141,1.6809,10.051,0.44865,-3.5991,7.7671,-2.6628,0.07463,1.665,-1.4726,6.3692,-2.1456,-1.6475,1.5862,-4.222,-0.58167,-8.1856,-1.6117,2.0892
-2.1713,-0.95577,5.2354,1.349,0.75137,1.2,-3.0393,-1.3635,0.72745,0.85823,9.6477,0.93077,3.737,6.3801,-4.3105,-5.9164,0.9778,1.9466,-2.6539,2.828,-1.4214,-3.7266,-1.9518,-2.2133,3.5853,-2.4032,0.23506,-2.5445,-0.57912,0.25591,-1.8492,4.0951,1.4567,1.1486,7.3958,0.094223,2.3544,6.8339,-9.1117,-3.4357,-0.64093,-0.10658,-2.2157,-6.8407,6.0262,0.42774,7.7042,2.2379,6.5374,0.35334,0.53459,-6.2524,-1.7473,-0.78762,1.7098,-3.4495,-1.4285,-0.047155,4.423,-2.5938,-3.3122,-5.9443,-0.80262,-9.9731,3.6221,2.3213,-1.9407,2.332,1.1275,-1.0935,5.7699,-0.077754,6.8878,-0.99757,-3.0353,0.21972,1.156,0.18066,0.59164,0.66417,-7.8872,-1.1757,1.5295,9.9454,0.84175,-3.8319,7.4367,-2.5638,-0.16715,1.4941,-1.6157,6.3256,-2.386,-1.2418,1.5732,-4.2259,-0.96759,-8.5244,-1.5709,2.2743
-2.0603,-1.1616,4.8769,1.3259,0.35074,1.1374,-3.2677,-1.3585,0.56957,1.0409,9.8646,0.83152,3.516,5.9624,-4.307,-5.8037,1.2468,2.1164,-2.556,2.8485,-1.4024,-3.4924,-1.8967,-1.7088,3.9629,-2.3193,-0.13018,-2.7613,-1.0331,0.42407,-1.3906,4.3848,1.6219,0.97887,7.4656,0.1387,2.4489,6.6767,-8.9835,-3.1895,-0.64547,-0.035159,-2.6156,-7.2504,6.0953,0.8426,8.0985,1.8772,6.426,0.4138,0.19007,-6.3007,-1.6399,-0.38876,1.8361,-3.3082,-1.8339,-0.015464,4.6355,-2.8967,-3.4345,-6.1282,-0.93308,-10.133,3.2952,2.1474,-2.0128,2.5683,1.365,-1.0776,5.9421,0.056954,6.9405,-1.0709,-3.2916,0.57519,0.72975,-0.21217,0.48164,0.75695,-7.8135,-1.1808,1.3494,9.9997,0.75093,-3.7619,7.4743,-2.5792,-0.19226,1.7583,-1.9056,6.0364,-2.5183,-1.5513,1.3222,-3.7704,-1.3522,-8.4969,-1.4429,2.0186
-2.3606,-0.87474,4.9719,1.4234,-0.22705,1.5023,-2.8142,-1.1035,0.32037,0.87012,9.5684,0.75838,3.7933,5.9627,-4.3052,-5.3218,1.3503,2.1604,-2.3639,2.5745,-1.5932,-3.5417,-1.6314,-1.2544,4.1688,-2.3005,-0.010227,-2.7501,-0.84842,0.6812,-1.6109,4.1077,1.646,0.80361,7.1116,-0.13008,2.1607,6.9117,-8.9533,-3.1609,-0.81665,-0.27643,-2.5963,-7.1567,6.0221,0.45288,8.4709,1.854,6.2161,0.46326,0.33205,-5.9418,-1.5641,-0.33074,2.0106,-3.0691,-1.5973,-0.20907,4.9473,-3.0014,-3.0023,-6.44,-0.92687,-10.159,3.2322,1.8136,-2.0455,2.6521,1.0961,-0.93159,6.1509,-0.31322,6.8422,-1.1144,-3.0907,0.96222,0.3646,-0.08767,0.50128,0.79361,-8.0682,-0.87512,0.89476,10.095,0.83354,-3.9103,7.6434,-2.8955,0.18092,1.8785,-1.7387,5.989,-2.5028,-1.4538,1.5554,-4.0161,-1.2417,-8.2781,-1.7042,1.9391
-2.5696,-0.84505,4.8268,1.3211,0.0031596,1.2973,-2.7748,-1.2489,0.66245,1.201,9.9079,0.32457,3.5525,5.7287,-4.2594,-4.9393,1.6387,2.3684,-2.1414,2.8384,-2.0534,-3.0968,-1.5578,-0.90628,3.8587,-2.2717,-0.071383,-3.0615,-1.0398,0.30793,-1.7837,3.6588,1.8725,0.396,7.0693,-0.52131,2.1868,7.0685,-9.0442,-3.534,-1.0599,-0.45583,-2.554,-7.0382,6.0216,0.42866,8.4186,1.9072,5.9557,0.12109,-0.016421,-5.4771,-1.6353,-0.36683,2.2885,-3.3506,-1.2567,-0.3524,4.9332,-2.8605,-2.8713,-6.2759,-1.0191,-10.2,3.0371,1.5144,-1.9621,2.3654,1.1683,-0.77737,5.9251,-0.38328,6.6541,-1.4821,-3.1653,1.089,0.42692,-0.21788,0.36808,1.0966,-7.9502,-0.76891,0.55874,10.161,0.69016,-4.2684,7.6601,-2.9519,0.3425,1.6742,-1.8564,6.0583,-2.5615,-1.3261,1.5911,-4.1961,-1.2627,-7.8618,-2.0711,2.248
-2.6743,-1.134,4.5579,1.2972,0.0020035,1.4392,-2.7942,-1.2981,0.78795,1.2995,9.8801,0.2359,3.7313,5.7933,-4.33,-4.6583,2.0294,2.3995,-2.0229,2.4619,-1.967,-3.1349,-1.0883,-0.82352,3.7173,-2.2916,-0.1263,-2.8658,-1.1016,0.54882,-1.8746,3.5429,1.8763,0.55552,7.024,-0.65498,1.911,6.6596,-8.6608,-3.6007,-0.6961,-0.3229,-2.6625,-6.9891,6.2125,0.71223,8.6853,2.1402,5.8248,0.1794,-0.11463,-5.3236,-1.6702,-0.14399,2.3021,-2.9896,-1.2765,-0.61963,4.7965,-3.1358,-2.8693,-6.5359,-1.0238,-10.321,2.9819,1.1858,-1.8405,2.5215,0.94885,-1.1557,5.9697,-0.36614,6.9341,-1.5256,-3.5796,1.0717,0.33301,0.07839,0.098439,1.3618,-7.6592,-0.91186,0.90097,10.134,0.76705,-4.0196,7.7228,-2.903,0.26789,1.2887,-1.7821,6.0152,-2.5011,-1.2088,1.7601,-4.2935,-1.2824,-8.2466,-2.0716,2.2131
-2.7546,-1.4299,4.1553,1.3036,-0.267,1.798,-2.3801,-1.7301,0.69906,1.054,9.6436,0.60218,3.5904,5.6573,-4.5125,-4.8076,2.0305,2.5747,-2.2982,2.3633,-2.0351,-3.1686,-1.1022,-0.59677,4.0816,-2.1256,-0.45019,-2.4646,-1.1505,0.29717,-1.7136,3.4295,1.9919,0.83566,6.6316,-0.96178,1.6898,6.428,-8.4452,-3.6884,-0.81528,-0.023962,-2.3245,-6.8047,6.0859,0.76026,8.4701,1.9729,5.78,-0.0010973,0.20355,-5.5836,-1.5445,-0.40315,2.503,-3.3013,-1.0111,-0.38994,4.8082,-3.1026,-2.837,-6.6395,-0.95975,-10.17,2.8478,1.3887,-1.9809,2.5599,0.73556,-1.1282,6.102,-0.42286,6.7669,-1.6794,-3.3397,1.0842,0.032613,0.26469,0.061104,1.2501,-7.4938,-0.60287,1.0074,9.8923,0.63839,-3.6477,8.1235,-2.836,0.12343,1.7568,-1.4256,6.2534,-2.1399,-1.5198,1.7578,-4.4213,-1.5025,-8.2892,-2.4289,2.12
-2.5313,-1.5407,4.0241,1.6532,-0.33278,1.5587,-2.4901,-1.9221,0.59914,1.2236,9.7102,0.27501,3.4054,5.486,-4.5722,-4.3928,2.2472,2.8441,-2.397,2.332,-2.2533,-2.8412,-0.90021,-0.42031,4.4168,-2.3513,-0.47121,-2.4731,-0.86179,0.56724,-2.0199,3.3146,1.9215,0.50199,6.5495,-1.3926,1.8503,6.2868,-8.7282,-3.902,-1.0435,-0.042211,-2.2329,-6.5005,6.0238,0.67208,8.4185,2.2346,5.5517,0.12788,0.29999,-5.3014,-1.2899,-0.12323,2.6786,-3.1572,-1.1898,-0.40848,5.2947,-2.7569,-2.6609,-6.3913,-1.0181,-10.104,2.9303,1.3075,-2.3992,2.8539,0.82284,-1.2701,6.2908,-0.2974,6.6566,-2.2243,-3.2035,0.69976,0.46101,0.65458,0.26695,1.5645,-7.8184,-0.22099,1.0556,10.033,0.36696,-3.929,8.0042,-2.781,-0.11328,1.8445,-1.1418,6.2438,-2.3654,-1.466,1.8462,-4.3127,-1.3946,-7.9477,-2.2105,2.1795
-2.3203,-1.4802,3.8631,1.9606,-0.53461,1.7747,-2.6527,-1.7936,0.6166,1.0683,9.3889,0.18313,3.689,5.3997,-4.4635,-4.3226,2.5007,2.9191,-2.49,2.2381,-2.4663,-2.9156,-0.83315,-0.29386,4.6149,-2.3071,-0.38271,-2.3853,-0.53591,0.82266,-1.7382,3.1786,2.055,0.29786,6.352,-1.218,1.4158,6.6951,-8.7228,-3.5431,-0.87512,-0.12082,-2.4822,-6.8582,6.2642,0.70998,8.5861,1.9185,5.3266,0.52636,0.34749,-5.6068,-0.98457,-0.38703,2.369,-2.6841,-1.1067,-0.13987,5.1675,-2.976,-2.8032,-6.7389,-0.93521,-10.309,2.7463,1.49,-2.711,2.9099,1.1204,-1.0229,6.0853,-0.37521,6.4787,-2.4817,-2.8604,1.1199,0.47363,0.72027,0.35056,1.3221,-7.5462,-0.18651,0.84577,9.8174,0.45403,-3.8608,8.0455,-2.4855,0.1856,1.7554,-1.0732,5.8964,-2.2875,-1.3622,2.2539,-4.1787,-1.7238,-7.9522,-2.1352,1.944
-2.3779,-1.635,3.4318,2.036,-0.78909,1.4503,-2.7766,-1.9822,0.55357,0.69467,9.3934,-0.066088,3.3814,5.1696,-4.3224,-4.2645,2.4963,3.0926,-2.629,2.1289,-2.232,-3.0425,-0.65467,-0.25376,4.6264,-2.0376,-0.73202,-2.3671,-0.7656,0.93974,-1.6087,2.7216,2.0369,0.37928,6.1707,-0.9621,1.1967,6.7701,-9.1578,-3.2182,-1.0805,-0.43391,-2.4817,-7.0369,6.403,0.54202,8.7471,1.7985,4.8875,0.64239,0.38654,-5.5342,-0.69228,-0.74156,2.1892,-2.8156,-1.0277,-0.24182,4.8573,-3.1355,-2.6461,-6.9006,-0.75445,-10.013,2.8232,1.2414,-2.616,2.4753,1.0178,-0.71715,5.8867,-0.52537,6.4726,-2.503,-3.229,1.3206,0.3017,0.9056,0.68391,1.6076,-7.8818,-0.33784,0.47263,9.8116,0.65206,-3.7382,7.7148,-1.9985,0.35872,1.9969,-1.0033,5.9656,-2.3382,-1.1206,2.2884,-4.6343,-2.0984,-7.8546,-2.3431,1.7382
-2.1051,-1.2881,3.1553,1.9908,-0.96294,1.4392,-2.4448,-2.0815,0.56283,0.48366,9.4139,-0.22984,3.0407,5.2833,-3.9854,-4.1993,2.4565,3.3975,-2.9584,1.9002,-1.7377,-2.7063,-0.52089,-0.20281,4.3775,-2.4068,-0.58735,-2.4553,-1.1246,1.0372,-1.802,2.6764,2.1198,0.41684,6.0399,-1.1245,0.84484,6.7284,-8.9596,-3.3031,-1.0493,0.0055027,-2.4531,-7.4825,6.7256,0.91067,8.6773,2.0003,4.7381,0.71813,0.83132,-5.4111,-0.31866,-0.37359,2.3395,-2.825,-1.265,0.015349,4.8492,-2.955,-2.4252,-7.0518,-0.85175,-9.7799,2.7003,1.2285,-2.7114,2.3059,1.1266,-0.87648,5.5257,-0.43011,6.7379,-2.6975,-3.1879,1.349,0.29811,0.74435,0.87414,1.7981,-8.1616,-0.31498,0.81615,9.9617,0.56968,-3.5472,7.3932,-1.918,0.095129,2.1365,-0.93636,5.9136,-2.3568,-1.0042,2.2758,-4.6206,-2.4997,-7.8101,-2.1377,1.6064
-2.4018,-1.2592,3.3005,1.6526,-1.4386,1.3324,-2.6168,-2.3363,0.54577,0.46368,9.4365,-0.26211,2.9708,5.4613,-3.7622,-4.1813,2.8595,3.5127,-2.8985,1.4928,-2.1202,-2.5091,-0.50362,0.024314,4.3166,-2.3026,-0.78059,-2.4146,-0.93018,1.335,-1.9542,2.5171,1.8102,0.84337,6.1243,-1.5141,1.0478,6.3086,-8.6597,-3.3001,-0.67589,0.036448,-2.5228,-7.8051,6.7397,1.3038,8.587,1.8831,4.8206,1.0103,1.2199,-5.777,-0.34827,-0.12222,2.3597,-2.8055,-1.0008,0.24006,4.9542,-2.84,-2.4073,-7.0417,-1.127,-9.8343,2.3224,1.0153,-2.4316,2.3022,0.82709,-0.65596,5.5211,-0.20523,6.7552,-2.5117,-3.1432,1.5719,0.58679,0.76813,1.0247,2.0373,-8.2078,-0.15991,0.76193,9.991,0.64695,-3.7377,7.7435,-1.9122,-0.12042,2.1218,-1.2764,5.7149,-2.24,-0.98329,2.2725,-4.8514,-2.5879,-7.8392,-2.2931,1.5518
-2.8407,-1.31,3.1089,1.5812,-1.5025,0.93683,-2.3698,-2.7244,0.70078,0.23479,9.2874,-0.38995,2.5165,5.2651,-3.6257,-4.1785,2.9301,3.8649,-2.9717,1.4938,-1.6954,-2.5104,-0.50955,0.16752,4.2977,-2.3969,-0.82791,-2.7434,-0.54804,1.2344,-2.0206,2.3406,1.8831,0.96322,6.1746,-1.1633,0.97677,5.9134,-8.6636,-3.4096,-0.84952,0.49422,-2.9073,-8.0697,6.6874,0.91831,8.3463,1.3241,5.0702,0.73366,1.1511,-5.4542,-0.17082,-0.063493,1.9444,-2.9631,-0.8451,0.16549,5.3781,-2.76,-2.4443,-7.2134,-1.3629,-9.6571,2.5625,0.64924,-2.586,2.1164,0.72162,-0.48482,5.5535,-0.33871,6.8132,-2.4204,-3.4035,1.794,0.45559,0.51352,1.1638,2.0494,-7.845,0.23222,0.78759,9.9611,0.81128,-3.9876,7.5509,-1.8695,0.06328,2.2307,-1.2888,6.0926,-2.2904,-1.0041,2.4227,-4.8355,-2.6235,-7.829,-2.2261,1.5011
-3.0466,-1.0348,2.649,1.5391,-1.6927,1.0207,-2.3575,-2.7294,0.14611,0.32593,8.92,-0.74291,2.5765,4.8705,-3.6787,-4.4134,2.6947,4.1165,-2.5548,1.0003,-1.5359,-2.6192,-0.11652,0.37671,4.4464,-2.8537,-0.48762,-2.6447,-0.64181,1.0627,-2.2135,2.1249,2.2821,1.3521,5.8915,-1.1282,1.0492,5.5603,-9.0143,-3.3976,-1.0712,0.90565,-2.551,-7.5731,6.4208,0.72497,8.4274,0.85077,4.9069,0.99024,1.3205,-5.5016,-0.13824,-0.48002,2.0093,-2.9482,-0.9408,0.045379,4.9899,-2.7237,-2.295,-7.6488,-1.5126,-9.2878,2.4404,0.85394,-2.8303,1.5729,1.0232,-0.32983,5.8728,-0.32159,6.7699,-2.8026,-3.4031,1.6052,0.75192,0.090448,1.2518,2.4204,-8.0571,0.64267,0.73289,10.319,0.55869,-3.9111,7.2341,-1.8121,-0.28279,2.2303,-1.2299,5.8147,-2.1812,-0.8626,2.2633,-5.0321,-2.3704,-7.9257,-2.3187,1.579
-2.7455,-0.81445,2.2674,1.5447,-1.7449,1.4082,-2.7467,-2.6243,0.34871,0.074323,9.2195,-0.58488,2.2974,4.8965,-3.6083,-4.8465,2.6757,4.1185,-2.0756,0.76916,-1.8814,-2.5492,-0.068755,0.84281,4.7315,-3.1907,-0.62786,-3.0374,-1.0833,1.1778,-2.3613,2.0991,2.2808,1.1326,5.5616,-1.3406,1.0398,5.2994,-8.7465,-3.2089,-1.4834,0.83966,-2.7584,-7.6487,6.5833,0.91726,8.0972,0.8294,4.5878,1.0739,1.6697,-5.4482,0.0062777,-0.28512,2.4425,-3.1745,-1.2518,0.11761,5.1008,-2.4959,-2.2482,-8.2347,-1.5145,-9.2534,2.1009,0.8849,-2.4802,1.5043,1.2169,0.11166,5.9207,-0.14487,6.7828,-2.817,-3.4473,1.5136,0.70229,-0.34092,1.3613,2.7433,-7.6035,0.44144,0.44391,10.005,0.64077,-4.3095,7.1845,-1.8406,-0.36191,2.0222,-1.4501,5.8161,-2.69,-1.1441,2.6378,-4.7628,-2.349,-7.8691,-2.5438,1.6679
-2.7439,-0.77632,1.9261,1.4334,-2.0301,1.4246,-2.9418,-2.2669,0.17746,0.3437,9.2264,-0.77377,1.8167,5.0373,-3.6283,-4.6201,2.7632,4.5049,-1.8665,0.54343,-1.4264,-2.5798,-0.091634,1.1098,5.0114,-3.4028,-0.30428,-2.7833,-1.0279,1.3835,-2.265,2.0389,2.314,0.98139,5.211,-1.4051,1.2778,4.9535,-9.1922,-3.4617,-1.1156,0.78113,-2.8942,-7.8827,6.4307,1.0768,8.0324,0.64258,4.3935,1.3097,2.0472,-5.394,0.34254,-0.24418,2.6313,-3.1185,-1.2888,-0.19871,4.9758,-2.6092,-2.4598,-8.6888,-1.5787,-9.2001,2.1036,0.41094,-2.6374,1.3604,0.88808,0.18125,6.1788,-0.45358,7.1123,-2.4481,-3.8001,1.5702,0.69813,-0.2324,0.96747,3.0564,-7.7809,0.23753,0.30412,9.804,0.40122,-4.294,7.146,-2.0678,-0.22634,2.2687,-1.5691,5.6686,-2.9566,-1.2378,2.4167,-5.0389,-2.1522,-8.1752,-2.9077,1.977
-2.9256,-0.70929,2.0436,1.5221,-2.321,1.2722,-2.5436,-2.1685,0.30839,0.53141,9.1317,-0.83397,1.5447,5.129,-3.6,-4.7136,3.2829,4.139,-2.1455,0.47958,-1.7154,-2.2391,-0.12699,1.5772,5.4203,-3.4949,-0.16598,-2.6148,-1.0128,1.0731,-2.1395,1.7874,2.3858,1.0066,5.4119,-1.5815,1.0407,4.9714,-9.081,-3.5073,-0.79312,0.51004,-2.6703,-8.1886,6.341,0.8532,7.6797,0.85009,4.1569,1.2285,1.6896,-5.2962,0.41423,-0.25291,2.7462,-3.0071,-1.2677,-0.44069,5.2772,-2.2777,-2.5321,-8.8253,-2.0534,-8.8861,2.1332,0.32659,-2.7838,1.5524,0.87789,0.050549,5.9749,-0.94513,6.9128,-2.5336,-4.0787,1.5738,0.27653,-0.06869,1.3851,3.4064,-7.726,0.3634,0.34988,9.9099,0.1903,-4.5353,7.1657,-1.6626,-0.1133,1.882,-1.2775,5.6717,-2.845,-1.5342,2.5088,-5.0349,-1.723,-7.8421,-2.6652,1.699
-2.9768,-0.66631,2.2182,1.1646,-2.1512,0.99217,-2.4276,-2.054,0.4127,0.47295,9.1223,-0.51608,1.9868,5.0926,-3.5119,-5.0424,3.2655,4.1788,-1.7481,0.79415,-1.6981,-2.2627,-0.12791,1.4778,5.2119,-3.6533,-0.15006,-2.6331,-1.2957,0.88921,-2.3474,1.8027,2.5559,0.77215,4.9851,-1.9077,1.0884,5.081,-8.9607,-3.2572,-1.1642,0.43052,-2.261,-8.1113,5.9488,0.72883,7.7142,0.66751,4.0753,1.4839,2.0487,-5.07,0.48685,-0.31906,2.813,-2.9103,-1.2491,-0.43906,5.2748,-2.2766,-2.5861,-9.0311,-2.2631,-8.7783,2.1687,0.10256,-2.4811,1.3454,0.85997,-0.13371,6.2696,-1.2439,7.3347,-2.4412,-4.2381,1.1814,-0.095993,-0.10804,1.3495,3.4398,-7.3002,0.53749,0.58527,10.006,0.27903,-4.1198,7.246,-1.6087,-0.087413,1.8907,-1.0068,5.4454,-2.9657,-1.1024,2.5523,-5.3729,-1.8093,-7.8601,-3.0867,1.4074
-2.9296,-0.67993,1.8818,1.0081,-2.2743,1.173,-2.4219,-1.8855,0.31534,0.34712,9.2137,-0.75519,2.2059,5.0574,-3.5934,-4.7346,3.076,3.9527,-1.6336,0.81268,-1.6064,-2.0852,-0.11762,1.5563,5.1633,-3.271,-0.13707,-2.4519,-0.93309,0.9975,-2.2297,1.8099,2.6933,0.8325,4.7715,-1.5695,0.62119,5.0428,-8.9684,-3.4115,-1.2643,0.29106,-2.0696,-8.1873,5.9636,0.8506,7.7523,0.75634,3.8681,1.7229,1.8587,-4.8203,0.045115,-0.45314,3.1116,-2.4401,-1.2361,-0.18994,5.5827,-2.227,-2.5079,-9.2502,-1.891,-8.808,1.9045,-0.056999,-2.8963,1.1985,0.70878,0.0074953,5.9697,-1.3491,7.2788,-2.5418,-3.9335,0.952,-0.49911,-0.51233,1.5615,3.4817,-6.9681,0.36265,0.43554,9.9389,0.22589,-4.2642,7.5117,-1.2889,0.066122,2.1704,-1.2579,5.347,-2.9006,-1.2318,2.5842,-5.708,-2.0962,-7.7702,-3.1851,1.3995
-2.9248,-0.55946,1.9036,1.3288,-2.4878,1.3421,-2.354,-2.0617,0.43514,0.26318,9.1931,-0.73679,1.7323,4.7434,-3.4926,-5.1601,3.1045,3.6689,-1.6331,0.47956,-1.7206,-2.2769,-0.31046,1.2311,5.1944,-3.7289,-0.5671,-2.7765,-1.2006,1.0485,-1.8898,1.6063,2.3045,0.85892,4.6899,-1.271,0.71842,4.9162,-8.9351,-3.1311,-1.4156,0.17112,-2.3908,-8.2272,5.8422,1.1194,7.5522,0.94656,3.4188,2.0056,2.2095,-4.9661,0.0041571,-0.42482,2.8783,-2.2505,-1.0275,-0.30607,5.9156,-2.5796,-2.7669,-9.0484,-1.7287,-8.9143,2.2692,-0.32737,-2.975,1.0542,0.64728,-0.06089,5.9905,-1.4888,7.2515,-2.7208,-3.8948,0.56302,-0.72956,-0.094159,1.7468,3.6724,-6.7547,0.50787,0.64885,9.6346,0.27075,-4.4972,7.3225,-1.6353,-0.03823,1.8987,-1.3187,5.2937,-2.9984,-1.1994,2.5803,-5.7202,-1.613,-7.8301,-3.0136,0.99506
-2.9889,-0.64553,2.2217,1.6056,-2.4287,1.4225,-2.2014,-2.236,0.64487,-0.16058,9.2986,-0.42577,1.7169,4.7092,-3.0999,-5.1598,2.7885,3.5869,-1.494,0.68459,-1.5359,-2.4234,-0.43259,1.2893,5.0423,-3.651,-0.62102,-2.4515,-1.2197,1.1007,-1.6976,1.339,2.3044,1.0517,4.5553,-1.2549,0.7541,5.1678,-8.7698,-3.1477,-1.4689,0.11857,-2.5629,-7.8245,5.6712,1.2831,7.763,0.98253,3.1147,2.1524,2.252,-5.108,-0.28827,-0.20901,2.6285,-1.9887,-1.0431,-0.6638,6.3289,-2.1553,-3.0588,-8.86,-1.3079,-8.5586,2.3464,-0.23082,-3.3483,0.89654,0.22173,-0.022925,6.3428,-1.4872,6.9952,-2.7212,-4.1769,0.41485,-0.90892,-0.41281,1.8902,4.0483,-6.5744,0.44205,0.48259,9.4452,0.16324,-4.2585,7.3574,-1.9818,-0.42336,2.2022,-1.4685,5.4755,-2.6331,-0.7304,2.534,-5.5548,-1.9158,-7.8601,-3.3899,1.3244
-3.1271,-0.41052,2.5322,1.5397,-2.1945,1.463,-1.9557,-2.3064,0.59827,-0.6404,8.9166,-0.55882,1.6454,4.6694,-3.1782,-5.0443,3.1973,3.5698,-1.8107,0.91496,-1.5837,-2.4097,0.014153,1.1209,5.1721,-3.5058,-0.70138,-2.5579,-1.0007,0.89714,-1.6517,1.2865,2.6528,1.047,4.3693,-1.5146,0.87385,5.3209,-8.6421,-3.0253,-1.6215,0.39636,-2.4129,-7.6064,5.955,1.5524,7.9232,0.63382,3.3374,2.0101,1.9983,-5.2423,-0.15966,-0.28782,2.2968,-1.9036,-0.62023,-0.78962,6.2519,-1.8719,-3.0335,-8.6628,-1.5741,-8.0957,2.4007,-0.40795,-3.072,0.6991,0.63711,0.10687,6.4975,-1.5059,6.5085,-2.8292,-4.0678,-0.003826,-0.52637,-0.35061,1.7706,4.0416,-6.6358,0.74398,0.38943,9.2348,0.22082,-4.2437,7.5746,-1.9858,-0.33926,1.9255,-1.1692,5.7403,-2.5818,-0.66327,3.0259,-5.4679,-1.5351,-8.1149,-3.7202,1.5585
-3.3722,-0.33744,2.6771,1.5018,-2.1711,1.1048,-1.8733,-2.1196,0.12087,-0.4602,8.8098,-0.25038,1.5095,4.808,-3.2505,-5.49,2.9061,3.5057,-1.9166,1.0555,-1.3341,-2.6312,-0.013064,0.86504,4.939,-3.4294,-0.97835,-2.5244,-0.80122,0.95099,-1.4391,1.1854,2.4806,1.3074,4.1979,-1.4523,0.89308,5.5285,-8.2675,-3.0043,-1.5497,0.14649,-2.5908,-7.6697,5.6692,1.5724,7.7228,0.4133,2.8331,2.0724,2.2646,-5.4485,-0.57611,-0.045034,1.924,-1.8103,-0.45789,-0.57341,6.0901,-1.5891,-3.0781,-9.1284,-1.5282,-8.1477,2.543,-0.59204,-3.0519,0.24176,0.60078,-0.13349,6.4768,-1.5803,6.8125,-3.0005,-3.9988,-0.0035025,-0.11022,-0.55491,1.632,4.5618,-6.6729,1.1346,0.18862,9.4096,0.41901,-3.9781,7.5456,-1.9785,-0.10486,1.8356,-1.3409,5.5838,-2.9375,-0.93821,3.1311,-5.0617,-1.3845,-8.5238,-3.8201,1.1104
-3.3489,0.045109,2.555,1.4861,-2.0438,1.1081,-1.6343,-1.7847,0.26416,-0.55588,8.7443,0.097633,1.8316,4.5313,-3.0983,-5.8778,2.8808,3.5514,-1.5376,0.96861,-1.1951,-2.6768,-0.29861,0.68322,4.5137,-3.3843,-0.88623,-2.3433,-0.86619,1.0225,-1.2714,1.1028,2.6529,1.2334,3.8556,-1.4334,1.0699,5.622,-8.2991,-2.8968,-1.2621,0.022771,-2.7195,-7.6817,5.81,1.6274,7.5758,0.35559,2.8844,2.1535,2.2835,-5.5883,-0.78051,0.3354,1.9502,-2.0495,-0.73278,-0.58477,6.0767,-1.7434,-3.355,-8.8214,-1.2843,-8.3046,2.5778,-1.0951,-2.8548,0.475,0.68172,-0.47665,6.5732,-1.7643,6.987,-2.9433,-3.8666,0.011748,-0.034341,-0.68371,1.8543,4.6147,-6.5623,1.4836,0.1067,9.3772,0.54171,-3.7637,7.4324,-1.5389,0.068235,1.7578,-1.3472,5.5006,-2.9601,-0.92557,3.0885,-5.0775,-1.4857,-8.4564,-3.4346,0.72963
-3.6704,0.25175,2.6013,1.5264,-1.9735,1.0373,-1.8221,-1.7931,0.085697,-0.14746,8.7274,-0.092208,1.7976,4.6297,-3.1076,-6.0305,2.7197,3.5459,-1.2027,0.91754,-1.4955,-2.4776,0.069617,0.70762,4.3418,-3.7412,-1.1333,-2.1822,-0.65551,1.2892,-1.5571,0.92362,2.6791,1.4048,3.4998,-1.5386,0.73064,6.0008,-8.342,-3.17,-1.1356,0.027623,-2.9321,-7.6981,5.8468,1.9024,7.9652,0.44752,2.4298,2.0279,2.2248,-5.7433,-0.5222,0.60084,2.035,-1.8583,-0.69085,-1.0185,6.0793,-1.8391,-3.2466,-9.0511,-1.4064,-8.1565,2.4947,-0.95379,-2.7861,0.56579,0.26384,-0.040426,6.2475,-1.9709,6.8351,-2.8486,-3.6759,0.21495,-0.34888,-0.2729,1.4957,4.5777,-6.3024,1.3982,-0.3982,9.328,0.37148,-3.868,7.1661,-1.6006,0.52803,2.0176,-1.4811,5.3843,-2.814,-0.82712,3.1138,-4.8757,-1.4656,-8.5787,-3.2205,0.61595
-3.681,-0.17073,2.4776,1.7202,-1.6194,0.68113,-2.0386,-1.6784,0.19136,-0.44134,8.3352,0.13832,1.4875,4.6536,-2.7335,-6.0025,2.4875,3.5422,-1.3804,0.63867,-1.4265,-2.5955,-0.3163,0.88862,4.6176,-3.5473,-1.1413,-2.007,-0.79939,0.83655,-1.5182,0.74159,3.0068,1.6618,3.3562,-1.4001,0.4699,6.4351,-8.2954,-3.1069,-1.147,0.24828,-2.8367,-7.1475,5.6911,1.659,7.6529,0.49397,2.7231,1.9716,2.3484,-5.9321,-0.90018,0.6938,1.975,-1.7282,-0.78867,-1.1147,6.3027,-1.7026,-3.1862,-9.4509,-1.7396,-8.0324,2.5936,-0.64744,-3.0193,0.50566,-0.0046166,-0.41295,6.2111,-2.1227,6.6042,-2.8614,-3.8415,0.078333,-0.19704,-0.35524,1.3139,5.0158,-6.593,1.5479,-0.6013,9.3549,0.27211,-3.4585,7.4234,-1.3898,0.91643,1.975,-1.3468,5.0845,-2.8975,-0.75327,3.4087,-4.6315,-1.3541,-8.647,-3.1375,0.45294
-3.8528,-0.20646,2.0698,1.8356,-1.4242,0.37829,-2.4003,-1.6275,0.097052,-0.31899,8.6058,0.017783,1.7779,5.0115,-2.9879,-5.9102,2.407,3.3789,-1.3428,0.60862,-1.2795,-2.1892,-0.089814,1.187,4.3067,-3.8425,-1.0854,-1.9134,-0.5138,0.64515,-1.7574,0.45855,3.2135,1.36,3.2266,-1.349,0.58716,6.4768,-8.28,-3.0622,-0.95894,0.19807,-2.4126,-6.9738,5.9838,1.776,8.0424,0.41131,2.9638,2.1047,2.5849,-5.8977,-0.88623,0.73756,2.0192,-1.6974,-0.95415,-1.0813,6.0829,-1.7314,-3.4834,-9.0414,-1.7711,-7.6943,2.7393,-0.58434,-3.1816,0.1322,0.051632,-0.59543,6.2,-2.2597,6.9248,-2.8036,-3.8192,0.18406,-0.55181,-0.095105,1.3354,5.16,-6.64,1.2486,-0.76761,9.4612,0.45069,-3.686,7.1537,-1.7291,1.3426,2.2788,-0.98039,5.2209,-2.515,-0.6482,3.4776,-4.5026,-1.1768,-8.3241,-3.5599,0.81681
-4.0329,-0.097389,1.5997,2.1709,-1.3551,0.34093,-2.3127,-1.8191,-0.16992,-0.25543,8.1247,-0.08514,1.3217,4.7036,-2.9007,-5.9486,2.3122,3.3308,-1.2799,0.61742,-0.92011,-2.3568,-0.19028,1.4044,4.6408,-3.8199,-0.9672,-1.9579,-0.59902,0.77537,-1.6488,-0.066725,2.9069,1.7112,2.8947,-1.0765,0.56391,6.4554,-7.9965,-3.2182,-0.55173,0.28445,-2.2379,-6.9662,5.4697,1.5014,8.0469,0.12309,2.4949,1.8991,2.29,-5.5173,-0.67365,0.83498,2.0427,-1.7807,-0.98155,-1.3478,5.6588,-2.0816,-3.2862,-9.2467,-1.5353,-7.5878,2.42,-0.68066,-3.2618,0.0075423,0.046834,-1.0084,6.0715,-2.0339,6.9357,-2.5149,-4.0273,0.085178,-0.63004,-0.20461,1.4998,5.4762,-6.4273,1.2115,-0.69473,9.7413,0.50648,-3.4457,7.2745,-1.7263,1.3621,1.8968,-0.67001,4.9395,-2.9107,-0.69709,3.9057,-4.2215,-1.1512,-8.5295,-3.4514,0.95447
-4.3136,-0.44335,1.2569,1.6513,-1.3892,0.42324,-2.3478,-1.8174,0.014957,0.03064,7.7791,0.25226,1.3448,4.7781,-2.665,-6.0545,2.3569,3.3019,-1.0797,0.4332,-1.1242,-2.4475,-0.37525,1.3599,4.9181,-3.8145,-1.0393,-1.8225,-0.45947,1.0425,-1.5302,-0.19295,2.6212,1.9087,2.7864,-1.095,0.45324,6.1765,-7.9041,-3.128,-0.38894,0.15912,-1.8523,-7.2767,5.4546,1.3879,8.0968,-0.16853,2.5076,1.8073,2.0217,-5.1851,-1.0274,0.89796,2.0763,-1.9152,-0.95193,-1.6821,5.353,-2.0514,-3.1925,-9.2433,-1.7534,-7.3942,2.4883,-0.92753,-3.0566,-0.24836,0.45953,-0.89888,5.7996,-2.1981,7.0226,-2.6469,-3.9782,-0.33193,-0.65305,0.13727,1.4146,5.765,-6.6433,1.513,-0.7428,9.7795,0.58187,-3.3427,7.0995,-1.8676,1.2666,1.5022,-0.25719,4.5462,-2.9802,-0.65138,3.959,-4.3816,-1.2172,-8.6007,-3.4617,1.1591
-4.2689,-0.55752,0.91176,1.7015,-1.8531,0.29666,-2.1414,-2.0183,0.28988,0.05841,8.017,0.37471,1.3591,4.5179,-2.5828,-6.2944,2.0381,3.4815,-1.0786,0.24677,-1.302,-2.6892,-0.12817,1.7805,5.0155,-3.39,-0.96824,-1.3978,-0.29936,0.69396,-1.733,-0.26699,2.4942,1.7251,2.3082,-1.0499,0.3956,6.0307,-8.0863,-3.0032,0.033496,0.1148,-2.0286,-7.0299,5.3894,1.5601,7.862,-0.26676,2.0216,1.4463,1.8154,-5.293,-1.0929,1.0649,1.9496,-1.8749,-0.80931,-1.6103,5.4725,-1.9841,-3.3741,-9.3285,-1.5465,-7.0075,2.7378,-0.77506,-2.9889,-0.69416,0.36169,-0.94111,5.7792,-2.2414,7.0748,-2.7315,-4.118,-0.4326,-0.46937,0.20257,1.7386,5.8655,-6.8141,1.2979,-1.2911,9.784,0.92178,-3.2336,6.9764,-2.011,1.335,1.3873,-0.27696,4.7577,-3.0364,-0.74372,3.9987,-4.2687,-1.2082,-8.6627,-3.4424,1.2208
-4.1481,-0.27608,0.66453,1.3043,-1.9427,0.47883,-2.0048,-1.628,-0.16111,-0.2069,7.5223,0.60658,1.5563,4.7303,-2.2702,-6.2498,2.2388,3.9265,-1.36,0.20848,-1.315,-2.5791,-0.32907,2.0855,5.4784,-3.5928,-0.55662,-1.4352,0.020683,0.86334,-1.647,-0.46113,2.3292,1.7231,2.1911,-1.0424,0.6083,5.8331,-7.9774,-2.7824,-0.01424,0.062368,-2.0261,-6.9587,5.2038,1.6083,7.7101,-0.58295,1.9657,1.2001,1.5028,-4.9837,-0.93944,1.0518,2.0653,-1.9688,-0.46233,-1.9233,5.5122,-1.9647,-3.5913,-9.6066,-1.7908,-6.8607,2.7893,-0.62116,-3.0843,-0.67602,0.31177,-0.59424,5.3675,-2.3194,7.0969,-3.1174,-4.3123,-0.56126,-0.30643,0.42107,1.6473,5.9016,-6.4493,1.3593,-1.3905,9.5299,0.90954,-3.1768,6.6807,-1.978,1.2254,1.7897,-0.28394,4.3028,-3.3681,-0.4373,4.0354,-4.2158,-1.4972,-8.6338,-3.0841,0.80823
-4.0365,-0.11964,0.60021,1.3974,-1.9079,0.19426,-1.6747,-2.0064,-0.55053,-0.0014396,7.6905,0.68471,1.8682,5.0028,-2.2717,-5.9934,2.1895,3.7317,-1.6178,0.085291,-1.048,-2.373,-0.65531,2.2315,5.8193,-3.4358,-0.19249,-0.98461,0.0068516,1.0676,-1.6662,-0.74966,2.0521,1.9352,2.2991,-1.0598,0.73243,5.5328,-7.9033,-2.8252,-0.0079166,-0.16967,-1.7049,-7.1654,5.3956,1.3441,7.5617,-0.47201,2.1548,1.0806,1.6963,-4.6006,-1.1534,0.93859,2.1453,-2.2013,-0.50946,-1.793,5.7069,-1.8459,-3.675,-9.3924,-1.8936,-6.7205,2.2929,-0.60206,-3.1881,-0.48182,0.59576,-0.6677,5.2168,-2.5143,7.2818,-3.1583,-4.2255,-0.74548,-0.21665,0.39921,2.0641,6.0039,-6.3158,1.6831,-1.4695,9.235,0.8007,-3.3024,6.3499,-1.6815,1.1473,1.528,-0.60842,4.1438,-3.6453,-0.30705,4.2023,-4.2012,-1.4945,-8.5929,-2.9734,0.93741
-3.9808,-0.36591,0.56298,1.4131,-2.0041,0.48663,-1.8245,-2.2786,-0.47808,0.1238,7.776,0.82409,1.8106,4.8542,-2.5379,-6.3576,2.3679,4.2117,-1.5361,-0.13997,-0.82577,-2.1432,-1.0415,2.1668,5.8613,-3.2651,-0.28891,-1.099,-0.15058,1.2707,-1.5449,-0.71969,2.2802,1.7578,1.9593,-1.3311,0.61261,5.7828,-7.9843,-2.8059,0.11909,0.05485,-1.9098,-7.4732,5.436,1.319,7.8288,-0.29151,1.9962,0.67838,1.311,-4.1988,-0.98911,0.73878,2.0198,-2.0907,-0.41587,-2.1749,5.6534,-1.7233,-3.7562,-9.6545,-1.7259,-6.993,1.8736,-0.81968,-3.3921,-0.79724,0.61285,-0.72967,4.9155,-2.5692,7.534,-2.9013,-4.0127,-0.76644,-0.5436,0.019153,2.101,5.8043,-5.9899,1.6425,-1.4415,9.2866,0.42223,-3.2425,6.1905,-1.6617,1.4158,1.709,-0.52127,4.1825,-3.4991,-0.48544,4.3319,-4.0002,-1.3742,-9.0151,-2.9649,0.7391
-3.9109,-0.45621,0.38296,1.4953,-2.0677,0.24357,-2.0479,-2.3836,-0.87779,-0.082983,8.0565,0.81951,1.799,5.2021,-2.1197,-6.5897,2.5851,4.4654,-1.6693,-0.39842,-0.77841,-1.9824,-0.91139,2.388,5.9725,-3.3177,-0.21503,-0.64846,-0.32438,1.4843,-1.4599,-0.83167,2.4923,1.7145,1.8575,-1.0804,0.38422,5.627,-8.1029,-2.7279,0.12886,-0.41942,-1.7397,-7.2249,5.6633,1.4668,7.9515,-0.66026,2.1113,0.62406,1.4412,-4.3029,-1.0904,0.60879,2.4465,-1.9844,-0.49799,-2.0637,5.5954,-1.7129,-3.402,-9.7809,-1.3396,-6.9137,1.7008,-0.49252,-3.7959,-0.85944,0.42866,-1.1254,4.5773,-2.7619,7.5873,-2.7819,-3.8019,-0.80072,-0.82701,-0.12464,2.3122,5.5866,-5.9821,1.4857,-1.4981,9.3326,0.36329,-3.1579,6.0815,-1.2457,1.6975,2.1076,-0.80659,4.3826,-3.4493,-0.35802,4.281,-4.199,-1.0075,-8.8214,-2.7509,0.70132
-3.7536,-0.41548,0.55257,1.1973,-2.5905,0.10953,-1.7509,-2.2208,-0.61908,-0.058235,7.9391,0.58251,1.4772,5.3975,-2.1445,-6.7403,2.4502,4.2308,-1.2632,-0.48781,-0.29115,-2.4186,-1.058,2.3958,5.935,-3.1471,-0.47646,-0.40904,-0.034707,1.5725,-1.5508,-0.56972,2.6657,2.1822,1.9612,-1.5109,0.36026,5.3137,-7.9843,-3.0824,0.13079,-0.49654,-1.3355,-6.9775,5.5143,1.5573,7.7262,-0.55115,2.1052,0.71373,1.2814,-4.1634,-1.3537,0.72523,2.7908,-1.5272,-0.35854,-1.7875,5.2511,-1.8855,-3.3458,-10.023,-0.98994,-6.8704,1.1713,-0.22181,-3.5894,-1.2916,0.77283,-1.1388,4.4859,-2.7245,7.1569,-2.662,-3.8722,-0.89397,-0.65086,0.11162,2.2983,5.6637,-5.9786,1.3306,-1.4968,9.3344,0.64734,-2.8716,6.0893,-1.1139,1.9109,2.0483,-0.38211,4.3146,-3.3392,-0.10199,4.7158,-3.7838,-1.2414,-8.622,-2.8213,0.47274
-3.6951,-0.66197,0.43464,1.3588,-2.3783,0.2323,-1.5277,-1.9243,-0.90739,0.30505,8.0845,0.8481,1.3916,5.3056,-2.1897,-6.9612,2.5533,4.3883,-1.0658,-0.67465,-0.51894,-2.4755,-1.3703,2.5263,5.673,-2.971,-0.15433,-0.31962,-0.40248,1.9342,-1.8293,-0.36138,2.788,2.5296,1.863,-1.8367,0.48756,5.4175,-7.7889,-2.8998,0.19905,-0.58537,-1.3791,-6.7774,5.4156,1.9159,7.4238,-0.89505,2.0474,0.89035,1.2394,-3.8982,-1.6475,0.8664,2.9923,-1.371,-0.20061,-1.983,5.0568,-2.1922,-3.2295,-10.001,-1.067,-6.7947,1.0691,0.049882,-3.691,-1.3633,0.60748,-1.1038,4.043,-2.4342,6.8459,-3.0516,-3.7494,-1.077,-0.58818,0.2132,1.94,6.139,-5.5816,1.3243,-1.0814,9.5963,0.89262,-2.9721,6.2778,-0.9753,1.6979,2.2151,-0.18223,4.2227,-3.4398,0.17949,4.5186,-3.2876,-1.4034,-8.2004,-3.2451,0.16437
-3.9843,-0.81991,0.40459,0.93603,-2.6923,-0.077391,-1.2627,-1.8965,-0.69539,0.55375,8.2791,0.65609,1.167,5.4375,-2.4018,-7.2515,2.5821,4.4156,-1.4354,-0.8843,-0.37293,-2.8309,-1.252,2.7424,5.4833,-3.0751,-0.089304,-0.27604,-0.41419,1.9462,-1.9183,-0.30324,2.5948,2.3994,1.4891,-1.9381,0.57807,5.6617,-7.6567,-2.9287,0.031455,-0.20491,-1.5031,-6.7964,5.2845,1.995,7.2697,-0.53748,1.9659,0.70599,0.97266,-3.8199,-1.8836,0.82729,3.4861,-1.3009,0.12488,-2.2426,5.2603,-2.2212,-3.3637,-9.9785,-0.80891,-6.6822,0.66722,0.35677,-3.7197,-1.7116,0.95295,-1.2315,3.99,-2.4655,6.9759,-2.8504,-4.0881,-1.2437,-0.3773,0.36109,2.194,6.2569,-5.5738,1.2842,-1.0818,9.8143,0.90069,-3.1243,6.5138,-0.97917,1.8633,2.1805,-0.19892,3.721,-3.3887,0.29136,4.6887,-3.2374,-0.89011,-8.2287,-3.332,0.40106
-3.9323,-1.0463,-0.1442,1.136,-3.0879,-0.028657,-1.0225,-1.5047,-0.62893,0.83218,8.4371,0.81052,0.60617,5.0687,-2.365,-7.4456,2.3662,4.1796,-1.0744,-0.54001,-0.33232,-2.8637,-1.388,2.6262,5.5168,-2.9648,-0.086381,-0.32812,-0.44999,1.9628,-1.4283,-0.065745,2.4317,2.2614,1.1556,-1.8549,0.1835,5.8875,-7.6835,-2.691,-0.41399,-0.3918,-1.4892,-6.666,5.2585,1.8655,7.0184,-0.52547,1.6765,0.87446,1.2111,-3.3738,-1.6789,0.84262,3.5906,-1.4286,-0.33789,-1.906,5.3377,-2.0449,-3.4652,-9.9239,-0.90757,-6.5653,0.51575,0.21031,-3.9757,-1.8282,0.64659,-1.0163,3.7896,-2.5275,6.9377,-2.7894,-4.0285,-0.90507,-0.44543,0.067167,2.1115,6.757,-5.624,1.2294,-1.3289,10.217,1.0705,-3.1001,6.3665,-0.8724,1.7861,2.3664,-0.37733,3.3134,-2.9566,0.03043,4.5497,-3.5355,-0.76661,-8.255,-3.0441,0.71374
-4.0252,-1.4732,-0.18228,1.1619,-3.4271,-0.060514,-1.1508,-1.2504,-0.45495,0.68373,8.2694,0.54999,0.46708,4.6045,-2.595,-7.6369,2.4975,3.8773,-1.4759,-0.34529,-0.63278,-2.4735,-1.2605,2.9465,5.8311,-2.5964,-0.37886,-0.33495,-0.79149,2.2504,-1.4345,-0.005419,2.493,2.1372,0.67295,-2.027,0.029593,5.8699,-8.0789,-2.5723,-0.11356,-0.29659,-1.5417,-6.5931,5.2306,1.5966,6.9166,-0.42306,2.0748,0.86891,1.201,-3.5841,-1.7209,0.47443,4.1003,-1.5945,-0.67937,-1.5915,4.9719,-2.3699,-3.4189,-10.318,-0.64676,-6.1686,0.40269,-0.34274,-3.7137,-1.5744,0.60744,-1.2834,3.6679,-2.4358,6.9994,-2.6677,-3.8828,-1.0413,-0.3332,-0.25171,2.3231,6.7122,-5.9227,1.2469,-1.3283,10.135,1.0855,-2.8729,6.3766,-1.1786,2.1212,2.0968,-0.3036,3.0104,-3.2167,0.020702,4.4126,-3.7524,-0.51681,-8.0441,-3.1047,1.0882
-3.6301,-1.8153,-0.17702,1.0417,-3.5137,-0.51615,-1.1617,-1.131,-0.57548,1.0531,8.0249,0.2053,0.5322,4.2851,-2.652,-7.8488,2.4502,3.8988,-1.3934,-0.44507,-0.5768,-2.6119,-0.84794,2.807,6.2733,-2.6332,-0.081785,-0.37496,-0.88464,2.0246,-1.4009,0.34497,2.4272,2.3149,0.47578,-2.4196,0.31128,5.4925,-7.7778,-2.672,-0.17673,-0.47646,-1.8264,-6.3594,4.861,1.9503,7.0996,-0.2786,1.9601,0.60617,1.0936,-3.0969,-1.3469,0.54429,4.2635,-1.6603,-0.22529,-1.6089,4.674,-2.3957,-3.2315,-10.604,-0.71547,-6.4106,0.55866,-0.42044,-3.9665,-1.4663,0.59895,-1.3155,3.5238,-2.5671,7.1442,-2.9327,-3.7829,-0.89774,-0.35687,-0.042631,2.2166,6.5985,-5.5059,1.4549,-1.0394,10.258,1.1194,-3.2674,6.3588,-0.80288,1.9951,2.1895,-0.29447,2.9834,-3.0845,0.041873,4.6252,-3.8177,-0.099382,-7.6509,-2.9323,1.1461
-3.3895,-2.1674,-0.33954,0.51159,-3.5796,-0.53322,-1.0156,-0.96804,-0.33718,1.2512,8.057,-0.083406,0.59242,3.9803,-2.9514,-7.9595,2.6791,3.5897,-1.2409,-0.45523,-0.072402,-2.2491,-0.91825,2.9204,6.2507,-2.7204,-0.18579,-0.068577,-1.0582,2.0827,-1.0565,0.29054,2.2722,2.5053,0.11725,-2.6948,0.37931,5.819,-7.6359,-2.7659,-0.25207,-0.71026,-2.0505,-6.0113,4.3462,1.6568,7.2822,-0.46558,1.5625,0.2226,0.66906,-3.0253,-1.5875,0.55468,4.427,-1.8792,-0.44266,-1.9057,4.3867,-2.4499,-3.3054,-10.385,-0.64646,-6.4391,0.65625,-0.66377,-4.3065,-1.4604,0.78842,-1.1896,3.3859,-2.8102,6.9986,-2.6492,-3.662,-1.3727,-0.47761,-0.091491,2.0774,6.6903,-5.6219,1.361,-0.79254,10.216,1.0798,-3.1984,6.2163,-0.40982,1.8524,1.8352,-0.5187,3.0422,-2.7724,0.065311,4.6942,-4.1605,-0.44056,-7.7088,-2.9768,1.26
-3.2934,-1.9992,-0.21958,0.049072,-3.373,-0.41352,-1.3925,-0.92134,-0.36618,1.0373,8.2956,-0.10835,0.45594,3.8132,-3.3513,-8.0031,2.7345,3.1908,-1.4805,-0.56374,0.2345,-2.2026,-0.66757,2.7044,6.2309,-2.5718,-0.4567,-0.28387,-0.76438,1.8012,-1.1023,-0.069147,1.9615,2.5035,-0.16549,-2.7165,0.38579,6.1056,-7.9764,-3.1053,-0.26768,-0.47607,-1.5538,-6.2328,4.1684,1.7286,7.2782,-0.70632,1.5841,-0.31353,0.50491,-2.9426,-1.6137,0.38935,4.4019,-2.2158,-0.18736,-1.6714,3.9761,-2.4047,-3.0722,-10.448,-0.62259,-6.3,0.38543,-0.5573,-4.1983,-1.2479,0.84434,-1.6015,3.1893,-2.683,7.1666,-2.7022,-3.8771,-1.3125,-0.078584,-0.075502,1.6376,7.063,-5.3401,0.83725,-0.43755,10.098,1.2878,-3.0922,5.877,-0.72285,1.7379,1.671,-0.86866,3.0142,-2.398,0.48145,4.666,-3.9891,-0.31985,-7.6168,-3.4034,0.86384
-3.1664,-2.351,-0.57039,-0.1029,-3.5247,-0.51956,-1.0751,-0.81814,-0.26029,0.6904,8.1072,0.10862,0.71,3.9395,-3.1583,-8.3975,2.9616,2.8024,-1.6515,-0.7526,0.36132,-2.2927,-0.82052,2.7952,6.3169,-2.4553,-0.15123,-0.0050139,-1.2046,1.8744,-0.95423,-0.11534,1.7602,2.5853,-0.5514,-2.5082,0.50856,5.8601,-7.9767,-2.9779,-0.4036,-0.27531,-1.3741,-6.2357,3.7048,1.7147,7.2852,-0.44484,1.5274,-0.33894,0.56335,-2.8705,-1.6009,0.71769,4.4507,-2.0597,-0.066162,-2.0314,3.9204,-2.2906,-2.7669,-10.409,-0.4821,-6.1931,0.17079,-0.98525,-4.2365,-1.3662,0.93009,-1.616,3.2317,-2.2634,7.1386,-2.9004,-3.5929,-1.0066,-0.35545,-0.42264,1.3905,6.8398,-5.0079,0.59687,-0.4732,10.046,1.6086,-2.6948,5.3433,-1.0334,1.8178,1.885,-0.68433,3.1157,-2.0315,0.48625,4.5732,-4.251,-0.19535,-8.0099,-3.4947,0.74064
-3.2966,-2.2422,-0.96054,-0.48508,-3.4917,-0.24925,-1.411,-0.8237,-0.096238,0.67989,7.957,0.025617,0.7694,3.5642,-2.8882,-8.6687,2.7692,2.9664,-1.698,-0.47712,0.36984,-2.6765,-0.82134,2.8239,6.1342,-2.3297,0.0090625,-0.092288,-1.0079,2.0477,-0.46755,-0.15366,1.5203,2.2276,-0.92957,-2.3424,0.34512,5.6033,-7.8584,-3.1619,0.024913,-0.55715,-1.0947,-6.0248,3.7868,1.7094,7.4581,-0.35236,1.2551,-0.35473,0.76583,-2.707,-1.6816,0.71473,4.5192,-1.9707,-0.19123,-2.2308,3.3857,-2.4185,-2.921,-10.054,-0.63081,-5.9647,0.081493,-1.35,-4.0837,-0.95359,0.64335,-1.5072,3.4794,-2.2362,7.1479,-2.8436,-3.3758,-1.4686,0.11469,-0.68623,1.2429,7.2291,-5.1472,0.70458,-0.60455,10.033,1.2828,-2.6104,5.5798,-1.0633,1.3185,1.9147,-0.91288,2.7581,-1.7492,0.50055,4.8528,-4.2114,-0.14832,-8.3608,-3.8115,0.87191
-2.9187,-2.204,-0.99534,-0.90198,-3.462,0.14964,-1.412,-0.5512,0.28122,0.88787,7.6597,-0.18454,0.99459,3.4389,-2.8147,-8.7967,3.0025,2.697,-1.7884,-0.10923,0.5933,-2.587,-0.9204,2.4256,6.4419,-1.8912,0.14747,0.066232,-0.85833,1.9195,-0.69271,0.082069,1.6199,2.6264,-0.86969,-2.3513,-0.068391,5.5152,-7.9142,-2.8579,0.31156,-0.17572,-0.76591,-5.7687,3.6045,2.0747,7.1023,-0.58287,1.4422,-0.031982,0.59287,-2.7454,-1.348,0.81903,4.6641,-2.0813,0.11311,-2.6251,3.5049,-1.8868,-2.9267,-10.014,-0.39105,-5.8853,0.069183,-1.4806,-4.3613,-0.80647,0.95751,-1.4772,3.293,-2.374,7.0543,-2.6378,-3.2615,-1.409,0.38467,-0.49873,1.0357,7.1936,-5.068,0.55517,-0.40896,10.183,1.6225,-2.7622,5.4626,-0.78611,1.0373,1.9864,-0.8403,2.8173,-1.7226,0.39011,4.5172,-4.0826,-0.29675,-8.2685,-3.3907,0.8454
-2.7521,-1.8578,-0.95152,-1.0414,-3.3404,0.12884,-1.0099,-0.69374,0.37751,0.87168,7.5489,0.23231,0.48978,3.0555,-2.5965,-8.5492,3.0665,2.5043,-2.0189,-0.027449,1.0187,-2.527,-0.85207,2.0282,6.2127,-1.9606,-0.2897,0.35736,-1.0716,1.3909,-0.15563,0.087847,1.8649,2.629,-1.1489,-2.2751,-0.00076733,5.4996,-7.7937,-2.7903,0.54718,0.058466,-0.3884,-5.5645,3.4549,2,7.3419,-0.26562,1.6773,-0.098221,0.25478,-2.6211,-1.7152,0.83157,4.5502,-1.6332,-0.18896,-2.991,3.2497,-1.5093,-2.8044,-10.078,-0.12113,-5.5399,-0.097961,-1.335,-4.2623,-1.1193,0.92449,-1.3665,3.1332,-2.4051,7.1831,-2.9649,-3.2287,-1.4284,0.089572,-0.47074,1.2423,7.1528,-5.1514,0.24956,-0.38153,10.5,1.6802,-3.1583,5.3014,-0.53432,0.61915,2.3313,-1.043,2.3806,-1.3573,0.34268,4.5931,-4.0502,-0.13994,-8.6225,-3.1161,0.83483
-2.6441,-1.6738,-1.1648,-1.0657,-3.2661,0.31142,-0.57831,-0.68096,0.32433,0.46247,7.6477,0.063265,0.5994,2.8051,-2.6022,-8.3059,3.351,2.1113,-2.0263,-0.029797,0.85488,-2.7963,-0.8791,1.876,6.0048,-1.7036,-0.48993,0.083845,-0.90683,1.282,-0.46426,0.08614,1.7406,2.6072,-1.2269,-2.3225,-0.073152,5.3525,-7.5914,-2.9924,0.66648,0.27369,-0.44172,-5.3883,3.4009,2.0764,7.098,0.061767,1.5849,-0.14828,0.25169,-2.6259,-1.5932,0.91914,4.4752,-1.7621,-0.23546,-2.8855,3.1136,-1.5472,-2.7486,-9.9028,0.33143,-5.6815,-0.22732,-1.4088,-4.2813,-1.1503,0.61388,-1.3468,3.0847,-2.3302,7.0811,-2.5459,-3.1663,-1.5489,0.49047,-0.46935,0.9848,7.1574,-4.9118,0.019109,-0.53461,10.23,1.8913,-3.1185,5.2468,-0.65451,0.25247,2.1994,-0.82728,2.0043,-1.0875,0.42402,4.9429,-3.9932,0.13887,-8.7462,-3.2335,1.0407
-2.2704,-1.4877,-1.1841,-1.264,-2.9141,0.64301,-0.57123,-0.77668,-0.030709,0.045538,7.6129,0.41608,0.57675,2.7444,-2.6652,-7.9889,3.0533,1.8202,-1.7275,-0.1537,1.0313,-3.2053,-0.51032,1.9509,5.8189,-1.2005,-0.67483,0.096668,-0.89126,1.2227,-0.2707,0.015496,1.6859,2.6698,-1.0726,-2.1561,0.0030201,5.6715,-7.3967,-2.925,0.76292,0.073199,-0.42037,-5.2248,3.389,2.209,7.233,-0.23767,1.7543,-0.1697,0.16911,-2.6405,-1.6369,1.2362,5.0155,-2.0286,-0.71639,-3.0235,2.6141,-1.6029,-3.0309,-9.709,0.38439,-5.5805,-0.56265,-1.7878,-4.1876,-1.3066,0.84682,-1.4781,2.952,-2.2007,7.1389,-2.284,-3.0455,-1.4576,0.8847,-0.20013,0.84506,7.3526,-4.9213,0.3494,-0.82229,10.474,2.2492,-3.0152,4.9638,-0.5348,-0.094251,2.2851,-0.5206,1.876,-0.71497,0.55218,4.9629,-3.8566,0.44638,-8.7069,-3.4734,1.2542
-1.988,-1.1713,-1.5568,-1.3276,-3.3338,0.95385,-0.33076,-0.58003,0.19499,0.14668,7.3302,0.25763,0.40846,2.5052,-2.9806,-7.9552,3.2874,1.6559,-1.9636,-0.36955,1.1439,-3.1221,-0.2344,2.1638,5.5138,-0.95193,-0.71465,-0.020708,-0.97023,0.80199,-0.27581,0.14472,1.5417,2.8494,-1.1938,-1.7182,-0.18008,5.4048,-7.5449,-2.8311,0.95149,0.097266,-0.16579,-5.1416,3.3833,2.1466,6.7528,-0.24727,1.9796,-0.22646,0.18661,-2.7467,-1.5057,1.1646,5.2226,-1.8591,-0.841,-3.3109,2.5018,-1.5274,-2.6551,-9.6946,0.40729,-5.4566,-0.41381,-1.9682,-3.9906,-1.0672,0.76777,-1.4741,2.9581,-2.2036,6.8825,-2.6188,-3.0904,-1.7088,0.96787,0.029844,0.38719,7.3174,-4.437,0.38413,-0.70537,10.719,2.2359,-3.1202,4.5744,-0.16896,0.23072,2.1755,-0.35123,2.2136,-0.91963,0.66405,5.1576,-4.1514,0.73521,-9.021,-3.1565,1.1235
-2.1304,-1.5951,-1.5728,-1.5665,-3.505,0.99715,-0.32889,-0.44129,0.38105,-0.013114,7.2239,0.099071,0.26107,2.1148,-2.8997,-7.6856,3.2402,1.7141,-2.298,-0.56355,1.1476,-3.6329,-0.25463,2.3781,5.6727,-0.7172,-1.103,0.0010814,-0.76182,0.50459,-0.073232,-0.13183,1.6326,2.722,-0.95001,-1.9484,0.10367,5.6113,-7.3848,-2.8167,0.96656,-0.038376,-0.034611,-4.7269,3.7317,1.9611,6.6822,0.051044,1.8386,-0.66071,0.03418,-2.5165,-1.1383,0.96207,5.2468,-1.8299,-0.58461,-3.308,2.3985,-1.1823,-2.6017,-9.732,0.47994,-5.2834,-0.36242,-2.205,-4.1871,-0.70639,0.87594,-1.3821,3.1043,-2.5126,6.4198,-2.6002,-2.6534,-2.028,0.94384,0.10147,0.27076,7.2441,-4.395,0.11531,-0.37728,10.738,2.1896,-3.356,4.3896,0.052494,-0.20106,2.2042,-0.19648,2.0392,-0.47786,0.39307,4.886,-4.2226,1.0275,-9.1416,-2.9925,1.2973
-2.0572,-1.788,-1.3022,-1.2973,-3.3957,0.85387,-0.60758,-0.043174,0.40263,-0.10475,6.9425,0.10789,0.57066,1.9128,-2.8106,-8.153,3.3324,1.5152,-2.416,-0.46834,1.1575,-3.2114,-0.51844,2.3539,6.0732,-0.53303,-1.2073,-0.31038,-1.0567,0.46232,0.19761,-0.27102,1.3433,2.8263,-0.97875,-2.114,-0.01979,5.749,-7.2975,-2.6215,1.1541,-0.17426,-0.24969,-4.8768,3.3022,2.0582,6.5939,0.29811,1.6093,-0.58839,0.058799,-2.3927,-1.2828,0.94358,5.7881,-1.7294,-0.91753,-3.4967,2.5746,-1.167,-2.349,-9.794,0.72888,-5.206,-0.34917,-1.9262,-4.2788,-0.57217,1.0443,-1.0004,3.1771,-2.444,6.0675,-2.2924,-2.6712,-2.3736,1.001,0.19725,0.074301,7.2584,-3.9384,0.42263,-0.69064,10.697,2.2415,-3.1123,3.9653,0.004842,0.13998,2.4232,-0.11233,1.8131,-0.072621,0.016659,4.9196,-4.237,0.88364,-9.5047,-2.929,1.2723
-1.8022,-1.8314,-1.4151,-1.7538,-3.294,1.1385,-0.61818,-0.021389,0.38239,0.17942,6.6285,0.29508,0.50155,1.9984,-2.8691,-7.9979,3.6444,1.427,-2.1867,-0.31485,0.96044,-3.0276,-0.39265,1.9798,5.9332,-0.50234,-0.90763,-0.71823,-1.2677,0.19988,0.2654,-0.30508,1.2434,2.9847,-0.93228,-2.0077,-0.16999,6.0398,-7.747,-2.5788,0.78289,-0.22991,-0.17347,-5.1406,3.2262,2.1645,6.719,0.31425,1.3795,-0.97372,-0.093857,-2.5523,-0.91345,1.0836,5.6183,-1.3926,-0.91732,-3.8781,2.6652,-1.1748,-2.2338,-9.7874,0.8622,-5.1933,-0.59426,-1.9936,-3.995,-0.37138,1.1294,-0.89393,3.0023,-2.4348,6.464,-1.8928,-2.5787,-2.6626,1.2221,0.099984,0.0094463,7.1336,-4.0593,0.21593,-0.64539,10.721,2.2278,-3.4789,3.7141,0.37172,0.048979,2.4094,-0.29296,2.0872,-0.085291,-0.1655,4.9768,-3.989,0.96109,-9.3148,-2.7483,1.3727
-2.0264,-1.7303,-1.4817,-1.6231,-3.1287,1.11,-0.41279,0.17223,0.55669,0.10048,6.5619,0.55309,0.3251,1.7401,-2.8279,-8.0238,3.8307,1.6072,-2.558,-0.34285,1.4241,-3.3857,-0.6065,1.3672,5.6469,-0.40541,-0.87972,-0.72601,-1.6183,0.5217,0.20181,-0.26127,0.90952,3.026,-0.84346,-1.8378,-0.23076,5.898,-7.817,-2.8065,0.89265,0.11922,-0.034921,-4.924,3.378,1.8657,6.7617,0.1768,1.4779,-0.87398,-0.18137,-2.3347,-0.89706,1.051,5.3525,-1.6561,-0.5468,-3.7416,2.1896,-1.2813,-1.8968,-9.5638,1.0642,-5.114,-0.61769,-2.3233,-3.7102,-0.40122,1.3142,-1.2945,3.1591,-2.8073,6.5741,-1.7041,-2.308,-3.103,1.6971,0.039419,-0.12985,7.3197,-4.1448,-0.22253,-0.53122,10.973,2.1033,-3.4487,3.7231,0.78135,-0.062993,2.329,-0.52492,2.3644,-0.2685,-0.5553,4.9773,-3.8935,1.0701,-9.6802,-2.8175,1.6184
-1.7145,-1.4897,-1.5713,-1.3658,-2.757,0.75652,-0.35797,-0.064349,0.20386,0.28721,6.6072,0.43255,0.30199,2.1014,-2.4294,-8.3838,4.1299,1.6175,-2.759,-0.035856,1.8011,-3.3322,-0.88859,1.0038,5.8538,-0.28856,-0.7198,-0.6395,-2.0873,0.2905,0.22289,-0.27205,0.95949,3.3597,-1.1382,-1.8705,-0.76157,5.4366,-7.5151,-3.0762,0.89395,0.18129,-0.018878,-4.7441,3.1773,1.9208,6.6684,0.47309,1.7739,-0.83473,-0.5021,-2.3391,-0.81734,0.68618,5.3203,-1.5483,-0.99052,-4.0618,2.3171,-1.3143,-1.944,-9.9172,0.86216,-4.6435,-0.61196,-2.4647,-3.6976,-0.45557,1.3748,-1.2803,2.9989,-2.7431,6.3605,-1.2903,-2.0361,-2.8881,1.7223,0.26411,-0.43376,6.9608,-3.845,-0.25787,-0.37334,10.713,2.0996,-3.321,3.8331,0.66723,-0.030337,2.3211,-0.17825,2.3516,0.048858,-0.51925,5.2033,-3.8617,1.2008,-9.9467,-2.641,1.4616
-1.8525,-1.7776,-1.0971,-1.771,-2.7591,0.73207,-0.55012,-0.19023,0.44701,0.62177,6.429,0.79224,-0.052495,2.4025,-2.5297,-8.6209,4.2996,1.374,-2.3818,-0.15046,1.9736,-3.7343,-0.68531,0.93815,5.8611,-0.020716,-0.37887,-0.23218,-2.1906,0.50309,0.3926,-0.51585,0.68399,3.0078,-0.92534,-1.7944,-1.0459,5.4253,-7.2191,-2.879,0.70607,-0.15069,0.16194,-4.659,3.2453,1.5908,6.504,0.90455,1.8914,-0.96325,-0.072406,-2.0629,-0.49929,0.58139,5.5227,-1.1052,-1.0114,-3.9796,1.819,-1.3744,-1.6332,-9.5674,0.84077,-4.5946,-1.0054,-2.0834,-4.0586,-0.68454,1.0128,-1.0318,2.3611,-2.8911,6.5243,-1.2567,-1.7542,-2.8765,2.1106,0.19231,-0.32436,7.0686,-3.737,-0.31996,-0.53733,10.691,2.1303,-3.0174,3.8437,0.69739,0.21394,2.1408,-0.46397,1.9274,-0.061252,-0.60006,5.291,-3.6639,0.99981,-9.8462,-2.8268,1.3523
-1.8797,-1.7202,-1.2041,-1.9879,-3.0352,1.0924,-0.38112,-0.10467,0.74621,0.15576,6.75,1.2208,0.35164,2.4891,-2.3698,-8.6428,4.6674,1.2792,-2.4629,-0.091067,2.1687,-3.5133,-0.82995,0.71475,6.1174,-0.17859,-0.033437,-0.070741,-2.1951,0.43587,0.16448,-0.72209,0.40022,2.8061,-0.90334,-1.861,-1.0208,5.272,-7.1082,-2.9969,1.0761,0.13809,0.036832,-4.4504,3.4759,1.8285,6.293,0.52189,1.6145,-1.2351,-0.040231,-1.72,-0.54145,0.76615,5.4836,-0.86273,-0.74096,-4.0139,1.9488,-0.9878,-1.692,-9.6018,0.63736,-4.3494,-1.4596,-2.2972,-4.0024,-0.45989,0.70619,-1.4476,2.2492,-3.1661,6.8253,-1.1056,-1.7193,-3.3377,1.8227,0.49536,-0.20385,7.1613,-3.5393,-0.038821,-0.85477,10.676,2.3851,-3.3516,3.8959,0.60956,0.10801,1.9936,-0.72742,1.8301,-0.1793,-0.61107,5.2374,-3.5228,1.3339,-9.7639,-3.0667,1.6031
-1.6094,-1.7041,-1.4303,-2.4738,-3.0899,1.2365,-0.16723,-0.1704,0.81773,0.16836,6.9167,1.1402,0.57999,2.5096,-2.3535,-8.3635,4.2688,1.1915,-2.2461,-0.11808,1.9462,-3.307,-0.96919,0.57723,6.4899,-0.19266,0.41861,-0.067125,-2.3999,0.89131,0.17374,-1.0669,0.33782,2.3525,-1.017,-1.7978,-0.86056,5.1523,-7.3685,-2.9773,0.8068,0.37844,-0.077795,-4.2092,3.4708,1.5379,6.2791,0.9576,1.4724,-1.2276,-0.057684,-1.3011,-0.49011,0.26782,5.6095,-0.77252,-0.91432,-3.6038,1.8498,-0.70036,-1.5848,-9.559,0.59701,-4.5138,-1.4659,-2.6214,-3.9693,-0.69411,0.7721,-1.4135,2.497,-2.8628,6.666,-1.3644,-1.422,-3.4254,1.9469,0.69261,-0.18375,7.2408,-3.6074,0.37253,-0.60001,10.681,2.834,-3.2501,3.7078,0.29782,-0.30452,1.7512,-0.34467,1.8433,-0.32887,-0.92832,5.3257,-3.2219,1.4769,-10.148,-3.3254,1.8311
-2.0069,-1.7646,-1.1006,-2.5416,-3.4894,1.6503,-0.40327,-0.32304,0.79032,-0.20403,6.8738,1.2022,0.67883,2.447,-2.0775,-8.5579,3.9232,1.0367,-2.5139,-0.40779,2.2297,-3.2919,-0.69931,0.39332,6.3739,-0.16858,0.87961,-0.42179,-2.4497,0.7201,0.49446,-1.0739,0.090584,2.7988,-1.3125,-1.77,-0.75398,5.1744,-7.446,-3.278,1.1995,0.56908,-0.43371,-3.8848,3.438,1.5495,5.9444,0.82335,1.5158,-1.1701,-0.51074,-1.1699,-0.43871,-0.050618,5.8825,-0.69226,-1.2286,-3.7877,1.3995,-0.31866,-1.5081,-9.4618,0.59581,-4.8943,-1.2897,-2.4531,-4.2751,-0.44336,0.82446,-1.4438,2.5997,-2.5624,6.6222,-1.6856,-1.6798,-3.2215,2.0239,0.64989,-0.50221,7.1282,-3.4899,0.36258,-0.51846,10.746,2.9563,-2.8525,3.9806,-0.010892,-0.36976,1.6337,0.0096627,1.6693,-0.48327,-0.7602,5.0823,-3.1335,1.5459,-9.984,-3.3274,2.061
-1.7762,-1.9174,-0.80759,-2.6364,-3.7944,1.3262,-0.6043,-0.2749,0.63334,-0.1293,7.2316,1.6722,0.93598,2.8596,-2.3224,-8.5719,4.1785,1.319,-2.7203,-0.041452,2.6852,-3.4813,-0.47957,0.19842,6.2722,-0.1116,0.95283,-0.50821,-2.6598,0.92887,0.86652,-1.2753,-0.020324,2.6996,-1.5885,-2.1501,-0.85088,5.3158,-7.5025,-3.3669,1.5823,0.4429,-0.40083,-3.5694,3.56,1.4389,5.7339,1.1729,1.4382,-1.4947,-0.554,-1.4065,-0.12966,-0.29875,5.9868,-0.63534,-1.6858,-4.0734,1.1293,-0.49708,-1.4326,-9.526,0.53085,-4.6118,-1.6636,-2.5881,-4.2236,-0.61749,0.73406,-1.6378,2.9188,-2.7174,6.1221,-1.9545,-1.9493,-3.0998,1.9542,0.1505,-0.27324,7.2795,-3.7656,0.56303,-0.15357,10.931,3.0541,-2.998,3.7619,0.039543,-0.4511,1.3754,0.20834,1.9687,-0.38421,-0.74398,4.8631,-2.6726,1.8677,-9.5921,-3.0868,2.054
-2.0108,-1.9811,-0.70498,-2.68,-3.7679,1.0221,-0.33689,0.091594,0.68922,-0.0003235,7.3701,2.0559,0.79529,3.1312,-2.2192,-8.7956,4.0912,1.0177,-2.6381,-0.44205,2.7008,-3.6439,-0.21461,0.010245,6.3372,0.032622,1.0249,-0.65913,-2.6098,1.0824,1.0198,-1.1492,-0.019046,2.4353,-1.3852,-2.315,-1.1996,5.5167,-7.4776,-3.2513,1.5418,0.95512,-0.028009,-3.507,3.8232,1.1838,5.8902,1.5218,1.3054,-1.4287,-0.29105,-1.0866,0.10114,-0.33315,5.9446,-0.2958,-1.7681,-4.0687,0.71765,-0.61946,-1.3178,-9.8219,0.59627,-4.719,-1.7471,-2.3502,-4.0427,-0.19881,0.67533,-1.6782,2.8429,-3.0672,6.0676,-1.7419,-1.6617,-2.9926,1.7607,0.10662,-0.23996,7.4113,-3.635,0.40958,0.0027534,11.067,2.9593,-3.1487,3.6836,-0.2241,-0.49989,1.3356,-0.023736,1.9547,-0.023669,-0.96775,4.9248,-2.3224,1.641,-9.8966,-3.0957,1.6031
-1.894,-2.2249,-0.18129,-3.1481,-3.5568,1.2889,-0.57811,0.11524,0.13217,-0.40769,7.5723,2.0596,0.58376,3.1124,-1.98,-8.9306,3.9904,0.79774,-2.6339,-0.57252,2.9443,-3.6153,-0.34922,-0.48363,6.4345,0.18435,0.72902,-0.5281,-2.6544,0.6918,1.5456,-1.0118,0.34797,1.9559,-1.456,-1.9148,-1.3486,5.3628,-7.4602,-3.4164,1.2045,0.77448,-0.12728,-3.6154,3.5525,1.0777,5.6214,1.7757,0.86244,-1.2709,-0.52192,-1.2778,0.068138,-0.4154,6.3812,-0.26901,-1.8558,-3.5558,0.34314,-0.6601,-1.1624,-9.5442,0.52837,-4.8314,-1.8377,-2.8406,-3.8366,-0.34778,0.57567,-1.8144,2.8953,-2.7947,5.7651,-1.8858,-1.5302,-3.1877,2.1921,0.17883,-0.29179,7.3228,-3.7389,0.56409,0.13007,10.712,3.0523,-3.5048,3.2512,-0.39922,-0.86354,1.5955,0.36425,1.9925,-0.22968,-0.99736,4.884,-2.2925,1.4143,-9.9971,-3.1254,1.0801
-1.6996,-2.5031,-0.24028,-3.0597,-3.7323,1.0801,-0.89364,-0.18842,0.15048,-0.035631,7.9362,2.0055,0.42356,3.3704,-2.5016,-8.5715,3.8747,0.76873,-2.6875,-0.8472,3.2883,-3.2858,-0.61295,-0.44017,6.4472,0.26836,0.84751,-0.35624,-2.673,0.68214,1.5117,-1.1942,0.5913,1.8135,-1.5411,-1.5797,-1.5222,5.3984,-7.1585,-3.4093,0.93116,0.47903,-0.31039,-3.3313,3.0204,0.92614,5.5025,1.8236,0.90494,-1.3021,-0.84233,-0.73577,-0.13609,-0.4729,6.5029,-0.16873,-2.2522,-3.5124,0.056459,-0.28211,-1.522,-9.2503,0.89107,-4.9332,-2.1584,-2.9016,-3.5956,-0.4473,0.35624,-2.0774,2.8178,-2.4499,5.6078,-1.512,-1.2611,-3.4392,2.4211,0.17464,-0.02444,7.1022,-3.36,0.40574,0.3037,10.952,2.9484,-3.0058,2.7019,-0.60324,-0.85255,1.6148,0.24529,1.7916,-0.25792,-1.0374,5.1946,-2.4494,1.3187,-10.24,-3.2552,0.77692
-2.0965,-2.9073,-0.28981,-3.1656,-3.6841,0.87175,-0.7416,0.14777,0.10037,-0.055327,8.0143,1.8357,0.15859,3.1602,-2.317,-8.632,4.1943,0.95003,-2.6222,-0.42193,3.1204,-3.36,-0.31389,-0.56895,6.5019,0.10427,0.7417,-0.64552,-2.9282,0.95669,1.3321,-1.6844,0.34758,1.4708,-1.6372,-1.7741,-1.7786,5.2437,-7.2142,-3.6207,0.91472,0.58092,-0.53371,-3.4418,2.8758,0.98468,5.4783,1.9019,1.0801,-1.155,-1.1097,-0.62242,-0.10368,-0.89376,6.6767,0.21704,-2.5458,-3.8353,0.014872,-0.17851,-1.5604,-9.4981,1.1988,-5.4424,-1.9992,-3.0476,-3.901,-0.47804,0.73079,-1.9655,2.7598,-2.1846,5.378,-1.7091,-1.0349,-3.156,2.7061,-0.18627,-0.078655,7.0248,-3.721,-0.12563,0.28602,11.216,3.1438,-3.0993,2.2039,-0.24808,-0.9155,1.4417,-0.18321,1.3994,-0.54332,-0.53813,5.202,-2.2959,1.5627,-10.479,-3.3831,0.95862
-2.0852,-3.0883,-0.048239,-3.087,-3.6997,1.2313,-0.64162,0.59461,-0.29822,-0.18758,7.9356,1.8151,-0.050997,2.8343,-2.6268,-8.3936,4.0132,1.3356,-2.3648,-0.61847,3.1839,-3.1342,-0.1663,-0.48145,6.5832,-0.051419,0.51326,-0.39041,-2.9037,0.86373,1.354,-1.8754,0.31915,1.3454,-1.5813,-1.5336,-1.9476,5.4072,-7.2254,-3.1526,0.88835,0.65989,-0.50594,-3.6322,2.5564,0.71529,5.3578,1.7702,1.0814,-1.1201,-0.90379,-0.42452,-0.0029497,-1.037,6.855,0.094311,-2.3545,-3.7054,-0.52152,0.0044232,-1.6032,-9.5909,1.5041,-5.481,-2.2874,-2.9849,-3.5881,-0.36814,1.0003,-2.1968,2.784,-2.1029,5.6847,-1.7767,-1.0386,-3.1835,2.6856,-0.29144,-0.37617,6.8648,-4.0411,-0.089425,0.70518,11.009,3.0978,-3.1188,2.045,-0.23014,-0.8806,1.4783,-0.45302,1.7279,-0.31071,-0.15777,4.9052,-2.0653,1.4719,-10.461,-3.5226,0.4759
-1.7364,-3.2257,-0.33786,-2.9517,-4.0354,0.92954,-0.42023,0.74742,-0.15909,-0.32734,7.9132,1.848,0.10382,2.6459,-3.055,-8.3354,4.0088,1.3852,-2.3403,-0.58644,3.305,-3.2676,-0.20838,-0.5627,6.5476,0.164,0.33131,-0.24973,-3.0713,0.83609,1.4798,-2.0107,0.18644,1.3712,-1.5832,-1.2541,-1.855,5.2136,-7.1793,-2.8216,0.32878,0.81801,-0.37724,-3.548,2.6545,0.29759,5.3207,1.4907,1.1453,-1.129,-1.0171,-0.5778,-0.28979,-1.4359,6.6577,0.19418,-2.6521,-4.0137,-0.63496,-0.073635,-1.9192,-9.8695,1.6849,-5.1493,-2.6532,-3.3104,-3.2369,-0.42926,1.2559,-1.7431,2.8172,-2.0672,5.6573,-1.9573,-1.1925,-2.9639,2.8381,0.043104,-0.57048,6.4664,-4.3122,-0.24179,0.73393,11.186,2.8986,-3.3596,2.0927,-0.21227,-1.0572,1.056,-0.50718,1.6784,-0.1984,-0.014518,4.9151,-1.8515,1.482,-10.66,-3.6727,0.82799
-2.0691,-3.6274,-0.33474,-2.9205,-3.7349,1.2448,-0.80919,0.78583,-0.12053,-0.31815,7.72,1.7823,0.095635,2.9416,-3.044,-8.6205,3.8401,1.1617,-2.1943,-0.29818,3.2515,-3.2889,0.04885,-0.72524,6.9366,0.35296,0.47472,-0.57482,-2.9361,0.79834,1.5548,-2.0121,0.069977,1.0238,-1.3558,-1.1399,-1.938,5.2516,-6.8209,-2.726,0.34225,0.87816,-0.011084,-4.0382,2.3578,0.36512,5.1173,1.1376,0.72664,-0.93911,-1.161,-0.010477,-0.44479,-1.8816,6.8715,0.49193,-2.7632,-3.6828,-0.76512,0.26389,-2.1773,-9.8853,1.5225,-4.8137,-2.7714,-3.3585,-3.3088,-0.46446,1.3781,-1.8372,2.6195,-2.4167,5.4929,-1.6036,-1.1807,-2.8125,2.6862,-0.11842,-0.48952,6.037,-4.0705,-0.19929,0.78442,10.849,3.0876,-3.0773,1.672,-0.18061,-0.71656,0.6599,-0.74058,1.9352,-0.33353,-0.38237,4.8607,-1.879,1.382,-10.465,-3.5998,1.0414
-1.9784,-3.6716,-0.52369,-3.2166,-3.416,0.85015,-0.65823,1.1513,-0.15554,-0.31475,7.7833,2.1148,0.34011,2.8452,-2.9795,-8.8192,4.0967,1.1178,-2.3329,-0.19976,3.5371,-3.1771,-0.077122,-0.96348,6.7985,0.46907,0.44783,-0.25913,-2.857,0.8065,1.6344,-2.1748,0.0057001,1.0853,-1.4009,-1.3011,-2.0906,5.3849,-6.5395,-2.3563,0.54326,1.0856,0.013775,-4.321,2.3239,0.023348,5.0022,1.0532,0.96667,-1.2308,-1.2725,0.22608,-0.57874,-1.9175,7.3145,0.67898,-2.9612,-3.5266,-0.79143,0.51391,-2.2224,-9.9121,1.5005,-5.1779,-2.6908,-3.0507,-3.2054,-0.45755,1.29,-1.9394,2.7555,-2.5975,5.4538,-1.6215,-1.1981,-3.074,2.6664,-0.55812,-0.27929,5.8481,-3.6378,-0.11953,0.72689,10.812,3.2436,-2.7143,1.6625,0.20535,-0.64502,0.98382,-0.51551,1.931,-0.56759,-0.42155,4.8911,-2.2086,1.3107,-10.31,-3.5453,0.79494
-1.8556,-4.1098,-0.49324,-3.3032,-3.3498,0.83862,-0.70811,1.056,0.22586,-0.62637,7.5801,1.9966,0.42705,2.9217,-3.2989,-8.9411,4.1593,1.0493,-2.3758,-0.21055,3.3822,-3.2232,0.23761,-1.0001,6.8632,0.59081,0.017885,0.22319,-3.2206,0.7878,2.0702,-2.2618,-0.26724,1.2962,-1.6872,-1.3099,-2.5356,5.0107,-6.8939,-2.1318,0.46408,0.89777,-0.052174,-4.2626,2.0109,-0.028541,5.0383,0.67742,0.56056,-1.323,-1.5289,0.070238,-0.46408,-1.7101,7.0089,0.36907,-3.0677,-3.5939,-1.1431,0.63095,-2.2111,-9.7014,1.0611,-5.3905,-2.7439,-3.2352,-3.3555,-0.20398,1.1739,-1.8852,2.6081,-2.6717,5.3025,-1.5594,-1.2018,-3.1299,2.7808,-0.57439,-0.44254,6.1032,-3.3789,-0.4263,0.37996,10.971,3.2352,-2.5276,1.6906,0.21756,-0.92716,1.3243,-0.66992,2.1864,-0.10216,-0.63227,5.021,-2.207,1.2934,-10.16,-3.5116,0.4315
-2.1379,-3.9744,-0.43697,-2.8733,-3.4803,0.77407,-1.0657,0.96583,0.45125,-0.89243,7.6435,1.7869,0.067458,2.7212,-2.9496,-8.8102,3.8088,1.0088,-2.074,0.054296,3.3894,-3.3917,0.011892,-0.92136,6.4168,0.67294,0.42667,0.5161,-2.915,0.65196,2.0067,-2.4974,-0.32237,1.2066,-1.2767,-1.3398,-3.0096,4.5879,-7.2104,-1.8628,0.73983,0.90627,-0.18369,-3.8744,1.8956,-0.35674,5.0126,0.42233,0.35605,-1.7247,-1.5981,-0.015765,-0.32588,-1.8618,6.786,0.36538,-3.0227,-3.3049,-1.1557,0.50078,-2.6194,-9.3015,0.99065,-5.3054,-3.0938,-3.4036,-3.7093,0.010938,0.82127,-1.9997,2.8926,-3.0756,5.5849,-1.6819,-1.2911,-2.8142,2.3546,-0.20249,-0.65297,5.7507,-3.4905,-0.68207,0.30683,11.053,2.8656,-2.7983,1.3941,0.066759,-1.2341,1.2549,-0.461,2.1398,-0.050108,-0.6664,5.0608,-2.2028,0.93831,-10.092,-3.22,0.56371
-1.8818,-3.9616,-0.74466,-3.2227,-3.4159,0.74933,-1.1821,1.0706,0.23865,-0.62678,7.9572,1.7266,0.078469,2.6892,-2.7852,-9.191,3.9599,0.87468,-2.0253,-0.0040244,3.6128,-3.1548,-0.12909,-0.98338,6.4099,0.94404,0.55113,0.47293,-2.9787,0.56372,1.8654,-2.2756,-0.53799,1.0372,-1.1786,-1.207,-3.023,4.2694,-7.266,-2.0963,0.77309,0.95645,-0.17432,-3.7361,1.7901,-0.33174,4.7934,0.25103,0.49827,-1.81,-1.8359,0.12275,-0.091494,-1.8728,7.0354,0.61269,-2.995,-3.6748,-1.4833,0.261,-2.8094,-9.1155,0.94366,-5.3944,-3.241,-3.3357,-3.6956,0.2825,0.82146,-1.9882,3.0152,-3.1312,5.4518,-1.8245,-1.6273,-2.803,2.6149,-0.52112,-0.55229,5.7074,-3.5489,-1.096,0.48655,11.113,3.2333,-2.9458,1.2267,0.30435,-1.5062,1.1056,-0.37442,1.8841,-0.42601,-0.81995,4.773,-1.9196,0.53981,-10.076,-3.1023,0.5806
-1.6959,-3.9145,-0.71569,-3.0326,-3.6999,1.099,-1.6154,1.3212,-0.1271,-0.68006,8.0551,1.765,0.17717,2.4836,-2.9076,-9.0592,4.2473,0.79582,-2.1014,0.17055,3.6639,-3.5588,-0.37231,-1.1886,6.0401,0.99725,0.45551,0.70719,-2.9311,0.80569,1.6461,-2.6045,-0.92058,1.0653,-0.7488,-1.2035,-3.3527,4.3613,-7.609,-2.0047,0.51679,1.0297,-0.25939,-3.6922,1.6293,-0.55037,4.6508,0.29383,0.84077,-2.056,-1.6754,-0.10748,0.1447,-2.2746,7.2894,1.0721,-2.9518,-3.8937,-2.0533,0.088865,-2.997,-9.1,0.80815,-5.2418,-3.4223,-3.6452,-3.468,0.71279,0.87313,-1.6568,3.0428,-3.2269,5.3107,-1.4736,-2.0057,-3.092,2.1241,-0.40135,-0.48787,5.4744,-3.7548,-0.96929,0.37581,11.133,3.5963,-2.9178,1.1182,0.26613,-1.6707,1.1892,-0.4648,2.1423,-0.16744,-0.44821,4.91,-1.8604,0.74681,-10.171,-3.4208,0.70496
-1.9931,-3.8381,-0.34585,-2.9758,-3.8088,0.80067,-1.8141,1.2765,-0.11218,-0.88408,8.1672,1.5085,-0.05606,2.4886,-3.2772,-9.1326,4.5226,0.78977,-2.0918,0.4345,3.6035,-3.4234,-0.10912,-1.2465,5.7885,1.3636,0.62919,0.46283,-2.5963,0.32301,1.8241,-2.5244,-0.7172,0.75115,-0.62515,-1.1424,-3.226,4.2403,-7.319,-2.1507,0.48724,0.679,-0.16264,-3.9921,1.518,-0.16404,4.3749,0.13173,0.9374,-2.4775,-1.978,0.093571,0.23627,-2.0534,7.6236,1.3181,-3.1539,-3.7744,-2.233,0.35975,-2.9244,-8.8991,0.90502,-5.3572,-3.5465,-3.37,-3.1165,0.9072,0.80373,-1.4332,3.0511,-3.6062,4.8244,-1.7777,-2.1778,-2.9404,1.9614,-0.44298,-0.49418,5.3516,-3.5322,-0.85816,0.17237,11.348,3.3568,-2.7485,0.64148,0.40578,-1.7113,0.7788,-0.036246,1.9922,-0.037411,-0.6273,4.8617,-1.7466,0.51243,-10.179,-3.6498,0.95801
-2.3735,-4.0581,-0.64219,-3.104,-4.0143,0.5104,-2.2569,1.0161,-0.36086,-0.88709,8.0758,1.5748,0.012834,2.2489,-3.1513,-9.0583,4.249,0.77203,-2.2129,0.32108,3.4705,-3.7095,-0.15412,-1.5627,5.8166,1.4435,0.60841,0.73631,-2.3198,0.5738,2.0944,-2.4761,-0.8866,1.0731,-0.40163,-1.175,-3.3446,4.0712,-7.6183,-2.1846,0.30311,0.3217,-0.031287,-4.1838,1.3618,-0.33152,4.3382,0.56074,0.95153,-2.1413,-1.7536,0.52907,0.29166,-2.2001,7.4122,1.2252,-3.4647,-3.3602,-2.0796,0.63274,-3.2133,-8.9147,1.0654,-5.5778,-3.2079,-3.4783,-2.6683,1.1658,0.51793,-1.4505,3.125,-3.5362,4.5525,-1.8522,-1.9649,-2.8022,1.9905,-0.90731,-0.36533,5.7352,-3.433,-1.1316,-0.092419,11.072,3.5982,-2.6357,0.12428,0.45203,-1.2605,0.67143,0.21051,1.9785,0.11019,-0.12037,5.144,-1.5845,0.62548,-10.041,-3.26,0.73616
-2.0334,-4.0645,-0.23273,-3.1002,-4.4014,0.58433,-2.2166,0.95324,-0.10148,-0.93702,7.7957,1.4047,0.3382,2.4709,-3.0722,-9.063,4.3789,0.70308,-1.8799,0.38331,3.3736,-3.9063,0.075613,-1.6101,5.8767,1.2979,0.98506,0.45529,-2.4095,0.3158,1.9036,-2.4898,-0.90875,1.3115,-0.60471,-1.5148,-2.9967,4.0799,-7.8591,-2.3795,0.22812,0.38757,0.18984,-4.0406,1.3102,-0.48022,4.2844,0.53776,0.67782,-2.4859,-1.7905,0.40222,0.76566,-2.2928,7.2023,1.177,-3.7791,-3.4424,-1.9486,0.85591,-3.2222,-8.7074,0.67091,-5.7607,-3.0917,-3.4925,-2.7113,1.0856,0.52642,-1.6255,2.6858,-3.5157,4.6121,-1.8323,-1.6726,-2.8398,2.0421,-1.1948,-0.10719,5.6845,-3.2489,-1.0311,0.14267,10.989,3.88,-2.7616,-0.051995,0.038977,-1.6435,0.72106,-0.017679,2.2549,0.19974,0.043717,5.4915,-1.7675,0.64101,-9.96,-3.1805,0.62888
-2.3133,-3.6069,-0.27957,-3.0822,-4.0581,0.32118,-2.3403,1.2428,-0.017521,-0.59447,7.6957,1.4543,0.49295,2.2622,-3.1053,-9.485,4.4379,0.71979,-1.727,0.77814,3.2881,-4.0113,-0.1259,-1.7636,6.1794,1.1478,0.83888,0.50838,-2.4122,0.20663,2.3329,-2.6289,-1.0847,1.3762,-0.33918,-1.5229,-3.359,4.1195,-8.0345,-2.3438,0.57448,0.63648,0.20939,-3.8675,0.83891,-0.30106,3.8848,0.92993,1.0032,-2.4715,-1.6859,0.0060272,0.87781,-2.4841,7.1103,1.3074,-4.0565,-3.5253,-2.0009,0.80394,-3.565,-8.3617,0.52167,-6.1303,-3.0356,-3.9528,-2.4094,1.358,0.15234,-1.2984,2.5808,-3.6252,4.693,-1.3904,-1.3896,-2.5921,1.9537,-1.4073,-0.2518,5.6215,-3.046,-1.1855,0.39455,11.112,3.6318,-2.6318,0.059259,0.40726,-1.7105,0.66164,-0.16073,2.1361,-0.18534,-0.30286,5.5927,-1.2954,0.30647,-10.117,-3.4648,0.25696
-2.519,-3.5168,-0.26107,-2.7816,-4.1008,0.69021,-2.5821,0.99794,0.035128,-0.54783,7.6384,1.4825,0.2836,1.9012,-2.9837,-9.5236,4.6135,0.83781,-1.311,0.41684,3.1659,-4.1134,-0.18576,-1.8278,6.1404,1.067,0.7117,0.23434,-2.265,-0.071233,2.6333,-2.5693,-1.3477,1.8801,-0.64961,-1.5193,-3.6305,3.8671,-8.0277,-2.1918,0.33354,0.33997,0.3723,-3.6168,0.80449,-0.0074463,4.0389,1.0934,0.95286,-2.3931,-2.0992,0.35802,0.94038,-2.6058,6.9174,1.2467,-3.8116,-3.4467,-2.1218,0.86446,-3.1789,-7.9358,0.20261,-6.0423,-3.2675,-4.0263,-2.3951,1.5795,0.29702,-1.3223,2.5187,-3.2915,4.6079,-1.4441,-1.4973,-2.4303,2.2093,-1.5958,-0.44197,5.6295,-3.2283,-1.0392,0.099241,11.346,3.8746,-2.4533,-0.27543,0.27796,-1.4482,0.96487,-0.46523,2.0845,0.33405,-0.23985,5.7564,-1.2275,0.65589,-9.9932,-3.3427,-0.21527
-2.4564,-3.5478,-0.45094,-3.0386,-4.0979,0.70582,-3.0864,1.4038,0.040263,-0.45963,7.6082,1.2237,0.73929,2.1821,-2.5757,-9.6828,4.826,1.1391,-1.0987,0.39896,3.0121,-3.9741,-0.27974,-1.8125,6.177,1.2166,0.93985,0.31748,-1.9383,0.016526,2.5939,-2.6554,-1.2175,1.8785,-0.5353,-1.6123,-3.464,3.8984,-8.3526,-2.2491,0.49762,-0.077404,0.009686,-3.6925,0.90196,-0.22469,3.9025,1.5136,0.96462,-2.4829,-2.4654,0.3588,0.94928,-2.9803,6.8429,1.2791,-3.6469,-3.6905,-2.1713,0.62081,-3.4751,-7.5066,0.34939,-6.386,-3.5279,-4.1156,-2.8346,1.6629,0.6611,-1.2215,2.0211,-3.3207,4.5407,-1.4138,-1.3345,-2.6067,2.1333,-1.7727,-0.41844,5.9366,-3.2763,-1.3829,0.13447,11.012,4.0044,-2.45,-0.58717,0.47519,-1.5662,0.91918,-0.45172,2.3388,0.79034,-0.20936,6.0243,-1.3593,0.51935,-10.01,-3.6615,-0.29098
-2.1717,-3.3272,-0.50452,-3.01,-3.9104,0.61714,-3.27,1.555,0.3914,-0.42508,7.9894,1.3358,0.84709,2.4024,-2.5465,-9.924,5.1535,1.0531,-0.99694,0.38739,2.8534,-3.7187,-0.45074,-1.8123,6.3706,1.1873,1.1146,0.024622,-2.3628,-0.079661,2.6666,-2.9567,-1.1549,1.594,-0.24335,-1.2788,-3.4024,4.0067,-8.6686,-2.0598,0.15909,0.10787,-0.2346,-3.515,0.56521,-0.17201,3.5775,1.8209,1.0434,-2.4508,-2.2188,0.27365,1.1679,-3.212,6.7892,1.3798,-3.7126,-3.8277,-2.0578,0.71976,-3.3018,-7.1332,0.57588,-6.1861,-3.7677,-4.1112,-2.6771,1.5814,0.68669,-1.3907,2.0176,-3.5832,4.026,-1.1921,-1.4953,-2.596,1.776,-1.7091,-0.5768,6.2537,-3.317,-1.4123,-0.069792,11.004,4.0439,-2.6059,-0.29898,0.39771,-1.3918,0.65679,-0.29906,2.3739,0.67535,0.038015,5.9447,-0.90813,0.36799,-10.108,-3.3247,-0.25395
-2.1955,-3.1104,-0.37999,-2.7748,-3.6883,0.9203,-3.0722,1.3121,0.31955,0.033114,7.5542,1.2623,0.98938,2.1495,-2.549,-9.9736,4.8873,0.93763,-0.86234,0.40653,2.6118,-3.6761,-0.40168,-2.1171,6.7473,1.2923,0.59808,0.13805,-2.0073,0.030814,2.902,-2.8778,-1.3069,1.2594,-0.42006,-1.4729,-3.4293,3.9735,-8.3936,-1.807,0.34135,0.15858,0.061063,-3.9658,0.76258,0.14977,3.3797,1.5879,1.2685,-2.4593,-2.2084,0.20791,1.0105,-3.1247,6.8064,1.6625,-3.24,-3.738,-1.9006,1.1596,-3.4725,-7.444,0.13322,-5.9688,-3.5922,-4.1383,-2.7876,1.8369,0.95066,-1.4797,2.0677,-3.6067,4.1158,-0.84655,-1.4078,-2.7388,1.7221,-1.6548,-0.52196,6.2657,-3.1771,-1.4767,-0.064736,11.046,4.0085,-2.5206,-0.75282,0.20658,-1.5191,0.49408,-0.35697,2.2988,1.0379,0.056968,5.9721,-0.6399,0.41296,-10.146,-3.4996,-0.30224
-2.0767,-2.9885,-0.62598,-2.982,-3.6532,0.89833,-2.7184,1.3733,-0.083288,0.13704,7.2914,1.2809,0.65544,2.2597,-2.4289,-10.167,4.8491,0.81776,-0.82393,0.53563,2.1267,-3.649,-0.3594,-1.9855,6.7572,1.2009,0.65547,-0.057249,-1.8333,0.32965,3.2576,-2.7139,-1.3568,1.3223,-0.21278,-1.5049,-3.3117,3.617,-8.5184,-2.0919,0.31891,-0.20491,0.15935,-4.0581,0.34128,0.23638,3.6294,1.6779,0.95133,-2.5377,-2.1036,-0.15127,0.91175,-3.0518,6.7988,1.4625,-3.0917,-3.8758,-2.1708,1.3422,-3.5813,-7.3487,-0.046545,-5.9118,-3.48,-3.7031,-2.9416,2.2468,0.55962,-1.1576,2.2624,-3.7207,4.0724,-0.87261,-1.2325,-2.7269,2.0367,-1.4932,-0.67958,6.6381,-3.0876,-1.5347,0.31146,11.366,3.7688,-2.3782,-0.72074,0.46517,-1.3494,0.59183,-0.19225,1.9098,0.75223,0.23253,6.0728,-0.81066,0.31514,-10.543,-3.3478,-0.34695
-2.0588,-3.1203,-0.33056,-3.2346,-3.5107,1.1257,-2.527,1.3772,-0.2,0.34917,7.6225,1.5333,0.29064,2.5055,-2.095,-9.8691,4.7466,1.1341,-0.71135,0.87004,1.9681,-3.3258,-0.38275,-1.6931,6.5794,1.3081,0.67065,0.00044255,-1.838,0.28894,3.7089,-2.4315,-1.6949,1.7709,0.19972,-1.4766,-2.8972,3.2594,-8.5054,-1.6421,0.11483,-0.11353,-0.059212,-4.1047,0.0076834,0.38101,3.5839,1.7619,0.92851,-2.508,-2.3548,-0.10851,0.54235,-3.0453,6.744,1.5547,-3.1269,-4.1942,-1.8807,0.97158,-3.3262,-7.3544,-0.039313,-6.2558,-3.7003,-3.8316,-3.0759,2.1771,0.97222,-0.80391,2.0618,-3.7578,3.7742,-1.0997,-1.2734,-2.9039,2.0526,-1.4932,-0.65669,6.6783,-2.6943,-1.7494,0.3471,11.383,3.8339,-2.2309,-0.72002,0.60467,-1.2256,0.49759,0.203,1.9332,0.47147,0.29629,5.9955,-0.91635,0.30275,-10.52,-3.1297,-0.56401
-2.0526,-3.0136,-0.6946,-3.3011,-3.422,1.2398,-2.5515,1.3202,0.1441,0.63174,7.5096,1.9357,0.67497,2.4317,-2.003,-9.5695,4.7872,1.2869,-0.37525,1.0615,1.9362,-3.6118,-0.4493,-1.7259,6.8555,0.89553,1.029,0.13242,-1.744,0.21057,4.1173,-2.5646,-1.4745,2.0515,0.48915,-1.7482,-2.555,2.8496,-8.8263,-1.8581,-0.11596,0.023777,0.25586,-4.0277,0.12118,0.57265,3.4859,1.8789,0.88079,-2.6085,-2.2878,-0.14829,0.46707,-2.8971,7.1766,1.5063,-2.9863,-3.8773,-2.2632,0.92084,-3.1763,-7.0536,-0.19452,-6.6896,-3.9645,-3.3864,-3.3682,2.2476,0.68723,-1.0329,2.157,-4.0221,3.3924,-0.91225,-1.0392,-3.042,1.9553,-1.5596,-0.49187,6.3026,-2.6004,-2.0127,0.26434,10.962,4.0625,-2.1385,-0.99444,0.65336,-0.81411,0.48922,0.25669,1.847,0.61374,0.26839,6.2546,-0.97191,0.74375,-10.766,-3.1598,-0.93242
-2.2744,-2.8471,-0.62841,-3.2894,-3.4098,1.3901,-2.9634,1.1835,0.034433,0.6873,7.5905,1.9733,0.76351,2.541,-2.2462,-9.6281,4.6424,1.4677,-0.3772,1.2406,1.5005,-3.5106,-0.3636,-1.472,6.7693,1.2342,0.96959,0.46241,-1.7318,0.19356,3.9372,-2.7415,-1.558,2.2016,0.86366,-1.4028,-2.9066,2.5171,-8.883,-1.7406,0.13083,0.33885,0.015852,-4.3719,-0.26691,0.99894,3.6337,2.121,0.80336,-2.7766,-2.7031,-0.33857,0.63639,-2.6124,7.26,1.7326,-3.2085,-3.9464,-2.0557,1.03,-2.687,-7.3698,-0.23642,-7.0347,-3.8438,-3.2745,-3.5066,2.2819,1.0231,-0.98207,2.1361,-4.0311,3.4164,-1.1546,-0.93847,-3.2405,2.2581,-1.5485,-0.61612,6.0246,-2.4992,-2.0391,0.1318,11.333,3.7479,-2.3036,-1.1976,0.37584,-0.9011,0.30372,0.15853,2.1022,0.56873,0.12188,6.5832,-1.0821,0.49787,-10.735,-3.1941,-0.92779
-1.8122,-3.1084,-0.56195,-3.3877,-3.5233,1.3593,-2.7738,1.5328,-0.34809,0.6981,7.6414,2.4453,0.80184,2.4713,-2.0688,-9.6819,4.7079,1.5348,-0.43284,1.2478,1.1076,-3.4581,-0.19298,-1.4236,6.9034,1.5136,1.3278,0.7257,-1.5572,-0.0031758,3.9403,-3.1317,-1.4752,2.0198,0.71497,-1.4132,-3.0394,2.333,-9.042,-1.3711,-0.37087,0.33219,-0.052187,-4.8056,-0.33624,0.80674,3.7496,1.9792,0.69744,-3.2501,-2.68,-0.4724,1.0216,-2.7693,6.987,2.1971,-3.2299,-3.9581,-2.1429,0.79438,-2.5352,-7.2891,-0.64683,-7.2069,-3.7592,-3.2712,-3.1441,2.7148,0.58732,-0.5711,2.2679,-3.6395,2.9576,-1.0531,-1.1189,-3.3445,2.5373,-1.229,-0.66897,5.8048,-2.1919,-2.058,-0.041434,11.405,4.05,-2.1843,-0.88997,0.36741,-0.8362,0.57267,0.39373,2.1241,0.50499,0.5468,6.4824,-1.0448,0.64169,-10.588,-3.1281,-1.0643
-1.7994,-2.8653,-0.64544,-3.0978,-3.5517,1.3706,-2.7011,1.733,0.072333,0.81341,7.7253,2.3464,0.58488,2.5431,-2.0759,-9.2896,4.7881,1.8205,-0.68793,1.3549,1.2586,-3.479,-0.23451,-1.1494,6.9159,1.0726,1.3018,1.034,-1.3739,-0.32863,3.7877,-2.8251,-1.5238,1.8142,0.50122,-1.0302,-3.0551,1.6712,-9.0097,-1.4141,-0.58559,0.46741,0.12343,-5.0296,-0.47148,0.84112,3.8685,2.1394,0.87153,-3.1336,-2.5815,-0.50906,0.87466,-2.9271,7.0432,2.517,-3.2279,-3.7832,-2.1428,1.1617,-2.5193,-6.9174,-0.66339,-6.9915,-3.7043,-3.3252,-2.9159,3.0286,0.24432,-0.5363,2.0796,-3.8043,3.0433,-1.2489,-1.2235,-3.6178,2.3033,-1.41,-0.67796,5.6944,-1.8827,-2.5808,-0.12453,11.481,4.3187,-2.2689,-0.84667,0.70328,-0.94603,0.36418,0.78856,2.2446,0.29848,0.55953,6.5136,-1.1081,0.3367,-10.801,-3.0054,-0.98697
-1.3835,-2.7949,-0.35063,-3.5003,-3.5327,1.4788,-2.5272,1.7467,0.11778,0.712,7.6748,2.0227,0.82112,2.4009,-2.0207,-9.2755,5.1974,2.2137,-0.56812,1.091,1.2959,-3.666,-0.25954,-1.3977,7.1624,0.82303,1.7397,1.1198,-1.1289,-0.27826,4.0359,-3.0336,-1.7724,2.0189,0.58587,-1.213,-2.6767,1.4814,-9.3897,-1.4213,-1.058,0.70215,0.56358,-4.9756,-0.5424,1.089,4.3833,1.9258,0.71291,-3.3488,-2.5335,-0.37553,1.2582,-2.9243,6.982,2.3002,-3.061,-3.5685,-2.2348,1.0627,-2.6123,-6.9343,-0.58188,-6.9679,-3.9668,-2.9923,-3.1062,2.9102,0.26589,-0.4779,2.0837,-3.3857,2.8756,-1.4785,-1.3538,-3.6296,2.0701,-1.6811,-0.61424,5.6703,-1.8166,-3.0314,-0.20102,11.677,3.9263,-1.9565,-1.0925,0.26193,-1.1709,0.27636,0.96272,1.9763,0.23639,0.89666,6.2185,-1.2032,0.39759,-11.109,-3.0393,-1.025
-1.3875,-2.546,0.10225,-3.3714,-3.6405,1.5108,-2.6698,1.8173,0.51757,0.67955,7.9465,1.9959,1.1416,2.537,-1.7439,-8.8876,5.0666,1.9563,-0.77686,1.1432,1.1975,-3.215,-0.58496,-1.1719,7.2126,0.87404,1.4008,0.94059,-1.6357,-0.50686,3.7143,-3.0697,-1.7966,1.8241,0.74399,-1.1179,-2.7419,1.4174,-9.2402,-1.4434,-1.0796,0.44106,0.97805,-5.3092,-0.8234,0.95312,4.6019,1.4886,0.25585,-3.0812,-2.3869,-0.41456,1.4869,-2.8878,7.0792,2.3056,-2.8025,-3.3986,-1.8703,1.4157,-2.4664,-6.7755,-0.79676,-7.1531,-3.8085,-3.0387,-3.1448,3.024,0.10269,-0.07238,1.7043,-3.1021,2.6633,-1.8249,-1.1556,-3.6435,1.8851,-1.9719,-0.48779,5.5799,-1.7091,-2.7102,-0.30329,11.317,4.1778,-1.6041,-1.0603,0.28746,-1.1452,-0.13455,1.0134,2.2674,0.40339,0.85984,6.6645,-1.1342,0.52569,-10.933,-3.0052,-1.0114
-1.7845,-2.8362,0.20447,-3.702,-3.9016,1.8595,-2.8282,1.6783,0.51216,0.56365,7.9104,2.1607,1.2248,2.9336,-1.8471,-9.0672,4.9685,2.2548,-0.62113,1.1254,1.0543,-3.3062,-0.85408,-0.99439,7.1962,1.1531,1.3632,1.0168,-2.1439,-0.35272,3.8255,-3.248,-2.0268,1.9637,0.81052,-0.84074,-2.9302,1.3454,-9.4465,-1.4423,-0.95968,0.39475,0.87215,-5.1421,-0.90123,0.93717,4.8881,1.6068,-0.15274,-3.3414,-2.4443,-0.40718,1.1549,-2.8097,7.3092,2.1544,-2.6706,-3.4763,-1.7327,1.3107,-2.5226,-6.6958,-1.0785,-7.3879,-3.5893,-3.2918,-3.4049,3.3636,0.18801,0.23285,1.4264,-3.0044,2.6776,-1.7127,-0.91472,-3.7647,1.6098,-2.0373,-0.38164,5.0986,-1.4834,-2.7207,-0.53004,11.349,4.4617,-1.375,-0.60103,0.49206,-1.1452,-0.16908,1.0429,2.2898,0.54176,0.82895,6.4855,-1.604,0.78353,-10.838,-2.9137,-0.92744
-1.7358,-2.6688,0.34237,-3.527,-3.9134,2.182,-2.9294,1.6759,0.21679,0.98019,7.8864,2.5423,1.2484,2.9556,-2.3083,-9.1035,5.0734,2.4051,-0.95362,1.1958,1.0062,-3.522,-1.2332,-0.77181,7.4818,0.95276,0.99249,1.409,-2.0547,-0.74475,3.5144,-3.3896,-2.1666,1.9931,1.0559,-0.67145,-2.7728,1.0776,-9.3293,-1.3286,-1.3346,0.62667,0.88076,-5.1983,-0.58538,1.0797,5.3802,1.6295,-0.14013,-3.3819,-2.2941,-0.45166,1.3608,-2.7611,7.3989,2.4002,-2.6652,-3.4551,-1.9729,1.505,-2.3299,-6.6883,-1.0421,-7.4523,-3.2508,-3.2206,-3.4024,3.341,0.44544,0.20789,1.6579,-2.7777,2.7564,-1.6863,-0.71254,-3.404,1.6023,-1.9479,-0.54925,5.1411,-1.6702,-2.8826,-0.58772,10.952,4.4701,-1.1894,-0.58351,0.9317,-1.303,-0.30691,1.1812,2.3065,0.7444,1.0935,6.4331,-1.7787,0.78006,-11.041,-3.3013,-1.198
-1.5952,-2.2053,0.34419,-3.5539,-4.0127,1.8077,-2.9305,1.5961,0.23718,1.4861,7.5443,2.4823,1.001,2.9461,-2.2927,-9.3023,4.9292,2.4513,-1.1671,1.0981,0.81329,-3.5561,-1.2738,-0.9689,7.8663,0.77864,0.73143,1.1842,-2.5948,-0.96262,3.577,-3.4232,-2.2901,2.2323,1.2918,-0.87822,-3.1561,1.1166,-9.7607,-1.2325,-1.5508,0.22305,0.96505,-5.5844,-0.67456,1.0145,5.6227,1.9111,-0.35555,-3.6533,-2.111,-0.74831,1.5961,-3.1565,7.5444,2.6094,-2.3054,-3.2793,-2.1724,1.6424,-2.1847,-7.052,-1.0722,-7.2057,-2.9977,-2.7745,-3.2749,3.2037,0.61283,0.22624,1.3313,-2.3805,2.6924,-1.4823,-0.67055,-3.5294,1.447,-1.6746,-0.35116,5.3278,-1.4185,-3.1757,-0.49467,10.737,4.711,-1.363,-0.62444,1.2874,-0.89983,-0.67086,1.2705,2.3316,0.74793,1.2154,6.1518,-1.7254,0.79838,-11.214,-2.9504,-1.2092
-1.8264,-2.3591,0.61401,-3.7557,-4.0308,1.7639,-2.8077,1.2335,0.53367,1.4746,7.6682,2.5211,0.99518,2.8453,-2.3242,-9.1141,4.9801,2.4436,-1.1874,1.1739,0.85317,-3.4279,-1.2105,-0.70991,7.5443,0.63797,0.33703,1.3039,-2.9758,-1.2757,3.585,-3.6574,-2.7354,1.9067,1.4241,-1.2902,-3.0032,1.0047,-10.022,-1.3427,-1.9597,0.1393,1.1251,-5.4412,-0.54074,0.94584,5.5582,2.0101,-0.20545,-3.618,-1.6218,-0.81997,1.8451,-2.9666,7.6962,2.4399,-2.1126,-3.1943,-2.0977,1.6629,-2.2178,-7.1953,-1.3161,-7.263,-2.7698,-2.6801,-3.5108,3.001,0.42331,0.54402,1.2247,-2.1879,2.3721,-1.189,-0.98015,-3.5789,1.4168,-1.4229,-0.4321,5.1343,-1.2444,-2.9515,-0.5344,10.92,4.9169,-1.2865,-0.80059,1.2517,-0.686,-0.72374,1.6776,2.4345,1.1739,1.2716,5.8804,-1.5671,0.97405,-11.141,-2.8641,-1.1971
-1.8414,-2.283,0.88589,-3.7174,-3.8586,1.4363,-2.6299,1.1924,0.61967,1.2158,7.5209,2.4826,1.024,3.1115,-2.101,-9.4805,5.4288,2.2604,-1.1446,0.92062,0.86992,-3.8076,-1.256,-0.3508,7.2002,0.65544,0.25129,1.245,-3.3394,-1.3519,3.6202,-3.5309,-2.402,1.971,1.2942,-1.679,-2.5345,0.98085,-10.255,-1.3256,-2.131,0.039651,1.1773,-5.4664,-0.78315,0.68851,5.5436,1.7715,-0.15007,-3.7548,-1.5079,-0.7276,2.2071,-2.9442,7.7141,2.5731,-2.1455,-3.0951,-2.2186,1.6825,-1.8422,-7.3753,-1.1944,-7.5906,-2.458,-2.838,-3.4085,2.8173,0.50595,0.8735,1.5549,-2.4259,1.9941,-1.3544,-1.2243,-3.4631,1.3711,-1.2492,-0.1628,5.0616,-1.3779,-3.2666,-0.7858,11.257,4.6847,-0.87905,-0.56155,1.2778,-0.56531,-0.60374,1.623,2.0709,1.0886,0.96437,5.863,-1.3978,1.2138,-11.198,-2.5079,-1.2305
-2.2298,-1.8631,0.79561,-3.8013,-3.6252,1.0717,-2.6108,0.85287,0.57754,1.1587,7.5054,2.3872,0.64792,3.2073,-1.9568,-9.5769,5.7755,2.2732,-1.1552,1.0362,0.75138,-3.3968,-1.301,-0.25383,7.2584,0.22429,0.017833,1.3711,-3.7308,-1.6365,3.5355,-3.3396,-2.6579,2.0149,0.95435,-1.8701,-2.3555,0.84975,-10.094,-1.5344,-2.1446,-0.12991,1.3076,-5.5253,-0.40572,0.8763,5.8393,1.8085,-0.19335,-3.2789,-1.0954,-1.0166,2.2773,-3.2621,8.103,2.4163,-2.0434,-2.8862,-2.1928,1.9475,-2.0171,-7.3724,-1.2525,-7.2469,-2.8451,-2.8144,-3.0456,2.5164,0.38601,1.0007,1.6125,-2.439,2.2165,-1.2022,-1.209,-3.2529,1.687,-1.1437,-0.011801,5.0433,-1.2753,-3.0103,-0.63713,11.191,4.8843,-0.61598,-0.40459,0.99919,-0.53369,-0.85718,1.3873,1.7694,1.1093,1.0888,5.6498,-0.93259,1.4052,-10.937,-2.3645,-1.3528
-2.2309,-1.9434,1.1661,-3.5328,-3.2798,1.499,-2.7439,0.70685,0.41934,1.4288,7.2948,2.5345,0.43021,3.2249,-1.9582,-9.3123,5.7286,2.7332,-1.1896,1.151,1.1164,-3.7558,-1.6765,-0.67906,7.5261,0.32342,0.16961,1.0341,-3.3289,-1.2659,3.569,-3.8015,-2.9342,1.7819,1.0616,-1.936,-2.7147,0.48153,-10.088,-1.9075,-2.0932,-0.11809,1.3987,-5.8093,-0.76647,0.93387,5.955,2.0459,-0.54286,-3.6156,-0.78254,-1.038,2.5148,-3.3234,7.6805,2.422,-2.0562,-2.9047,-2.5316,1.7937,-2.0767,-7.101,-1.0339,-6.9948,-2.7139,-2.7092,-3.2298,2.4384,0.2862,1.1305,1.9666,-2.2951,2.1852,-1.2257,-1.5883,-2.9515,1.7944,-1.4272,0.39029,5.3374,-1.5737,-3.1163,-0.57641,11.239,4.7745,-0.4741,0.097473,0.91567,-0.86522,-1.3032,1.7587,1.7339,1.1563,1.4443,5.2875,-1.2813,1.2523,-10.846,-2.57,-1.4531
-2.0724,-1.7309,1.301,-3.5554,-3.2165,1.1785,-2.5608,1.0862,0.38597,1.5622,7.3188,2.3837,0.13741,3.3043,-2.173,-9.3704,5.7617,2.8126,-1.1092,0.88584,0.92593,-3.9566,-1.3752,-1.0865,7.2553,0.12997,0.4451,1.4534,-3.2986,-1.2184,3.1129,-3.4682,-3.2872,1.6506,1.0022,-1.6984,-2.9536,0.35463,-9.9516,-1.6539,-1.8078,-0.0010076,1.5778,-5.9506,-0.65647,0.97365,6.3133,1.9748,-0.56091,-3.2991,-0.64661,-1.4761,2.4077,-3.0541,7.6562,2.0355,-2.3455,-2.8665,-2.5487,1.5342,-2.3453,-7.1749,-1.2185,-6.9429,-2.8704,-2.5582,-3.3405,2.2981,0.14442,1.2268,1.9956,-2.1189,1.9299,-1.5341,-1.9923,-3.2246,1.9109,-1.5486,0.88048,4.9375,-1.691,-3.4743,-0.13166,11.063,5.2018,-0.53657,0.51472,0.72627,-0.3788,-1.6754,1.6522,1.6224,0.98391,1.0907,5.278,-1.058,1.2851,-10.81,-2.5725,-1.6744
-2.2824,-1.3011,1.4021,-3.6084,-3.3018,0.83893,-2.8654,1.4006,0.19922,1.8537,7.3157,2.5066,0.0045119,3.0386,-2.554,-9.5145,5.7078,3.0516,-0.74268,0.93346,0.51752,-4.2562,-0.98384,-1.2754,7.2368,-0.31698,0.44861,1.3917,-3.0601,-1.2659,3.2902,-3.2519,-3.5378,1.4825,0.95281,-1.8907,-2.9246,0.32313,-10.024,-1.393,-1.9249,-0.14147,1.8722,-6.3488,-0.72631,0.85463,6.3732,1.8702,-0.53347,-3.4187,-0.48714,-1.6344,2.1461,-3.3498,7.8697,2.3778,-2.4645,-2.7342,-2.7228,1.2481,-2.2607,-7.2349,-0.95731,-6.7565,-2.9969,-2.6738,-3.3197,1.9246,-0.031753,1.2662,2.046,-2.0152,1.8002,-1.5491,-1.8287,-3.3063,1.8624,-1.5968,1.256,4.5741,-1.6183,-3.2244,-0.3108,11.264,5.177,-0.15171,0.54898,0.7129,-0.068044,-1.9191,1.4787,1.5656,0.69484,1.0588,5.1018,-1.0241,1.3217,-10.749,-2.4466,-1.7029
-1.7898,-1.6107,1.0724,-3.7201,-3.3807,1.1231,-2.827,1.4266,0.64809,1.8824,7.4476,2.1053,-0.036863,3.2354,-2.7858,-9.3737,5.4314,3.4977,-0.6366,0.6722,0.55435,-4.1977,-0.89094,-1.4293,7.287,-0.24405,0.67253,1.1699,-3.3265,-1.1232,2.7912,-3.2282,-3.8742,1.3928,0.78562,-2.0095,-2.5046,0.55135,-10.405,-0.96843,-2.1731,0.089922,1.913,-6.2218,-0.59704,0.79437,6.8129,1.7856,-0.30183,-3.1041,-0.51675,-1.4567,1.8556,-3.0883,7.8872,2.402,-2.5389,-2.3982,-3.1228,1.7039,-2.6354,-7.2437,-1.2305,-6.8524,-2.9459,-2.9043,-2.9611,1.8871,-0.18465,1.0172,1.9508,-1.8583,2.2339,-1.8057,-1.8488,-2.9862,1.5907,-1.9356,1.3078,4.2225,-1.6252,-3.383,0.12037,11.233,4.9386,-0.39514,0.8955,0.42089,-0.15808,-2.0975,1.6367,1.6895,0.67634,0.72797,5.1326,-1.2168,1.142,-10.682,-2.3703,-2.0357
-1.7515,-1.7969,0.9231,-3.8184,-3.3671,0.75775,-2.4403,1.6184,0.30522,2.0623,7.3892,2.131,-0.053186,3.3433,-2.4123,-9.3295,5.4086,3.4331,-0.0079867,0.74483,0.54696,-4.0829,-1.04,-1.6147,7.3387,-0.51631,0.80598,1.1261,-3.3824,-0.64844,2.6258,-3.4015,-4.1441,1.4711,1.1116,-1.7741,-2.7534,0.54269,-10.803,-1.3358,-2.375,0.40837,1.8645,-6.5884,-0.66464,0.7293,6.8014,1.8108,-0.22286,-3.1312,-0.42901,-1.4131,1.8604,-3.2856,7.7845,2.465,-2.5604,-2.0125,-3.1075,1.5183,-2.8491,-7.2916,-0.93031,-6.6653,-2.681,-2.7945,-2.9905,1.4484,0.17411,0.65077,1.7452,-1.4501,2.5402,-1.6811,-1.903,-3.1331,1.1947,-2.1784,1.3293,4.3393,-1.3906,-3.3729,-0.23363,11.507,4.8989,-0.36386,1.1485,0.57881,-0.3235,-2.3178,1.6307,1.7544,0.49341,0.90844,4.9003,-1.2646,0.98517,-10.475,-2.2233,-1.6425
-1.5159,-1.7118,0.93806,-3.8645,-3.5946,0.65612,-2.8015,1.5728,0.63698,2.4352,7.3302,2.111,0.31363,3.2893,-2.5006,-9.0228,4.9988,3.4061,0.29699,0.5906,0.83538,-4.2229,-1.419,-1.3474,6.9722,-0.24942,1.1105,1.0821,-3.5958,-0.60314,2.7102,-3.4821,-4.1682,1.8582,1.4532,-1.6607,-3.0425,0.65398,-11.152,-1.1385,-2.5044,0.39411,1.8874,-6.5562,-0.72626,1.0379,6.7035,2.0269,-0.24748,-3.4183,-0.36617,-1.677,1.7686,-3.1992,8.0927,2.3605,-2.6505,-1.965,-2.834,1.3505,-2.6657,-6.9855,-0.7839,-6.8493,-2.3573,-2.7844,-2.5884,1.2298,0.17422,1.0725,1.8276,-1.4686,2.9228,-1.722,-1.914,-3.1106,1.1503,-2.5034,1.4607,4.4416,-1.4664,-3.447,0.27244,11.322,5.2919,-0.41503,0.79728,0.59561,-0.38819,-2.2245,1.4564,1.7811,0.41915,0.84371,5.0205,-1.5844,0.93055,-10.839,-2.1521,-1.5175
-1.5268,-1.7264,1.2218,-4.2258,-3.3542,0.31062,-2.8087,1.5856,0.48919,2.7391,7.2403,2.5463,0.47244,3.5434,-2.5607,-9.0189,5.1202,3.6419,0.38804,0.39775,0.86233,-4.0749,-1.147,-0.90267,6.5744,-0.022223,0.87536,1.134,-3.5075,-0.16549,2.4243,-3.3271,-4.1094,1.7699,1.1396,-1.5563,-2.849,0.75452,-11.167,-1.0538,-2.6833,0.18895,1.6031,-6.7009,-0.74727,0.64795,6.7542,1.8761,-0.14178,-3.173,-0.67825,-1.5971,1.7832,-2.9662,7.872,2.8534,-2.7876,-2.1573,-3.0787,1.5525,-2.5951,-7.3034,-0.6336,-6.7787,-2.7797,-2.4769,-2.7876,0.92308,0.56303,1.0935,1.6773,-1.7525,3.3262,-1.3273,-2.0533,-3.2284,1.1093,-2.5019,1.317,4.2045,-1.2742,-3.5883,0.52989,11.405,5.4955,-0.14579,0.98181,0.73468,-0.35475,-2.7397,1.7169,1.8373,0.13173,1.0813,5.0405,-1.51,0.60957,-10.459,-2.3538,-1.6841
-1.2487,-1.8456,0.95149,-4.0518,-3.0123,0.1449,-2.7447,1.4489,0.75476,2.7675,7.0393,2.3118,0.61817,3.4054,-2.9897,-8.913,5.0689,3.7376,0.39107,-0.13722,1.2414,-3.7061,-1.0187,-0.75364,6.5229,0.083076,0.58629,1.3991,-3.3314,0.13172,2.4928,-3.7564,-3.6045,1.7878,0.8205,-1.7613,-2.9047,0.4647,-11.245,-1.3205,-2.5189,0.34313,1.9201,-6.6657,-1.025,0.84848,6.3581,1.4639,-0.21561,-3.4036,-0.61299,-1.6172,1.908,-3.1832,7.5652,2.8594,-2.8594,-2.3348,-3.3044,1.5171,-2.2057,-7.1622,-0.38565,-6.6311,-3.0174,-2.6756,-2.9045,0.46394,0.33992,0.90801,2.0484,-1.5069,3.1132,-1.0296,-2.238,-3.219,1.0219,-2.2291,1.699,4.1077,-1.3052,-3.8241,0.60516,11.155,5.8385,-0.38716,0.92477,1.1917,-0.26889,-3.1166,1.3722,1.8593,0.014026,1.1739,5.1614,-1.8348,0.15765,-10.443,-2.5814,-1.6433
-1.229,-1.5654,0.98733,-4.1653,-3.351,-0.26924,-2.7198,1.487,0.72139,2.6687,6.7864,2.3268,0.43866,3.6903,-3.3025,-8.7464,5.1119,3.8089,0.43871,-0.15786,1.169,-3.6735,-0.84994,-0.53034,6.6412,0.37978,0.872,1.1487,-3.7415,0.48242,2.5148,-4.144,-3.7507,1.795,0.60893,-1.8695,-2.5746,0.40528,-11.041,-1.2578,-2.4074,0.26688,1.7163,-6.7292,-1.0321,0.76921,6.4672,1.3314,-0.22887,-3.1226,-0.82222,-1.7583,1.7023,-3.0499,7.5023,3.1057,-2.6683,-2.5154,-3.5285,1.6786,-2.0497,-7.1477,-0.086986,-6.5296,-3.0057,-2.9151,-2.5688,0.59955,0.18679,1.129,1.6925,-1.1671,3.5323,-0.98332,-2.1649,-3.6315,0.73385,-2.3234,1.784,4.4383,-1.2752,-3.9165,0.27982,11.326,5.901,-0.45325,1.1515,0.83091,-0.017569,-2.9948,0.98446,2.3491,0.29947,1.0307,4.8158,-1.9017,0.24515,-10.317,-2.4925,-1.4702
-1.2247,-1.366,1.0443,-4.5328,-3.1812,-0.63763,-2.3311,1.2672,1.0554,2.6949,7.2425,2.636,0.17631,3.7426,-3.5869,-9.1089,5.0346,4.0823,0.42267,-0.59053,1.377,-3.7813,-0.7974,-0.20449,6.891,0.14175,0.42981,1.2268,-4.0195,0.88606,2.8994,-3.7093,-3.9416,1.6806,0.74754,-2.0707,-2.1533,0.64626,-11.365,-0.90076,-2.1363,0.12085,1.7585,-7.1093,-0.89574,0.65595,6.5858,1.2273,-0.05539,-3.0159,-0.94833,-1.3915,1.4741,-2.6974,7.5853,2.8617,-2.5573,-2.4983,-3.9123,1.5337,-1.6878,-7.4731,-0.072135,-6.2006,-2.8284,-2.7445,-2.4087,0.59182,-0.129,1.0303,1.5439,-0.9173,3.4686,-0.81766,-2.0896,-3.2295,0.82676,-2.2366,2.0158,4.3405,-1.4844,-3.801,0.69419,11.375,5.895,-0.40422,1.036,1.0075,0.33781,-3.3725,1.2595,2.3203,-0.10792,1.014,5.015,-2.0711,0.26928,-10.301,-2.6497,-1.3616
-1.1056,-1.1632,0.79519,-4.3679,-3.1829,-0.50052,-2.6369,1.3198,0.86335,3.0225,7.3209,2.6067,-0.27585,3.8215,-3.7032,-8.8013,5.3713,3.8258,0.39316,-0.57076,1.7449,-3.6819,-0.43355,-0.49247,6.8866,0.39837,0.36936,1.176,-3.6242,1.1553,2.5114,-3.3421,-3.6067,1.4827,0.77697,-2.112,-1.9659,0.46484,-11.674,-1.0273,-1.6982,0.17736,1.971,-6.9504,-0.95206,0.36742,6.414,1.5486,0.13204,-2.9351,-1.1465,-1.4063,1.2358,-2.5665,7.9342,3.0548,-2.3811,-2.4229,-3.6794,1.7884,-1.622,-7.4854,-0.302,-6.0814,-2.6874,-2.3598,-2.3137,0.81501,-0.3813,1.1843,1.6755,-1.0591,3.5432,-0.51323,-1.622,-2.9701,1.1396,-2.3574,1.7938,4.4564,-1.5118,-3.8411,0.81954,11.6,5.6895,0.01214,0.77838,1.1878,0.017915,-3.1149,1.4746,2.0981,0.022697,1.0543,5.3479,-2.0276,0.57601,-10.256,-2.7169,-1.406
-1.2733,-1.392,1.0509,-4.4376,-3.2231,-0.036892,-2.4367,1.1896,1.0568,2.953,7.4166,2.6356,-0.35588,4.2203,-3.3117,-8.6166,5.0185,4.0837,0.61587,-0.70056,1.6955,-3.44,-0.4176,-0.37815,7.1387,0.09727,0.39223,1.489,-3.7289,1.3362,2.5076,-3.3809,-3.9462,1.8591,1.0349,-1.931,-2.0661,0.12643,-11.603,-1.2483,-1.3315,0.10279,2.3364,-6.961,-0.76296,-0.026856,6.5487,1.4569,-0.078345,-2.9892,-1.0272,-1.4093,1.6551,-2.3921,7.8871,2.8124,-2.3419,-2.7247,-3.7918,1.6341,-1.5225,-7.7828,-0.5858,-5.5482,-2.8664,-1.9753,-2.5514,0.48857,-0.24811,0.90416,1.2346,-1.1729,3.6143,-0.68223,-1.7263,-2.895,1.1142,-1.9726,1.8094,4.9053,-1.6323,-4.1574,0.87962,11.636,5.5693,-0.074165,0.84726,1.4566,0.10219,-2.8925,1.3472,2.569,0.30621,0.74014,5.4806,-2.2854,0.46966,-9.9946,-2.442,-1.2879
-1.5967,-1.3733,1.3275,-4.5036,-2.9576,0.27147,-2.4502,0.75744,1.3421,2.8072,7.5025,2.6328,-0.12361,4.4745,-3.4089,-8.5874,5.3704,4.5607,1.0736,-0.68665,1.8901,-3.3176,-0.37386,-0.27247,7.0567,0.10751,0.54351,1.3601,-3.5873,1.467,2.3939,-3.4252,-3.8332,1.6148,0.91175,-2.2853,-2.3677,-0.044405,-11.764,-1.2708,-1.6674,-0.075509,2.5195,-6.707,-0.94201,-0.35669,6.5315,1.5558,-0.078695,-2.942,-0.81967,-1.3898,2.1276,-2.0659,7.9333,2.7319,-2.4676,-2.6305,-3.6648,1.5206,-1.6191,-7.5813,-0.55164,-5.3637,-2.7953,-1.7605,-2.6377,0.38352,0.023569,1.0408,1.444,-1.304,3.4939,-0.75337,-2.1008,-3.0702,1.3501,-2.0019,1.8428,4.4784,-1.5029,-3.8406,0.84604,11.906,5.2404,-0.11391,0.85482,1.5539,0.37069,-3.1087,1.1823,2.3139,0.11419,0.90161,5.3418,-2.449,0.36815,-9.8925,-2.7633,-0.83388
-1.5673,-1.6696,1.2064,-4.4649,-2.993,0.68043,-2.2833,0.77298,1.2648,2.5641,7.3224,2.7616,-0.37187,4.5277,-3.547,-8.4867,5.5902,4.7871,1.044,-0.24613,1.9174,-3.261,0.032448,-0.14709,6.6379,0.17764,0.61345,1.2359,-3.3325,1.2392,2.4354,-3.2303,-3.406,1.2887,1.0812,-2.4401,-2.5012,0.23498,-11.601,-0.88575,-1.6152,-0.15945,2.1875,-7.1492,-0.92981,-0.42551,6.8731,1.7633,-0.029235,-3.0113,-0.92779,-1.3777,1.938,-2.0307,7.9567,2.544,-2.4045,-2.8233,-3.164,1.8096,-1.34,-7.981,-0.43695,-5.0587,-2.7689,-1.8629,-2.528,0.20755,0.035541,1.3851,1.491,-1.1434,3.4833,-0.82894,-1.7384,-3.0252,1.296,-2.3024,1.613,4.6854,-1.5857,-4.0161,0.9025,11.812,5.2623,-0.12741,0.75461,1.2687,0.36877,-3.0961,0.96831,2.0692,0.2557,0.96202,5.3977,-2.0313,0.11855,-9.9944,-2.7299,-0.52767
-1.5042,-1.7573,1.4335,-4.446,-2.9582,0.44533,-2.3655,0.74144,0.96526,2.932,7.7361,2.7495,-0.39983,4.8695,-3.5094,-8.0427,5.6416,4.7063,1.4729,-0.52564,2.0647,-3.4037,0.17271,-0.36057,6.7688,-0.15621,0.43543,1.203,-3.5227,1.0512,2.2637,-2.8263,-3.0955,1.2899,1.1396,-2.3419,-2.2133,0.016912,-11.945,-0.65764,-1.7854,0.068868,2.3379,-6.9337,-1.2228,-0.728,7.0427,1.4036,-0.02185,-2.5271,-1.1417,-1.14,2.2126,-2.3476,7.9455,2.5943,-2.4462,-2.6122,-2.7643,2.061,-1.3658,-7.6562,-0.34563,-5.3255,-2.7728,-1.8392,-2.4353,0.60855,0.036984,1.3747,1.1533,-1.1817,3.2655,-0.67491,-1.3575,-3.4983,1.2932,-2.6989,1.5991,4.5421,-1.9102,-4.2269,1.0207,11.539,5.1185,-0.45787,0.83175,1.4048,0.42548,-2.8413,1.2332,1.7575,-0.11987,1.0379,5.1449,-2.1855,0.17988,-9.9687,-3.0759,-0.45153
-1.1055,-1.565,1.465,-4.4685,-2.99,0.12304,-2.3667,0.73843,1.0498,2.5907,7.9783,3.0878,-0.55878,5.1963,-3.4438,-7.8757,5.3948,4.8717,1.7152,-0.65392,2.0697,-3.4433,0.0025561,-0.52265,6.9465,-0.12361,0.13251,1.2939,-3.4314,0.95244,2.1868,-2.6711,-3.2113,1.0741,1.136,-2.5235,-1.838,-0.40502,-12.172,-0.52413,-1.9681,0.15868,2.2311,-7.2617,-1.2601,-0.93361,7.0206,1.7498,-0.20743,-2.5004,-1.3322,-1.1553,2.3132,-2.1922,7.9335,2.8048,-2.2517,-2.9049,-2.6458,2.193,-1.4997,-7.679,-0.33384,-5.1017,-2.9785,-1.7948,-2.5108,0.3233,-0.23138,1.4222,0.90444,-0.91043,3.7615,-1.1326,-1.2206,-3.1571,1.6644,-2.8431,1.763,4.3528,-1.7037,-4.1626,1.1302,11.473,4.7448,-0.40245,0.75744,1.3533,0.71136,-2.9163,0.829,1.645,-0.33868,0.49913,5.2102,-2.5671,0.24546,-10.396,-3.1189,-0.256
-1.3494,-1.1856,1.7751,-4.2992,-2.9818,-0.018533,-2.0381,0.59992,0.85936,2.5391,7.9936,2.9018,-0.52009,4.9976,-3.7306,-7.9592,5.4218,5.0985,1.8946,-0.52587,2.0483,-3.3445,0.11315,-0.38195,7.2963,-0.5874,0.061954,1.6066,-3.3951,1.174,2.3468,-2.5098,-3.1509,0.7959,0.84936,-2.3265,-2.0266,-0.68232,-11.825,-0.25171,-1.864,0.21744,2.1672,-7.5863,-1.2657,-0.73993,6.6472,1.7073,0.10894,-2.6666,-0.95523,-1.1236,2.4057,-2.195,7.9554,2.692,-2.0817,-2.8112,-2.5101,2.8344,-1.3891,-7.925,-0.15568,-4.9572,-3.0653,-1.9414,-2.4986,0.13838,-0.39358,1.2777,0.80268,-0.65902,3.859,-1.4556,-1.2005,-2.808,1.2866,-3.1534,1.5604,4.0647,-1.7068,-4.197,1.4817,11.465,4.3234,-0.28674,0.55607,1.2004,0.97693,-2.482,0.51316,1.8234,-0.41265,0.23542,5.1951,-2.3765,0.28572,-10.618,-2.6689,-0.096104
-1.2359,-1.3922,1.7742,-4.0143,-2.8196,-0.14232,-2.3142,0.48204,0.87774,2.9298,7.7491,3.0139,-0.60788,4.9869,-3.7144,-7.7629,5.1896,5.3692,1.9531,-0.92178,2.0678,-3.4039,0.0074681,-0.55356,7.1318,-0.49817,0.23942,1.6932,-3.0363,1.0939,2.7191,-2.8578,-2.9477,0.61327,0.96942,-2.6338,-2.1006,-0.25066,-11.716,-0.626,-1.4946,0.46246,2.3707,-8.1525,-1.3718,-1.0856,6.3202,2.0037,0.29284,-2.6498,-0.94233,-0.74713,2.7998,-1.8973,7.9671,2.8896,-1.7718,-2.9783,-2.5604,2.9581,-1.4528,-8.0826,0.049262,-4.8059,-3.0937,-2.1856,-2.7466,0.415,-0.59886,1.2721,1.0265,-0.48502,4.1529,-1.8051,-1.0492,-3.1705,1.634,-3.1776,1.7258,3.9774,-1.7179,-3.738,1.4547,11.379,4.3025,-0.40378,0.46262,1.6396,0.95179,-2.3487,0.21575,2.2868,-0.3727,0.49147,5.2766,-2.5374,0.39713,-10.559,-2.6008,-0.405
-0.75708,-1.4874,1.6956,-4.1978,-2.9167,-0.25845,-2.2233,0.53337,0.69465,3.0683,7.3607,3.0554,-0.52963,4.7649,-3.952,-7.8709,5.0166,5.0589,1.8591,-0.9425,2.2694,-3.076,0.36436,-0.12498,7.3909,-0.53539,0.21685,1.4177,-2.5566,1.3469,2.4537,-2.5359,-2.9833,0.56811,1.169,-2.7008,-2.007,-0.24482,-11.582,-0.47546,-1.5547,0.69045,2.5511,-8.1445,-1.4819,-1.3682,6.3599,1.9616,0.55745,-2.5987,-1.0784,-1.1296,3.1294,-1.9741,7.989,2.598,-1.6139,-2.9745,-2.7864,2.7659,-1.4765,-8.3613,-0.034182,-4.7779,-3.3317,-2.3208,-2.7453,0.63371,-0.42849,1.3743,1.0752,-0.35753,4.0012,-1.637,-1.3829,-3.3093,1.4338,-3.496,1.4205,3.881,-2.1115,-3.6666,1.5605,11.745,4.4457,-0.12849,0.1293,1.3666,1.3397,-2.4194,0.05709,2.7174,-0.34901,0.47692,5.3006,-2.5914,0.61011,-10.397,-2.5404,-0.24375
-1.0397,-1.3989,1.7048,-4.2598,-2.427,0.094902,-1.8514,0.9341,0.88792,3.2228,7.3777,2.9567,-0.22931,4.7625,-3.9806,-7.6865,5.422,5.1502,1.4466,-0.80795,2.2567,-3.0662,0.45896,-0.19754,7.6372,-0.45337,0.29861,1.8453,-2.6183,1.6206,2.2228,-2.5086,-2.9369,0.63329,1.069,-2.7971,-2.0527,0.13463,-11.62,-0.54805,-1.422,0.43207,2.7813,-7.9674,-1.3301,-1.0794,6.4084,1.7581,0.65741,-2.0935,-0.65372,-1.432,3.1116,-1.8995,8.2549,2.5218,-1.728,-2.6267,-2.8678,2.8216,-1.8279,-8.0033,-0.012579,-4.6991,-3.3204,-1.9713,-2.7483,0.45869,-0.60544,1.1443,1.0163,-0.51375,3.9069,-1.7684,-1.4797,-3.3259,1.6399,-3.9528,1.4472,4.0273,-2.5088,-3.8753,1.7333,12.189,3.9416,-0.3016,-0.27005,1.1882,1.3006,-2.4373,-0.060145,2.9253,-0.35112,0.67194,5.1826,-2.2959,0.78707,-10.43,-2.097,-0.1502
-1.1434,-1.1934,1.6825,-4.0344,-2.7013,0.090459,-1.6842,0.51034,0.92168,3.1669,7.6933,2.698,-0.44602,4.8215,-4.2347,-7.4554,5.3692,4.9723,1.1988,-0.83078,2.1155,-3.1563,0.28941,0.017029,7.7429,-0.75785,0.071495,1.6431,-2.325,1.7629,2.5675,-2.1406,-3.0436,0.84534,0.78044,-2.9653,-1.8842,0.071882,-11.784,-0.68682,-1.533,0.28377,3.1209,-7.8169,-1.6203,-1.0974,6.7014,1.753,0.59096,-1.7807,-0.43613,-1.5389,3.3676,-1.7785,8.372,2.7018,-1.8308,-2.5346,-2.9987,2.8794,-1.7001,-7.9544,-0.30668,-4.4309,-3.0969,-2.1088,-2.67,0.30804,-0.3982,1.1765,1.0996,-0.71316,3.9384,-1.9668,-1.5274,-3.6292,1.3324,-3.7645,1.476,4.3001,-2.4504,-4.0023,1.9817,12.299,4.0772,0.020352,-0.33957,1.2652,1.2525,-2.0618,-0.0044692,2.9596,-0.20459,0.83494,5.1425,-2.0054,0.91423,-10.261,-2.3289,-0.38994
-0.72849,-1.2128,1.8211,-4.1533,-2.526,-0.11999,-1.5174,0.41581,0.68933,3.3487,7.6211,2.4981,-0.61403,4.9875,-3.807,-7.3087,5.5218,5.1055,1.2712,-0.81777,2.2602,-3.2179,0.64164,0.39591,7.7923,-0.68477,-0.3437,1.8432,-1.969,1.9919,2.1767,-1.8672,-3.2543,0.64522,0.79394,-3.3914,-2.0232,-0.27753,-11.991,-0.81319,-1.7741,-0.0065293,3.1699,-7.9347,-1.6813,-1.4834,6.7432,1.5254,0.33951,-1.8242,-0.39584,-1.4578,3.5742,-1.9612,8.1802,2.596,-1.4289,-2.048,-3.2986,2.6474,-1.6328,-8.2563,-0.17274,-4.0358,-2.7141,-2.1732,-2.1914,0.37477,-0.13023,1.4021,1.3853,-0.97406,3.9616,-2.1809,-1.3064,-3.5559,1.6764,-3.57,1.2119,4.3074,-2.2844,-3.535,1.9685,12.335,3.9573,0.26152,-0.64766,1.555,1.0822,-2.2285,-0.00057865,2.7429,-0.17964,0.69155,5.2729,-1.6727,0.53539,-9.8424,-2.3284,-0.49755
-0.66969,-1.3559,1.7806,-4.0359,-2.432,0.30025,-1.2557,0.064487,0.78433,3.4594,7.886,2.6103,-0.33703,4.6497,-3.6221,-7.1947,5.8856,5.0602,1.5163,-0.89514,2.3285,-3.1939,0.48117,0.18203,7.6696,-0.8881,-0.61435,1.7037,-1.5715,1.7566,2.3662,-1.883,-3.3736,0.67544,0.86622,-3.4506,-2.3642,-0.18547,-11.956,-1.0262,-1.9272,-0.41067,3.2067,-8.3403,-1.9608,-1.8746,6.9043,1.2515,0.6787,-1.7856,-0.42827,-1.9157,3.4646,-1.8518,8.1474,2.7635,-1.358,-2.1527,-3.3653,3.0822,-1.8979,-7.9794,-0.16945,-3.7692,-2.8365,-2.3483,-1.9975,0.5271,-0.058192,1.46,1.3039,-1.2757,4.0517,-2.2545,-1.4513,-3.4413,1.2883,-4.0282,1.3733,4.1296,-2.1032,-3.8121,2.0642,12.561,3.7542,0.16665,-0.24607,1.7116,1.027,-2.5967,-0.18938,2.8648,-0.313,0.25235,5.1303,-1.6702,0.25809,-10.22,-2.0029,-0.71377
-0.62213,-1.3726,1.6843,-4.4473,-2.5817,0.083358,-1.0232,0.48019,0.60612,3.5565,7.7757,2.6363,-0.56804,5.1095,-3.2528,-7.6372,6.0654,4.8644,1.6569,-0.96842,2.6578,-2.8901,0.85261,0.39856,8.046,-1.1697,-0.68124,1.6958,-1.7577,1.5453,2.3087,-1.8293,-3.2571,0.51863,1.0972,-3.5664,-2.0809,-0.10661,-11.973,-1.3651,-1.8297,-0.026672,3.4652,-8.2424,-2.1315,-1.7354,6.6904,0.84169,0.56106,-1.5974,0.0079738,-1.6185,3.1889,-2.1952,7.9095,3.131,-1.1602,-1.7862,-3.3169,2.8259,-1.7085,-8.1741,-0.14232,-3.7339,-3.143,-2.3369,-2.067,0.33214,-0.44154,1.4164,1.2127,-1.0965,3.7833,-2.5879,-1.1008,-3.3348,0.90854,-3.6474,1.6215,4.065,-1.7925,-3.4788,2.1303,12.145,3.3969,-0.066697,0.15919,1.6252,0.9245,-2.6661,0.15007,2.9191,-0.55281,0.15679,5.5348,-1.6812,0.64671,-10.061,-2.2655,-0.63729
-0.54146,-1.6863,1.6092,-4.61,-2.2015,-0.1652,-0.9312,0.82689,0.64576,3.6254,7.6726,2.2086,-0.87688,5.1001,-3.3795,-7.8323,6.2873,4.8099,1.6796,-0.95434,2.6616,-3.3592,0.82637,0.02539,7.605,-1.4451,-0.83037,1.9708,-1.9042,1.1448,2.6644,-1.4313,-3.1229,0.50679,0.82566,-3.6298,-1.9285,0.15675,-12.244,-1.7988,-1.795,-0.31763,3.614,-8.2347,-2.1169,-1.8915,6.1757,0.46904,0.60581,-1.6369,0.037872,-1.8419,2.895,-2.3197,8.2334,3.267,-1.1512,-2.0479,-3.4959,2.7936,-1.3629,-8.1469,-0.22627,-3.6761,-2.7728,-2.5571,-1.9463,0.049746,-0.63253,1.6724,1.1707,-1.3078,3.9821,-2.519,-0.90293,-3.3731,0.63952,-3.9187,1.3644,4.3672,-2.0024,-3.2033,2.1826,11.873,3.2385,-0.15638,0.28807,2.1918,1.2759,-2.2832,0.20315,2.6663,-0.16413,-0.13001,5.5626,-2.1001,1.0302,-10.324,-1.9941,-0.56557
-0.40093,-1.7068,1.5868,-4.8269,-2.2279,-0.09657,-0.49446,0.5946,0.66652,3.708,7.8939,2.2361,-0.84057,4.9672,-3.3717,-7.859,5.9554,4.79,1.714,-0.66903,2.6964,-3.1826,1.0143,0.17977,7.7268,-1.3622,-0.98755,1.9837,-1.9638,1.5638,3.0043,-1.3347,-2.9179,0.19943,0.47833,-3.7871,-1.8565,-0.058716,-12.107,-1.6455,-1.6443,-0.31755,3.5265,-8.2197,-2.3051,-2.0464,6.4473,0.37438,0.75666,-1.9029,0.15048,-2.1357,3.0719,-2.4179,8.2804,3.2367,-1.2976,-2.2046,-3.6117,2.5024,-1.6508,-7.7775,-0.19897,-3.2878,-3.0093,-2.7937,-1.9344,-0.044476,-0.53649,1.8642,1.262,-1.3561,4.087,-2.544,-0.73749,-3.6224,0.76384,-4.0572,1.2689,4.4958,-2.0074,-2.7921,2.0459,12.226,2.8968,-0.37579,0.37329,2.2493,1.533,-2.3117,0.25108,2.8968,-0.093034,-0.24538,5.7768,-2.0564,1.0648,-10.584,-1.6288,-0.48322
-0.71224,-1.1725,1.2621,-5.0431,-1.7711,0.31657,-0.074794,0.351,0.46753,3.5814,7.8754,2.2134,-0.50003,5.2483,-3.2861,-8.183,5.9816,4.8261,1.6207,-0.99984,2.9899,-2.9289,0.61009,0.42826,8.1958,-1.231,-1.3299,2.1621,-2.0401,1.4217,2.9648,-1.2141,-2.7858,-0.17732,0.36843,-3.5982,-1.7213,0.15041,-11.99,-1.7017,-1.6278,-0.35369,3.0526,-8.2936,-2.4147,-1.8977,6.1734,0.67778,0.944,-1.6949,0.50205,-2.1003,2.8804,-2.6314,8.2013,3.3128,-1.0225,-2.3215,-3.4956,2.8449,-1.5952,-7.977,-0.065992,-3.0143,-3.3636,-2.9962,-1.6955,0.22297,-0.46406,1.637,1.2262,-1.426,4.2775,-2.6567,-0.9205,-3.5662,0.7248,-3.8681,0.973,4.4407,-2.4272,-2.7227,2.1881,12.053,2.6514,-0.55322,0.51524,2.1249,1.4113,-2.5778,0.045159,2.9333,0.21925,-0.38222,5.6933,-1.9144,0.82174,-10.36,-1.721,-0.40555
-0.29511,-1.1271,1.4932,-5.165,-1.6872,0.45838,-0.056928,0.42478,0.49076,3.6482,8.1203,2.0402,-0.82621,5.014,-3.0862,-7.8686,5.7546,5.1324,1.3762,-1.2663,3.4249,-2.944,0.63444,0.41185,8.587,-1.4024,-1.7419,2.3578,-2.0208,1.5347,2.9049,-1.1228,-2.5327,-0.43633,0.28241,-3.6617,-1.7059,0.14802,-11.864,-1.5997,-1.5453,-0.26491,3.0711,-8.5576,-2.4656,-1.9705,6.2213,0.68352,0.61047,-1.6135,0.79067,-1.9339,2.4952,-2.8348,8.5665,3.5418,-0.95423,-2.3837,-3.2861,3.118,-1.7977,-8.1747,0.056713,-2.9254,-3.0768,-3.031,-1.6677,-0.1672,-0.31986,1.4538,1.4367,-1.1491,4.3648,-2.6005,-0.74415,-3.9424,0.52687,-3.813,0.75695,4.6687,-2.4105,-2.7102,1.7198,11.833,2.2636,-0.58791,0.38669,2.5414,1.6828,-2.6755,0.41835,2.6745,0.1895,-0.60904,5.523,-1.7669,0.67651,-9.9047,-1.4637,-0.040615
-0.28515,-1.2638,1.381,-4.9784,-1.8043,0.56112,0.38808,0.45344,0.59177,4.0481,7.7328,2.358,-0.85514,4.8478,-2.8441,-7.8717,6.0459,5.346,1.7001,-1.3742,3.3874,-3.0486,0.26256,0.46719,8.8985,-1.3979,-2.1325,2.3868,-1.8389,1.8384,2.745,-1.3986,-2.8119,-0.46537,0.3785,-3.3299,-1.3887,0.25628,-12.236,-1.6706,-1.211,-0.1208,3.1347,-8.1821,-2.7732,-1.9763,5.7095,0.51621,0.28066,-1.1601,0.94714,-2.2545,2.8348,-2.3426,8.7721,3.5814,-0.65717,-2.1095,-3.4783,3.0157,-1.7581,-8.2393,0.23173,-2.8485,-2.8495,-2.7691,-1.3528,0.21093,-0.30699,1.4146,1.4547,-1.2774,4.3151,-2.7286,-1.1812,-4.2506,0.52417,-3.5784,0.7942,4.6185,-2.4519,-2.3571,1.3894,11.911,1.7865,-0.79839,-0.014192,2.7867,1.6937,-2.4421,0.44969,2.708,0.20811,-0.635,5.4404,-1.7195,0.44906,-9.9859,-1.5859,-0.21182
-0.5381,-0.8278,1.5025,-4.8278,-1.712,0.44488,0.43523,0.21212,0.29947,4.1647,7.3314,2.3907,-0.42455,4.914,-2.2836,-7.8937,6.1159,5.1178,1.4667,-1.7394,3.3753,-3.3373,0.30177,0.49467,9.1274,-1.445,-2.5163,2.3824,-1.3657,1.8483,2.7035,-1.5981,-2.7831,-0.35787,0.60887,-3.1348,-1.4074,0.054689,-12.166,-1.829,-0.93293,-0.26096,2.8251,-8.23,-2.688,-1.9501,5.702,0.79393,0.155,-1.3237,0.9029,-2.5641,3.2342,-2.5407,9.0454,3.8965,-0.37274,-2.2061,-3.4692,3.4229,-1.6433,-8.2368,0.20141,-3.0013,-3.033,-2.4333,-1.4402,-0.25858,-0.37639,1.3378,1.3655,-1.3554,4.5075,-2.8394,-1.5785,-4.0072,0.7937,-3.5896,1.0932,5.0593,-2.2346,-2.3563,1.054,11.475,1.4898,-0.79741,0.088707,2.8633,1.7896,-2.4612,0.78182,3.1122,0.1597,-0.4359,5.3716,-1.6169,0.5382,-9.6233,-1.8178,0.085422
-0.37045,-0.72578,1.5892,-4.6187,-2.0228,0.34272,0.45509,0.055703,0.30716,4.4933,7.1353,2.1783,-0.21581,5.052,-2.0037,-7.8858,6.2772,5.4519,1.6023,-1.5348,3.5479,-3.4052,0.7295,0.61563,9.1522,-1.3912,-2.8917,2.636,-1.3403,2.1016,2.8885,-1.7766,-2.6745,0.14828,0.35466,-3.036,-1.4734,0.09688,-12.348,-1.9186,-1.012,-0.40853,2.7739,-8.3623,-2.5709,-1.5435,5.5093,0.7854,0.38758,-1.5297,0.69808,-2.9347,3.218,-2.5232,8.9834,3.6331,-0.51063,-1.9225,-3.5802,3.8552,-1.5424,-8.1851,0.23353,-2.6359,-2.9577,-2.5882,-1.2413,-0.084524,0.033689,1.131,1.4148,-1.014,4.6475,-2.8602,-2.0687,-4.0174,0.8955,-3.2291,0.73401,4.7575,-2.5727,-2.2579,0.76525,11.447,1.2077,-1.2384,0.2369,2.7739,1.7837,-2.1808,0.97646,2.8651,-0.039962,-0.67317,5.0825,-1.6037,0.17022,-10.021,-1.5784,0.13378
-0.17692,-0.33127,1.1853,-4.017,-1.7722,0.055141,0.60336,0.22706,-0.05944,4.7443,7.0682,1.94,-0.29557,4.8845,-2.4293,-8.0203,6.2461,5.2786,1.106,-1.8105,3.5109,-3.2632,0.63619,0.89014,9.562,-1.1974,-2.848,2.0947,-1.4059,1.9173,2.7444,-1.8628,-2.5045,0.1397,0.57921,-2.9988,-1.9332,0.33085,-12.242,-2.1069,-0.61795,-0.21383,2.9231,-8.3613,-2.3593,-1.0862,5.4503,1.0252,0.50069,-1.3282,0.83069,-2.9277,2.9393,-2.1873,8.8801,3.9632,-0.51695,-2.0275,-3.6058,4.1887,-1.9556,-8.5422,-0.025031,-2.6797,-3.2254,-2.1632,-1.6604,0.3337,-0.23932,0.83567,1.1163,-1.1534,4.9444,-3.0402,-1.8557,-4.1067,1.129,-3.3344,0.78746,4.5481,-2.4871,-1.8871,1.0535,11.464,0.78067,-1.2574,0.56754,2.5375,1.4286,-2.1686,0.75446,2.6626,0.31115,-0.47909,5.0474,-1.1223,-0.21746,-10.185,-1.8175,0.27773
-0.2975,-0.50449,1.0687,-4.0181,-1.5352,0.064884,0.76261,0.5071,0.15379,4.9187,7.1383,2.0081,-0.28181,4.5883,-2.2871,-8.3294,6.1821,5.3291,1.1376,-1.757,3.7482,-3.3156,0.87546,1.245,9.6549,-1.2397,-2.7734,1.8355,-1.4488,1.9571,2.3451,-1.4667,-2.3032,-0.0022194,0.54408,-3.1469,-1.7181,0.81054,-12.132,-1.7453,-0.52562,-0.04479,3.2741,-8.3927,-2.5299,-0.79326,5.0395,0.76344,0.94591,-1.0581,0.61932,-3.1916,2.5,-2.0941,8.9669,3.8197,-0.35112,-1.9645,-3.4178,4.5725,-1.8218,-8.9004,0.10788,-2.2938,-3.0411,-1.7976,-1.6882,0.17482,-0.18557,1.0886,1.3502,-1.0714,5.1741,-3.0947,-1.7034,-4.4071,1.0676,-3.6143,0.95867,4.544,-2.4862,-2.0893,1.2293,11.23,0.85325,-1.0034,0.33144,2.3196,1.8089,-2.0962,0.68034,2.6945,0.16259,-0.57577,5.1507,-0.77931,-0.67917,-10.163,-1.4454,0.65549
-0.18418,-0.3842,0.97584,-3.6315,-1.462,-0.2412,1.2644,0.61418,0.11838,5.019,7.104,1.4574,-0.031909,4.4955,-2.7002,-8.503,6.2597,5.3214,1.3584,-1.6382,3.5623,-3.0012,1.0455,1.5334,9.7603,-1.625,-2.5551,1.8347,-1.3582,1.7108,2.2722,-1.4781,-2.0789,-0.07785,0.26141,-3.1894,-1.5101,1.112,-12.468,-1.9466,-0.58018,0.088477,3.4882,-8.4208,-2.9638,-0.69003,5.1984,0.62788,0.64054,-0.66088,0.4356,-3.0516,2.339,-2.363,9.0929,3.9103,-0.52097,-1.6688,-3.7379,4.2779,-1.508,-8.8803,0.035974,-1.856,-3.0629,-1.4313,-1.6056,0.52102,-0.11713,1.2647,1.1615,-1.1858,5.1286,-2.9881,-1.991,-4.364,0.93219,-3.2867,1.2936,4.694,-2.205,-2.0762,1.2084,11.176,0.70188,-0.81828,0.092853,2.5577,1.8117,-2.4434,0.88193,2.5416,0.16052,-0.74155,5.1547,-0.64873,-0.67884,-10.463,-1.1853,0.29259
0.035874,-0.41143,0.88333,-3.649,-1.7547,-0.19973,1.0307,0.43243,-0.106,4.9872,7.0716,1.321,-0.028581,4.9849,-2.9606,-8.4489,6.0084,5.2848,1.2263,-1.5142,3.7693,-3.4525,0.81423,1.4952,9.8865,-1.3254,-2.926,1.7794,-0.98056,1.3763,2.2981,-1.1865,-2.002,0.09517,0.15357,-3.1104,-1.786,1.1424,-12.466,-2.0038,-0.51993,0.016451,3.6615,-8.705,-3.0668,-0.65071,5.1048,0.4323,0.98804,-0.72337,0.56763,-3.0123,2.6004,-2.4009,9.0873,3.958,-0.10721,-1.3607,-3.6783,4.4157,-1.2675,-8.7159,-0.021972,-1.7797,-2.9756,-1.332,-1.7435,0.54253,-0.082487,0.85002,0.79598,-1.209,4.8142,-3.1398,-2.3471,-4.1467,0.91901,-3.1861,1.8015,4.617,-2.0197,-2.1813,1.0679,11.288,0.75997,-0.83781,0.19147,2.7081,2.0744,-2.0763,0.70159,2.3638,-0.24279,-0.77193,4.8713,-0.19774,-0.42153,-10.463,-1.5427,0.34561
0.28052,-0.65939,0.6311,-3.2561,-1.7518,-0.13448,1.465,0.426,0.23244,5.0341,7.0283,1.2272,0.039075,4.8647,-3.0405,-8.8021,5.8361,5.5945,1.4166,-1.7518,3.4979,-3.2194,1.1537,1.2249,9.8777,-1.7713,-2.8855,1.3865,-0.8825,1.2875,2.1297,-1.0092,-2.1024,0.43741,-0.2459,-3.1519,-1.3359,1.1234,-12.172,-2.1367,-0.56726,0.085015,3.7799,-8.6282,-3.3991,-0.29679,5.1074,0.052223,0.93692,-0.66716,0.71523,-3.1693,2.4615,-2.7576,9.106,3.6963,0.046859,-1.5603,-3.9869,4.8074,-1.2665,-8.6593,0.30805,-1.6823,-2.8718,-1.1154,-1.2305,0.8213,-0.047249,0.51267,0.68314,-0.9046,4.8812,-2.9771,-2.1207,-4.2782,0.67914,-3.1844,1.6403,4.5648,-1.8591,-2.5817,0.76536,11.309,0.64917,-0.84787,-0.17516,3.1246,2.1834,-2.1705,0.62242,2.0145,-0.073932,-0.83398,5.1836,-0.17993,-0.41087,-10.441,-1.7045,0.39354
-0.080151,-0.42716,0.7793,-3.613,-1.9194,-0.16246,1.6474,0.64915,0.0083257,4.9991,6.9177,1.2348,-0.1723,5.1872,-2.87,-8.8232,5.6547,5.6463,1.2579,-1.8151,3.93,-3.2679,0.87101,1.1811,9.997,-1.799,-3.1078,1.3322,-0.85196,1.5566,2.1436,-0.93225,-1.9504,0.7493,0.096865,-3.4491,-1.2868,0.7496,-11.901,-1.9912,-0.50419,-0.18612,3.8936,-8.7661,-3.6065,-0.45177,4.7986,0.46302,0.56827,-0.31558,0.76816,-3.1367,2.2185,-2.9821,9.2801,3.5951,-0.11701,-1.7912,-3.8437,4.8824,-1.2063,-8.6565,0.12069,-1.5464,-2.8887,-1.366,-1.2784,0.91445,0.1411,0.31619,0.98765,-0.82145,4.7152,-3.0459,-2.4408,-4.3388,0.87426,-3.0993,1.5648,4.9382,-1.7301,-2.1937,0.37143,11.351,0.52167,-1.0685,0.09686,3.1443,2.0614,-2.1833,0.87097,1.98,0.031455,-1.2468,5.1641,-0.35768,-0.37209,-10.574,-1.925,0.14765
0.021552,-0.50934,0.82082,-3.8348,-2.1715,0.044604,1.7646,0.5812,0.073901,5.143,6.8161,0.96161,-0.088936,5.2472,-2.922,-8.9964,5.5503,5.595,1.5469,-1.8069,3.923,-2.8609,1.0588,0.95584,10.142,-2.2391,-2.9768,1.1567,-1.0478,1.7805,2.1991,-0.53264,-1.6223,0.79346,0.40165,-3.7236,-1.0741,0.61312,-11.921,-2.2981,-0.11528,0.015394,4.1163,-8.6295,-3.3177,-0.16781,4.6737,0.68868,0.54164,-0.23008,0.62177,-2.9555,2.155,-2.8914,9.5387,3.7385,-0.3179,-2.0499,-3.4379,4.4567,-1.5471,-8.693,-0.12693,-1.6839,-2.8424,-1.7101,-1.1729,1.2867,0.15255,0.010979,0.97595,-0.77504,4.355,-2.6612,-1.9491,-3.873,0.83031,-3.0426,2.0458,4.8337,-1.71,-1.8343,0.0047103,11.751,0.56728,-0.86182,0.33785,2.8494,2.0744,-1.8189,0.62988,1.7798,0.17755,-1.5234,5.0268,-0.30206,-0.43096,-10.436,-1.8142,0.1739
0.18229,-0.27522,0.77253,-3.7868,-1.7439,-0.034859,2.0668,0.44437,0.093148,5.4246,7.0574,0.85172,-0.29173,5.7515,-2.5268,-8.6032,5.4523,5.9888,1.5798,-1.7378,4.0958,-3.1971,0.65284,1.0479,10.501,-2.4679,-2.9786,1.1201,-0.92813,1.7393,2.1694,0.027122,-1.3798,0.53701,0.25735,-3.2494,-1.1281,0.29313,-12.306,-1.9595,-0.40236,-0.058525,3.8801,-8.5367,-3.6451,-0.15527,4.4693,0.75779,0.37142,-0.25878,0.94787,-3.0139,1.9099,-2.7022,9.7813,3.7434,-0.15309,-1.9561,-3.454,4.4066,-1.2805,-8.5363,-0.30335,-1.8077,-3.0905,-1.4353,-1.2532,1.2379,0.12931,-0.077586,1.3646,-1.0549,4.4664,-2.553,-1.9423,-3.7759,0.78707,-2.6274,2.3605,5.0537,-1.4264,-1.9526,-0.47282,11.901,0.67968,-0.77271,0.23748,3.3755,2.3102,-1.9966,0.31217,1.9741,0.23442,-1.863,4.8322,-0.032975,-0.48877,-10.379,-1.7186,0.079077
0.012427,-0.19902,0.32011,-3.8461,-1.9186,0.24525,1.9207,0.81725,0.36147,5.6922,7.0962,0.93913,-0.36147,6.0239,-2.5887,-8.3222,5.0397,5.6641,1.4602,-1.7017,4.4577,-3.1979,0.93065,0.93769,10.464,-2.3675,-3.0209,1.1127,-0.71878,2.1673,2.0296,-0.062131,-1.3472,0.45946,0.32285,-3.3169,-1.3147,0.43574,-12.171,-2.2892,-0.25203,0.14379,3.9352,-8.5716,-3.8865,-0.0064249,4.5559,0.55764,-0.095004,-0.25572,0.86023,-3.2192,1.9261,-2.648,9.3776,3.4466,-0.32708,-1.8631,-3.5594,4.0664,-1.5124,-8.4772,-0.29435,-1.8254,-3.0027,-1.0739,-1.0559,1.1735,0.15529,-0.10221,1.4092,-1.1765,4.8713,-2.9794,-1.8162,-3.5102,0.7963,-2.9939,2.0172,4.8616,-1.262,-2.0216,-0.52711,11.617,0.70118,-0.99298,0.60257,3.5637,2.1076,-2.2134,-0.13745,1.7,-0.056568,-1.857,5.1555,-0.039872,-0.53046,-10.289,-1.3806,-0.14062
-0.10613,0.081704,0.18366,-3.7259,-1.8421,0.31148,2.1677,1.0658,0.27849,5.511,7.2023,1.106,-0.78284,6.1344,-2.7044,-8.3305,5.3792,5.5453,1.3788,-1.8032,4.5444,-3.0435,0.75109,0.56375,10.156,-2.5057,-2.9019,1.1654,-0.55436,2.624,2.1669,0.052136,-1.2844,0.88332,0.079296,-2.8646,-0.96124,0.38864,-12.263,-2.2692,0.00012214,0.20742,3.8266,-8.5312,-4.1351,-0.32192,4.4701,0.68502,0.00097881,-0.11051,0.77067,-2.7885,1.7025,-2.6847,9.2915,3.7966,-0.45409,-1.7726,-3.1493,3.8253,-1.1936,-8.3048,-0.68503,-1.5581,-2.7195,-0.73155,-1.1665,0.83117,0.19538,-0.46148,1.2319,-0.89207,4.8839,-2.6864,-1.8346,-3.6959,0.6967,-3.1719,1.943,4.884,-1.1804,-2.2484,-0.19146,11.702,0.82894,-0.78297,0.24113,3.2819,2.2703,-2.5271,-0.5861,1.6435,0.15764,-1.7447,5.3014,-0.35672,-0.61425,-10.095,-1.2166,-0.17418
-0.60585,0.38156,-0.10934,-3.5492,-1.8102,0.39206,2.7244,0.65009,0.33237,5.8367,7.0124,0.70708,-0.71203,5.9305,-2.9982,-8.4556,5.2278,5.6131,0.99875,-1.8917,5.068,-2.6621,0.87009,0.64504,9.7636,-2.5824,-2.8713,0.63714,-0.58642,2.8568,2.1228,0.48019,-0.77956,0.84838,0.10787,-2.8119,-0.93309,0.1702,-12.238,-2.0759,0.20029,0.34326,4.2641,-8.8425,-3.9586,-0.38171,4.2924,0.85572,-0.10771,-0.33375,0.91193,-2.8566,1.5294,-2.6722,9.4711,3.9843,-0.5168,-1.6153,-2.8753,4.0879,-1.232,-8.0149,-0.29982,-1.2471,-2.9263,-0.36086,-1.1443,1.0782,0.033911,-0.55808,1.0659,-0.70373,5.1166,-3.0427,-1.7886,-3.7766,0.52825,-3.1739,1.9218,4.6391,-1.5514,-1.9786,-0.11581,11.526,0.60565,-0.8742,0.45749,3.4724,2.4455,-2.3965,-0.5717,1.9319,0.2182,-1.8621,5.332,-0.41053,-0.54904,-10.085,-0.95821,-0.19696
-0.33465,0.31894,-0.44172,-3.7007,-2.0414,0.44584,2.8132,0.4426,0.49943,5.6877,6.6396,0.92604,-0.72613,5.9909,-2.8354,-8.5617,5.0087,6.0605,1.0832,-2.2446,5.3791,-2.5738,0.59165,0.40782,9.6602,-2.2113,-3.1272,0.57605,-0.7347,3.062,2.2486,0.355,-0.50943,1.0266,0.32372,-2.9598,-0.88685,0.10886,-12.325,-2.1925,0.21327,0.38064,4.2006,-9.1865,-3.8384,-0.093943,4.1902,0.79959,-0.11739,-0.61933,0.79633,-2.7315,1.3232,-3.0442,9.2091,4.4953,-0.40384,-1.3675,-2.7971,4.1196,-1.4042,-8.396,-0.59304,-0.99751,-2.643,-0.45397,-1.1695,1.4011,0.11822,-0.97807,1.1678,-0.72222,5.183,-2.7993,-1.8493,-3.3809,0.82537,-3.1482,1.6209,4.5459,-1.8646,-2.2258,-0.17525,11.226,0.84727,-0.44871,0.43282,3.4659,2.1159,-2.5185,-0.44453,2.1205,-0.13676,-2.008,5.3735,-0.42269,-0.69535,-9.6892,-0.84673,0.17344
-0.23236,0.49817,-0.67401,-3.891,-2.1883,0.42174,2.6239,0.085527,0.52928,5.4433,6.1997,1.1385,-0.95085,6.4294,-2.9279,-8.2485,4.7238,5.9338,0.91178,-2.3405,5.3471,-2.5083,0.66079,0.24454,9.8956,-2.314,-3.0903,0.14352,-0.56268,2.8053,1.9684,0.38971,-0.81263,0.80348,0.19875,-2.9684,-1.2615,0.19402,-12.104,-2.1537,0.16978,0.20258,3.9909,-9.0068,-3.7694,-0.082003,4.0332,0.8701,-0.019189,-0.57289,0.44939,-2.8925,1.0226,-3.0015,9.198,4.8498,-0.24678,-1.1225,-2.9762,4.2411,-1.5312,-8.2925,-0.75527,-0.98746,-2.8519,-0.492,-1.1182,1.5828,0.10464,-0.93445,1.2174,-0.40931,5.1292,-2.6989,-1.8961,-3.5823,0.93887,-3.0151,1.1991,4.3648,-2.1521,-2.3416,-0.042051,10.932,0.83316,-0.3168,0.73484,3.8304,2.0207,-2.1296,-0.8209,2.1885,-0.08891,-2.3977,5.4155,-0.82618,-0.70205,-9.3198,-0.87192,-0.014422
-0.004922,0.97448,-0.42801,-4.217,-1.8955,0.54929,2.8103,0.23158,0.061153,5.317,6.1742,1.0905,-1.007,6.6501,-2.6387,-8.2594,4.4767,6.302,0.6406,-2.6249,5.5338,-2.5788,0.34374,0.45403,9.7819,-2.793,-3.0882,-0.001834,-0.46198,3.1449,2.271,0.218,-0.74484,1.1753,0.49711,-2.7677,-0.98734,-0.020215,-11.899,-2.1648,-0.050358,0.25301,4.1642,-9.0398,-3.6965,-0.16124,3.717,1.0009,0.038081,-0.88998,0.64661,-3.3118,0.89908,-2.8299,9.3091,4.631,-0.071942,-1.2874,-3.2781,4.0293,-1.6437,-8.1834,-0.76568,-0.92225,-2.5015,-0.83825,-1.0091,1.6682,0.09416,-0.52682,1.3013,-0.78841,5.2814,-2.9761,-1.7843,-3.6548,1.2168,-2.9086,1.1113,4.5099,-1.8591,-2.3216,-0.01188,10.709,0.39831,-0.26166,0.71463,4.1853,2.0482,-1.8766,-0.92125,2.211,-0.13875,-1.9992,5.1764,-0.7795,-0.65657,-9.2473,-0.56473,-0.29423
-0.015682,1.415,-0.48223,-4.0632,-2.2983,0.80595,3.0189,0.11523,0.051799,5.752,6.1649,1.1576,-1.0138,6.8375,-2.3308,-8.5683,4.7593,6.2517,0.50432,-2.6914,5.3062,-2.7091,0.73884,-0.040757,9.5533,-2.6473,-3.0964,0.034372,-0.062049,3.5632,2.5489,0.65988,-0.64424,1.4172,0.55005,-2.8211,-0.76312,0.1165,-11.514,-2.256,0.23475,0.51202,4.0551,-9.0856,-3.4047,0.23762,3.2097,1.3826,-0.28056,-0.85337,0.85381,-3.3181,1.0066,-2.4848,9.2768,4.3743,0.241,-1.2141,-3.2797,3.7939,-1.5007,-8.6498,-0.74641,-0.84235,-2.879,-1.1756,-0.8171,1.8128,0.2462,-0.73475,1.3327,-0.70417,5.033,-3.4393,-1.9796,-3.1669,1.2657,-2.7683,0.93623,4.778,-1.723,-2.3149,0.15477,10.541,0.31135,-0.2874,0.75836,3.8145,1.9748,-1.8423,-1.0287,2.5117,-0.23941,-2.1551,5.1113,-0.65536,-0.34849,-9.3914,-0.29979,-0.21013
-0.37032,1.5059,-0.4948,-4.3078,-2.5654,0.71619,2.9943,0.19584,-0.037766,6.235,6.1675,1.2397,-0.88503,6.4767,-2.2677,-8.2813,5.0384,5.8776,0.2891,-3.1928,5.1875,-2.5261,1.1389,-0.041307,9.5936,-2.734,-2.8042,-0.40188,0.12757,3.595,2.7623,0.74301,-0.88923,1.3096,0.66262,-2.4526,-0.46903,0.09254,-11.376,-2.5548,-0.092962,0.92156,3.8394,-9.0046,-3.3268,0.4796,3.2488,1.1876,-0.51019,-0.91033,0.81545,-3.673,0.4397,-2.2875,8.9221,4.4499,0.58599,-0.99536,-2.89,3.8827,-1.6451,-8.5613,-1.0882,-0.73166,-2.9062,-1.1272,-0.803,1.8344,0.38496,-0.60097,1.1055,-0.7346,5.2093,-3.8881,-1.913,-3.4924,1.6729,-2.6208,1.135,4.391,-1.3731,-2.2137,0.47865,10.554,0.20022,-0.054579,0.94055,3.9559,2.0562,-1.7413,-1.0472,2.3705,-0.046436,-2.3088,5.3725,-0.7087,-0.20692,-9.412,-0.24289,-0.33512
-0.46174,1.2617,-0.10139,-4.1518,-2.6709,0.8213,3.0472,0.17717,-0.26084,6.3447,6.09,0.99137,-0.87354,6.8605,-2.2811,-8.3609,5.0596,5.7511,0.52533,-3.2596,5.5513,-2.5215,1.3627,0.24899,9.2273,-2.7559,-2.9377,-0.74588,0.16621,3.6437,3.08,0.90656,-1.014,1.368,0.83207,-2.6288,-0.46262,0.13021,-11.428,-2.437,-0.23856,0.94419,3.9362,-9.0667,-3.3512,0.57382,3.2383,1.4278,-0.66829,-0.62955,0.92202,-3.9012,0.63632,-2.2422,8.86,4.8879,0.30971,-0.68014,-2.6961,4.0686,-1.7776,-8.4147,-1.0327,-0.69008,-3.0588,-0.92412,-0.73769,2.0751,0.32437,-0.68122,0.89,-0.39186,5.4398,-4.0588,-1.718,-3.755,2.0771,-2.5166,1.0264,4.4362,-1.2618,-2.1017,0.50432,10.572,-0.14104,-0.089991,0.67178,4.3316,1.9628,-1.6018,-0.98329,2.446,-0.12122,-2.4382,4.9798,-0.8854,-0.15148,-9.0734,-0.21703,-0.69868
-0.68164,1.1428,-0.27611,-4.3684,-2.8785,1.0085,2.6866,0.26184,0.041493,6.4008,5.7424,1.2366,-0.96847,6.669,-2.4937,-8.4339,5.095,5.7878,0.28781,-3.4948,5.4912,-2.8881,1.5066,-0.054915,9.6245,-2.5957,-2.9404,-1.1124,0.48102,3.8247,3.4369,1.0053,-0.98475,1.2657,0.90474,-2.7412,-0.25107,0.39877,-11.272,-2.8405,-0.29392,0.90489,3.9404,-9.1892,-3.0091,0.59674,3.1848,1.7003,-0.43058,-0.8018,0.54037,-3.55,0.2412,-2.2919,9.0875,4.7183,0.12248,-0.60934,-2.7529,3.9741,-1.7695,-8.5312,-1.1394,-0.75882,-3.3913,-0.72862,-0.6245,2.2365,0.0073899,-1.0861,0.76615,-0.2191,5.5436,-4.0315,-1.741,-3.9054,1.8276,-2.6291,0.9892,4.5287,-1.3332,-2.1894,0.72616,10.439,-0.1792,-0.095034,0.96422,4.3873,2.0351,-1.9173,-1.4556,2.5041,-0.28444,-2.2566,4.9193,-0.5812,-0.22215,-9.0815,-0.46053,-0.56752
-0.66386,1.1796,-0.37645,-4.4201,-2.7123,0.76594,3.1151,0.65418,0.30104,6.5807,5.908,1.2843,-1.0206,6.561,-2.6317,-8.6814,5.4926,6.1642,0.052904,-3.859,5.5421,-2.7283,1.3919,-0.44257,9.8148,-2.4492,-2.7906,-0.92223,0.6256,3.9363,3.6452,0.97282,-0.9337,1.3111,0.61834,-2.4221,-0.58381,0.72929,-11.585,-2.5423,-0.0587,0.70708,4.1847,-9.3521,-3.1592,0.67074,3.2676,1.3388,-0.15073,-0.75529,0.45035,-3.5491,0.0071356,-2.0663,9.2821,5.1481,0.004941,-0.46724,-2.8605,4.3615,-1.8078,-8.524,-1.4668,-0.97138,-3.53,-0.47439,-0.72698,2.1876,-0.22442,-0.69553,0.82944,-0.34177,5.768,-3.8776,-1.928,-3.4178,2.0422,-2.2926,0.52798,4.1355,-1.5312,-2.1334,0.54548,10.8,-0.44706,-0.082252,1.0237,4.3307,2.3493,-1.8354,-1.481,2.7416,-0.041873,-2.5303,4.6016,-0.66333,-0.48017,-9.1326,-0.041064,-0.37398
-0.38791,1.4188,-0.30288,-4.3644,-2.5932,1.1845,2.822,0.92681,-0.19854,6.5385,5.8739,1.1815,-0.91582,6.2688,-2.5733,-8.6607,5.6289,6.4085,0.082866,-4.1023,6.0064,-2.4594,1.5069,-0.44349,9.6108,-2.3703,-2.3551,-0.6848,0.63362,4.1522,3.6907,0.95759,-1.0954,1.0878,0.58257,-2.2356,-0.39794,0.574,-11.283,-2.9168,-0.025504,0.55573,4.0664,-9.4767,-3.1958,0.20495,3.5299,0.88456,-0.0069777,-0.78399,0.65661,-3.0736,0.26713,-2.1963,9.2072,5.0406,-0.11783,-0.53144,-2.9728,4.0776,-2.1751,-8.6731,-1.4558,-0.9793,-3.4148,-0.47313,-0.38951,1.918,-0.33144,-0.70923,0.85573,-0.47872,5.8158,-3.5062,-1.8211,-3.319,1.688,-2.0285,0.07894,4.2615,-1.58,-2.3764,0.43416,10.879,-0.4642,0.21558,0.64229,4.1694,2.2609,-1.7977,-1.5226,2.7609,0.00025158,-2.3789,4.6445,-1.0276,-0.27871,-9.4739,0.14027,-0.19758
-0.27674,1.3952,-0.22525,-4.0482,-2.3687,0.87934,2.9847,0.67324,-0.42512,6.1415,6.1901,0.93438,-0.9961,6.3493,-2.6925,-8.509,5.8788,6.028,-0.22099,-3.7306,5.9769,-2.7161,1.3348,-0.76485,9.5081,-2.3557,-2.3563,-1.0361,0.67885,4.0585,3.8366,1.0868,-1.2818,1.0688,0.74447,-2.4331,-0.38083,1.0172,-10.763,-2.981,-0.16041,0.33161,3.7395,-9.6767,-3.5184,-0.10844,3.4046,0.97616,0.18606,-0.46494,0.8886,-3.2392,0.17967,-2.1826,9.18,4.7235,-0.20861,-0.68687,-3.3197,4.1513,-1.8602,-8.3801,-1.3175,-0.98988,-3.1398,-0.59864,0.016011,2.0036,-0.45262,-0.69926,0.57354,-0.45912,5.705,-3.6548,-1.5325,-3.2991,1.4306,-2.2768,-0.024118,4.0637,-1.6891,-2.0661,0.43177,10.628,-0.501,0.22885,0.78206,4.1278,1.7747,-2.0081,-1.2016,2.5614,-0.24592,-2.4754,4.7035,-0.9175,-0.48898,-9.7286,-0.13533,0.076552
-0.75266,1.1862,-0.22912,-4.1482,-2.3241,0.87865,3.1646,0.90477,-0.67501,6.3802,6.106,1.038,-1.3263,6.1767,-2.2166,-8.0867,5.5429,6.2961,0.027805,-3.6998,6.292,-2.5693,1.5598,-1.0286,9.5988,-2.5585,-2.4608,-0.97321,0.54788,3.5685,3.9244,0.89282,-0.99687,1.1147,0.85257,-2.018,-0.087509,1.0859,-10.808,-3.0046,0.048513,-0.019657,4.2064,-9.5518,-3.3945,-0.14162,3.2809,1.0123,0.049759,-0.59044,0.75578,-3.1136,-0.17312,-2.3349,9.4923,4.4481,-0.33807,-0.62658,-3.3671,4.2621,-1.7514,-8.5141,-1.1561,-0.87315,-3.1683,-0.9525,-0.033975,1.6335,-0.91141,-0.71718,0.59932,-0.58606,5.4803,-3.7382,-1.3718,-2.9287,1.0896,-2.2064,-0.051805,4.2695,-1.2727,-1.9771,-0.023632,11.097,-0.74772,0.22822,0.6116,4.1092,1.6561,-1.9429,-1.0545,2.3366,-0.084363,-2.3639,4.756,-1.2464,-0.35708,-9.7409,-0.6374,0.37832
-0.91671,0.98196,-0.22984,-4.0008,-2.3731,0.58539,2.8542,1.0909,-0.75645,6.2564,5.8167,0.8389,-1.2347,6.1499,-1.8365,-7.811,5.6354,6.6183,0.13833,-3.6865,5.9137,-2.4502,1.444,-0.89649,9.4919,-2.608,-2.4628,-1.2294,0.49608,3.3831,3.8823,0.93196,-0.97234,0.75343,0.73582,-2.28,0.098165,0.76009,-10.785,-3.1631,0.41836,0.27796,4.2932,-9.355,-3.1861,-0.31025,2.8991,1.2859,0.16325,-0.57844,1.0098,-3.0373,-0.10991,-2.1008,9.1047,4.6084,-0.33574,-0.63562,-3.3117,3.9581,-2.1178,-8.699,-0.76196,-0.93456,-3.3555,-1.0278,-0.13305,1.7386,-0.9332,-0.85806,0.65075,-0.45543,5.1537,-3.4265,-1.7857,-2.8217,1.0772,-2.1874,0.15375,4.1585,-1.2677,-1.9839,-0.22368,11.16,-0.31214,0.14159,0.60702,3.8652,1.6206,-1.9572,-0.87633,2.3217,-0.083489,-2.1858,5.1243,-1.3826,-0.31194,-9.4261,-0.5434,0.144
-1.0044,0.85432,-2.0088e-05,-4.119,-1.8927,0.48338,2.9742,1.2067,-1.2853,6.1899,5.8168,0.76397,-1.2006,6.4925,-1.8789,-8.0949,5.4462,6.5383,0.48501,-3.7391,6.1447,-2.877,1.815,-0.89798,9.6988,-2.9313,-2.3059,-1.3755,0.67136,3.3224,3.8976,1.2182,-0.89266,0.49905,1.0835,-2.1782,0.18906,0.47238,-10.385,-3.6176,0.43382,0.049481,4.6846,-9.3079,-3.5409,-0.41237,2.8501,1.2623,0.47406,-0.31657,1.2465,-2.7974,0.18803,-2.2225,9.2741,4.6904,-0.59653,-0.84015,-3.4399,4.311,-2.0828,-8.7852,-0.68251,-0.7616,-3.0307,-1.0658,-0.16013,1.3757,-0.70931,-0.8592,0.76806,-0.36055,4.9772,-3.9274,-1.6728,-2.6077,1.3997,-2.3626,0.33788,4.379,-1.1766,-1.8562,-0.60494,11.082,-0.50059,-0.27298,0.50796,3.4888,1.4851,-1.8059,-1.0453,2.3336,0.10702,-2.096,5.1358,-1.5284,-0.4444,-9.4028,-0.26003,0.13353
-0.61482,0.68116,-0.050415,-4.4377,-1.7679,0.62573,3.0839,0.94168,-1.6036,5.8323,5.8962,0.34843,-1.312,6.4533,-1.6708,-8.0906,5.2769,6.9256,0.67482,-3.342,6.1977,-2.698,2.1662,-0.41411,9.8299,-3.1336,-2.0495,-1.2682,1.0215,3.6659,3.828,1.4156,-0.79806,0.3852,1.2025,-2.4223,0.6534,0.34843,-10.698,-3.6571,0.43997,0.040097,4.7336,-9.0551,-3.5067,-0.34474,3.056,1.3742,0.4528,0.0084832,1.3626,-2.3647,0.31476,-1.8618,9.3616,4.5147,-0.27712,-0.61689,-3.4288,4.1393,-1.7874,-8.7527,-0.63618,-0.51677,-3.0871,-1.1679,0.25098,1.2494,-0.97596,-0.94025,0.7167,-0.41634,4.591,-3.5376,-1.3588,-2.766,1.4066,-2.0768,-0.01329,4.2655,-1.1496,-1.7463,-0.23937,10.915,-0.46734,-0.11986,0.79525,3.6752,1.6702,-1.9521,-1.1898,2.3087,0.21489,-2.0513,5.1227,-1.8502,-0.041809,-9.1054,0.02692,0.46505
-0.62751,0.95567,0.40668,-4.7615,-1.445,0.5361,2.8815,1.0202,-1.9772,5.9644,5.8659,0.40971,-1.1926,6.4488,-1.5038,-8.5309,5.3428,6.9474,0.79156,-3.4607,6.3121,-2.3654,1.9045,-0.63886,10.281,-3.1853,-2.1915,-1.4922,1.1208,3.7413,4.0425,1.5683,-1.066,0.26377,0.9727,-2.0119,0.78401,0.67938,-10.557,-4.0036,0.70243,0.28553,4.5727,-8.9673,-3.5171,-0.45072,2.7771,1.4051,0.37076,-0.26713,1.4362,-2.154,0.33543,-1.4264,8.9766,4.4773,-0.089978,-0.80281,-3.16,4.0474,-2.217,-8.7445,-0.62198,-0.86125,-3.0261,-1.1947,0.094614,1.279,-1.2904,-0.67899,0.46061,-0.81485,4.5505,-3.5576,-1.0572,-2.6752,1.7274,-1.6648,0.040702,4.127,-1.4499,-1.7104,-0.50652,11.105,-0.85172,-0.14513,0.72563,3.5791,1.7019,-1.6486,-1.6368,2.0711,0.36583,-1.9759,5.0558,-2.0301,-0.25772,-9.1883,-0.26985,0.46045
-0.53118,0.82963,0.58588,-4.6429,-1.3364,0.49747,2.9248,1.3164,-1.8813,5.8177,6.0798,0.65996,-0.98822,6.1781,-1.6129,-8.3016,5.0873,7.0758,0.99107,-3.3406,6.2286,-2.0332,1.822,-0.98895,10.503,-3.411,-2.5645,-1.37,1.4215,3.7501,4.1761,1.8902,-1.1137,0.12855,1.1394,-1.5752,1.0035,0.62874,-10.434,-3.963,0.76949,0.33315,4.6955,-8.7533,-3.7464,-0.6867,3.0074,1.3337,0.29913,-0.34012,1.0293,-2.4512,0.37633,-1.3395,8.9073,4.6868,0.20943,-0.96861,-3.2085,4.0782,-1.9012,-8.7439,-0.75426,-0.73442,-3.2039,-1.6519,0.24638,1.3489,-1.3974,-0.82031,0.10862,-0.63201,4.6093,-3.3771,-1.3798,-2.4722,1.6608,-1.6828,0.31449,3.8446,-1.3117,-1.353,-0.16191,11.268,-1.187,-0.071952,0.89704,3.7694,1.9141,-1.8221,-1.8583,1.8602,0.36652,-2.307,5.1984,-2.0445,-0.15783,-9.0909,-0.31515,0.88107
-0.19772,1.0192,0.43879,-4.1984,-1.2899,0.64148,2.8454,1.4609,-1.6756,5.5629,5.8396,0.84464,-0.78086,6.0822,-1.674,-8.2952,5.3973,6.8346,0.7397,-3.3775,5.9796,-1.8021,1.5141,-0.9048,10.544,-3.4036,-2.7197,-1.0828,1.4837,3.4951,4.4075,1.6179,-1.2786,-0.071516,1.2366,-1.3069,0.9868,0.54891,-10.489,-3.9791,0.8398,0.4292,4.6736,-8.9577,-3.883,-0.73739,2.8889,0.96289,0.32678,-0.22406,1.2532,-2.0009,-0.18127,-1.4488,8.4679,4.8898,0.36433,-1.0122,-3.3404,4.533,-2.1477,-9.093,-0.91993,-0.72302,-3.1287,-1.612,0.64224,1.1701,-1.5218,-0.63898,0.40298,-0.62102,4.5906,-3.4696,-1.6717,-2.2961,1.6663,-1.7257,0.24329,3.5875,-1.5897,-0.91285,-0.30527,11.577,-0.7963,-0.052099,1.2381,3.5089,1.5441,-1.5438,-1.6323,2.0808,0.30662,-2.3967,5.3592,-1.909,-0.19841,-8.8832,-0.28271,0.66286
-0.13496,1.1681,0.31938,-4.3504,-1.0059,0.76247,2.6645,1.7695,-1.8164,5.6265,5.7475,1.094,-0.73988,5.892,-2.027,-8.5513,5.6019,6.6619,0.67851,-3.7548,6.3737,-1.8608,1.8704,-0.68481,10.805,-3.6354,-2.6309,-1.2467,1.6038,3.8658,4.3199,1.6374,-1.0133,-0.3066,1.5918,-1.4115,1.0904,0.50149,-10.621,-3.7573,0.82744,0.4042,4.4357,-9.1878,-4.0157,-0.66638,2.8026,1.4067,0.32185,-0.070737,0.73529,-2.11,-0.66003,-1.1888,8.4603,5.0227,0.65424,-1.2315,-3.2749,4.8078,-2.3803,-9.3557,-0.52024,-0.72503,-3.2895,-1.5216,0.44749,1.2469,-1.3242,-0.56573,0.48326,-0.76231,4.7651,-3.2986,-1.8318,-1.9067,1.5092,-1.3589,0.19084,3.6167,-1.6016,-0.85362,-0.5324,11.249,-1.0435,-0.11371,0.95346,3.276,1.559,-1.4039,-1.6436,2.1116,0.4364,-2.5327,5.3467,-1.8263,-0.14299,-8.9907,-0.12436,0.66209
0.088871,1.1021,-0.094187,-4.0422,-1.0293,0.84064,2.7284,1.6203,-2.1255,5.5525,6.1411,0.87296,-0.651,6.0947,-2.2151,-8.6368,5.1682,6.5721,0.75203,-3.912,6.2145,-2.2911,1.9863,-0.27344,11.171,-3.1655,-2.3519,-1.3988,1.8458,4.0248,4.3828,1.8135,-0.95344,-0.32391,1.3723,-1.5732,0.91013,0.45183,-10.271,-3.5419,1.2635,0.21838,4.7095,-9.3891,-3.6973,-0.73214,2.7631,1.6542,0.0096785,0.016508,0.3456,-2.3408,-0.76561,-0.81197,8.6559,5.0709,0.98506,-1.2748,-3.1924,4.631,-2.8138,-9.6562,-0.49305,-0.65707,-3.3218,-1.365,0.51815,1.2877,-1.6339,-0.23147,0.67994,-0.88066,5.0259,-3.4977,-1.8116,-1.9981,1.3453,-1.307,0.019635,3.298,-1.273,-0.78392,-0.85902,11.615,-1.1229,0.34123,0.9759,3.6578,1.9551,-1.1195,-1.6724,2.1383,0.90725,-2.7048,5.0273,-1.4376,-0.20031,-8.9199,-0.018808,0.85633
-0.34003,0.68008,0.30499,-3.8726,-0.80613,1.2844,2.8182,1.6314,-1.8332,5.2832,5.7854,0.85759,-0.72427,6.1784,-2.2241,-8.9088,5.4777,6.3339,0.65942,-3.9101,6.0178,-2.3732,1.9195,-0.37854,11.244,-3.0891,-2.5721,-1.2328,1.8994,3.7433,4.6843,1.8822,-0.56541,-0.71837,1.4852,-1.3841,0.73226,0.51362,-9.8912,-3.6766,1.3058,0.4223,4.8221,-9.1505,-3.3025,-1.0318,3.1045,1.963,0.022251,0.25416,0.48867,-2.4919,-0.76718,-1.1379,8.3581,5.0432,0.91218,-1.2687,-3.1693,4.6288,-2.5771,-9.8534,-0.16631,-0.32263,-3.541,-1.3673,0.45053,1.2509,-1.2619,-0.54548,0.70883,-1.1572,4.6841,-3.474,-1.7095,-2.3368,1.3447,-1.2225,0.35137,3.132,-1.2658,-0.92122,-0.95656,11.582,-1.1882,0.17306,0.99105,3.5813,1.9686,-0.94511,-1.7827,1.8899,1.253,-2.7781,5.0041,-1.547,-0.13938,-9.3633,0.38868,0.95375
-0.85203,0.56946,-0.019068,-3.857,-0.75487,0.89436,2.8719,1.8892,-1.742,5.0937,5.7279,0.67161,-0.84122,5.8066,-2.5255,-9.0487,5.4393,5.9678,0.62311,-3.8114,5.8174,-2.7563,1.5647,-0.37194,11.37,-2.8838,-2.4345,-1.1288,1.9364,3.4537,4.8876,2.1501,-0.7846,-0.81581,1.3843,-1.4462,0.94797,0.5103,-9.7167,-3.5841,1.2182,0.063125,5.2054,-9.1252,-3.3392,-1.0792,3.3026,1.8337,0.054954,0.71151,0.36025,-2.8021,-0.91908,-1.0705,8.5731,5.3475,0.79151,-1.2154,-3.2769,4.5351,-2.3132,-10.182,-0.23587,-0.075435,-3.5341,-1.9366,0.38372,1.3648,-1.0737,-0.70635,0.69661,-1.3058,4.7264,-2.9808,-1.6168,-2.2102,1.6516,-1.1094,0.13966,3.2094,-1.3949,-0.41122,-0.81618,11.635,-1.5253,0.1861,1.2816,3.3759,1.5622,-1.0147,-2.0267,2.1568,0.8963,-2.3723,5.0908,-1.2012,0.098276,-9.3979,0.55652,0.97511
-0.62154,0.73971,-0.082617,-3.8079,-0.71659,0.69431,3.01,1.9823,-1.5021,5.2695,6.1509,0.75151,-0.76173,5.6453,-2.4127,-9.123,5.0552,5.4298,0.33779,-3.4055,5.6947,-2.5223,1.4947,-0.33478,11.622,-2.8915,-2.1783,-0.90028,1.8826,3.3563,5.4097,2.2981,-0.56966,-0.93988,1.1656,-1.5447,0.62228,0.27517,-9.8295,-3.3014,1.1493,-0.26506,5.2457,-9.0968,-3.0007,-1.496,3.0818,1.4104,0.19655,0.34509,0.57671,-2.7646,-1.3152,-0.96267,8.5159,5.351,0.84493,-1.3824,-3.0712,4.3475,-2.3701,-9.9711,0.1116,0.19622,-3.4425,-2.4663,0.39471,1.3674,-1.1792,-0.80163,0.70687,-1.3359,4.7996,-2.7525,-1.9912,-2.4412,1.2602,-1.3506,0.2604,3.0761,-1.4874,0.018518,-1.0972,11.682,-1.4574,0.19959,1.0685,3.4667,1.636,-0.89405,-2.276,2.2039,0.81175,-2.4106,4.9763,-0.94054,-0.10117,-9.2151,0.25891,1.138
-0.63648,0.39295,0.1417,-3.6626,-0.81699,0.63516,3.053,1.9697,-1.2557,5.2635,6.3157,0.64487,-1.1893,5.985,-2.0891,-9.2117,5.0079,5.31,0.29344,-3.3069,5.5548,-2.5498,1.7836,-0.62992,11.626,-2.8658,-1.928,-0.9114,2.0385,3.5862,5.4521,2.3789,-0.25101,-0.78369,1.1241,-1.7187,0.57948,0.67467,-9.4629,-3.1013,0.93319,-0.015688,5.3783,-9.0363,-2.8082,-1.5034,2.9681,1.3089,-0.1391,0.38068,0.60435,-3.0049,-1.3459,-0.91718,8.4264,5.2214,0.41433,-1.5211,-2.811,4.3789,-2.6876,-10.33,0.13563,0.24679,-3.5419,-2.2213,0.03142,1.3666,-1.0461,-0.94512,0.29571,-1.5952,5.0719,-2.8566,-2.2189,-2.158,0.82486,-1.5506,0.33911,2.6489,-1.4067,-0.23255,-1.0742,11.842,-1.3835,0.10075,1.4607,3.2825,1.7194,-0.72427,-2.1879,2.2284,0.76277,-1.9857,4.8469,-0.86295,-0.04121,-9.0052,0.26398,0.99621
-0.50299,0.79262,0.24267,-3.3401,-0.84783,0.52346,3.2593,2.0067,-1.2876,5.1659,6.2244,0.17383,-0.89653,6.2454,-1.7026,-9.2045,5.2728,5.0383,0.15736,-3.6904,5.2917,-2.7412,1.9515,-0.16128,11.719,-2.6041,-1.8486,-1.0751,2.0615,3.828,5.1131,2.4592,0.20684,-0.64752,1.1751,-1.7653,0.56862,0.4264,-9.4608,-3.0292,1.1189,-0.011627,5.6258,-9.0335,-2.7584,-1.4922,2.6603,0.95182,-0.1779,0.28286,0.72862,-2.5256,-1.3325,-1.0809,7.9456,5.4916,0.75004,-1.6312,-2.7313,4.451,-2.6322,-10.264,0.21889,0.68595,-3.4508,-2.3443,0.034901,1.463,-1.1146,-0.72339,0.47429,-1.5932,5.3828,-3.0331,-2.3778,-1.8606,0.75093,-1.3694,0.22116,2.4666,-1.3318,-0.43112,-1.0946,12.077,-1.6326,0.19327,1.7097,3.4066,1.424,-0.70463,-1.885,1.8583,1.1841,-2.1096,5.328,-1.0732,0.11232,-8.986,0.34289,1.281
-0.44768,0.64169,0.31109,-3.6991,-1.3296,0.77085,3.2999,2.1621,-1.2684,4.7204,6.3381,0.14437,-0.95066,6.4741,-1.2148,-9.1885,5.4449,4.5904,-0.19102,-3.9672,5.2556,-3.0197,2.2914,-0.39164,11.707,-2.9517,-2.1318,-1.3327,2.0715,3.5952,5.1135,2.8653,0.092113,-0.37328,1.0452,-1.4013,0.43425,0.55372,-9.4176,-3.1849,1.2248,0.10864,5.2865,-8.7104,-2.7418,-1.6179,2.3755,1.1012,-0.39542,0.13266,1.132,-2.1212,-1.2901,-1.2617,8.2646,5.8358,0.40195,-1.5438,-2.6026,4.7877,-2.5956,-10.362,0.32284,0.69307,-3.3964,-2.2653,-0.26481,1.4539,-1.1812,-0.93857,0.16386,-1.7485,5.5603,-3.1391,-2.0698,-1.8273,0.76441,-1.147,0.058586,1.9703,-1.5236,-0.40423,-0.97077,11.737,-1.4897,-0.1165,1.8588,3.4572,1.5907,-1.1172,-2.0019,1.9351,1.5639,-2.0097,5.7834,-1.0786,0.11741,-8.9562,0.33916,0.81056
-0.34739,0.69146,-0.023069,-3.6344,-1.4457,1.0422,3.6035,2.6225,-1.1172,4.6709,6.302,0.041954,-0.88447,6.2446,-1.1037,-9.3549,5.5827,4.805,-0.33832,-4.285,4.8611,-3.2104,2.6037,-0.17475,11.82,-2.9117,-2.4526,-1.5551,1.7314,3.5702,5.1657,2.9635,0.019078,-0.60293,1.0153,-1.4221,0.50852,0.66902,-8.969,-3.1931,1.6886,0.071568,5.3965,-8.5406,-2.7856,-1.8202,2.3039,1.4313,-0.60261,0.21902,0.88294,-1.9744,-1.4064,-1.4754,8.1217,5.733,0.62629,-1.4208,-2.472,4.5903,-2.3901,-10.651,0.58408,0.84167,-3.2282,-2.4341,-0.14285,0.93413,-1.1691,-0.93315,0.3368,-1.7242,5.5961,-2.8331,-1.679,-1.6777,1.1148,-1.2999,-0.17122,1.8489,-1.1831,-0.29586,-1.0181,11.854,-1.5329,-0.14374,1.6911,3.677,1.7221,-1.2637,-2.2131,1.9499,1.3528,-1.5162,5.6327,-1.1022,0.20189,-9.0075,0.23452,0.60828
0.13156,0.64683,-0.15489,-3.7565,-1.5665,1.0681,3.4779,2.4618,-0.99929,4.6308,6.4313,-0.12839,-0.88914,6.2398,-0.9771,-9.3995,5.9418,5.0293,0.05676,-4.1172,4.5106,-3.0789,2.7394,0.037724,11.815,-2.5063,-2.169,-1.8155,1.8287,3.645,5.5555,2.8709,0.46267,-0.4408,1.4287,-1.0094,0.16154,0.55513,-9.1727,-3.4342,1.8352,0.51808,5.4451,-8.6792,-2.7673,-1.8709,2.2933,1.3378,-0.69616,0.043092,0.7069,-1.7912,-1.4497,-1.2159,8.48,6.1443,0.52789,-1.1189,-2.6227,4.6028,-2.132,-10.233,0.69386,1.1069,-3.0148,-2.9538,-0.17406,0.61451,-1.1213,-0.96496,0.59027,-1.5199,5.4284,-2.4129,-1.5034,-1.4454,1.1864,-1.1859,-0.23553,1.626,-1.3616,-0.25486,-0.82447,11.896,-1.2629,-0.3409,1.8044,3.6893,1.4729,-1.2435,-2.1409,1.6105,1.2328,-1.704,5.697,-1.2351,0.078657,-9.1018,0.032825,0.74106
-0.29034,0.3713,-0.033052,-3.3483,-1.7181,0.98697,3.6349,2.7173,-1.1485,4.8606,6.5832,-0.31936,-1.0454,6.2603,-0.83335,-9.5951,5.7974,4.92,-0.3385,-3.8334,4.2476,-3.1338,2.6801,0.0010154,12.163,-2.4976,-2.2383,-1.8822,1.7453,3.6256,5.6066,3.1812,0.86823,-0.48177,1.3174,-0.56966,0.079707,0.66121,-8.7956,-3.5485,1.7456,0.42155,5.2114,-9.1521,-2.4706,-1.6584,2.1105,1.3789,-0.97997,0.28228,0.58229,-1.7848,-1.232,-1.0738,8.528,6.0589,0.68625,-1.0375,-2.7897,4.731,-2.0623,-10.317,0.79082,1.1885,-3.1283,-2.8439,-0.12078,0.46933,-0.9882,-0.81461,0.53528,-1.1199,5.5611,-2.0593,-1.0368,-1.258,1.3003,-1.2286,-0.0025873,1.5568,-1.5081,-0.3248,-0.84667,11.894,-1.2985,-0.53703,1.8327,3.5582,1.2427,-1.2039,-2.1245,1.7689,1.0469,-1.6534,6.1795,-0.90746,0.18435,-9.1275,-0.12124,1.0023
0.027341,0.79379,0.25759,-3.1542,-1.3827,1.2055,3.0686,3.2063,-0.97401,4.4981,6.4025,-0.29584,-0.93305,6.2865,-0.74727,-9.5081,5.4666,4.6668,0.024391,-3.9642,3.8696,-3.0404,2.5162,0.18891,11.752,-2.6942,-2.317,-2.0545,1.7986,3.3325,5.5194,3.0444,1.0565,-0.95576,1.048,-0.74239,-0.30454,0.9584,-9.0463,-3.7302,1.626,0.27456,5.1032,-9.2898,-2.3448,-1.7851,1.8722,1.7211,-0.72648,0.22297,0.48632,-1.3901,-0.83011,-1.1831,8.7425,5.6778,0.76824,-0.55091,-3.1061,4.2938,-2.2374,-10.528,0.68148,1.0106,-2.7391,-3.2573,0.016753,0.16171,-0.9206,-1.1896,0.077763,-1.1637,5.4817,-2.3346,-1.3782,-1.3595,1.1572,-0.94422,-0.25119,1.4601,-1.6347,-0.033642,-0.95085,12.016,-1.5212,-0.57579,2.1184,3.716,0.82533,-1.2332,-2.3537,1.6601,1.0956,-1.2937,5.8827,-1.2944,0.56326,-8.9031,-0.17178,0.71445
0.23838,0.96521,0.49515,-3.13,-1.6065,0.99818,2.569,3.5532,-0.59561,4.1747,6.3522,-0.73857,-1.5024,6.1548,-0.46684,-9.5109,5.4508,4.8143,-0.084274,-4.1096,4.1641,-2.8365,2.9797,0.029672,11.351,-3.0886,-2.8357,-1.9867,1.6714,3.8024,5.8775,3.4935,1.3093,-0.69072,0.75005,-0.45917,-0.3484,0.57097,-9.0959,-3.6605,1.8972,0.46494,5.0823,-9.5357,-2.3657,-2.0094,1.6038,1.8359,-0.49653,0.4602,0.45647,-1.2088,-0.81104,-1.2587,9.0792,6.1052,0.54995,-0.47147,-3.0336,4.2871,-2.653,-10.264,0.61777,1.2712,-2.7654,-3.4245,-0.14902,0.12697,-1.0707,-1.3524,0.10925,-1.0389,5.3025,-1.8503,-1.0335,-1.5787,1.1802,-1.1332,-0.2856,1.3532,-1.7603,0.061109,-0.72897,11.929,-1.5669,-0.62524,2.2432,3.8335,0.62143,-1.0575,-2.6065,1.4103,1.4332,-1.1262,5.8823,-1.3579,0.78485,-9.0251,0.04215,0.2424
0.51811,1.2592,0.49373,-3.2871,-1.5104,0.98811,2.7435,3.6802,-0.66195,3.9672,6.5747,-0.91948,-1.5772,5.9007,-0.53289,-9.3748,5.5466,4.8654,-0.29153,-4.2225,4.0334,-3.0517,2.6,0.077477,11.518,-3.2423,-3.0028,-2.2953,2.2194,4.1092,5.8333,3.785,1.4885,-0.63829,0.58557,-0.047806,-0.71554,0.24233,-9.2545,-3.3395,1.8659,0.08906,5.3064,-9.6253,-2.2458,-1.8934,1.757,2.0163,-0.6454,0.5178,0.42929,-1.3452,-0.97095,-0.74037,8.862,6.3182,0.8528,-0.56165,-2.9598,4.3224,-2.7457,-10.163,0.92502,1.1594,-2.4362,-3.8513,-0.1421,0.19043,-1.0588,-1.1843,0.38437,-0.86283,5.253,-1.6141,-1.1326,-1.2822,1.3237,-0.84631,-0.1302,0.93547,-1.921,0.16493,-1.0722,12.293,-1.6631,-0.89241,1.8614,4.0269,0.13326,-1.414,-2.3247,1.2351,1.579,-0.82572,5.8887,-1.4936,1.1921,-9.4219,-0.23988,0.14577
0.1586,0.86934,0.59674,-3.2199,-1.1809,0.61583,2.2656,4.1421,-0.65543,3.5569,6.1989,-1.1551,-1.7703,5.8544,-0.74565,-9.0037,5.4897,4.687,-0.28097,-4.1839,3.852,-2.9682,2.969,0.31431,11.761,-3.461,-2.6613,-2.2971,2.3101,4.3405,6.0178,3.9318,1.4775,-0.26561,0.62673,0.41728,-0.30207,0.13414,-9.4878,-3.6698,1.7948,0.3657,5.4179,-9.3383,-2.0343,-1.8257,1.7025,2.1187,-0.62593,0.78011,0.47039,-1.3858,-1.2758,-0.33458,9.0514,6.5529,0.69362,-0.14259,-3.0791,4.2459,-2.6042,-10.108,0.58329,1.3983,-1.9941,-3.8396,-0.00663,-0.018129,-0.70551,-1.5178,0.55854,-0.64775,4.9335,-1.4795,-0.74682,-1.2174,1.3652,-0.90568,-0.3799,0.81604,-2.19,0.63255,-1.3397,12.11,-1.9887,-0.59948,2.2329,4.0763,-0.080086,-1.6129,-2.4771,1.1934,1.8538,-0.54333,5.8148,-1.9179,1.558,-9.5386,-0.2343,0.062084
0.20125,0.83804,0.70408,-3.416,-1.34,0.62585,2.0806,4.0685,-0.58201,3.2963,6.0724,-1.0219,-1.8035,5.986,-0.61476,-9.0937,5.3464,4.5788,-0.57091,-3.8032,3.2618,-2.8866,2.961,0.42514,11.374,-3.6218,-3.1029,-2.1537,2.9157,4.8017,6.1187,3.8191,1.5038,-0.2707,0.71494,0.7121,-0.076091,0.334,-9.4845,-3.3617,1.5385,0.021041,5.5808,-9.231,-2.1956,-2.0451,1.5428,2.1186,-0.95128,0.76807,0.36877,-1.3452,-1.3082,-0.44815,8.7011,6.3245,0.69571,0.043088,-3.1025,4.4893,-2.8765,-9.6781,0.61491,1.1401,-1.9503,-4.0972,-0.054202,-0.037517,-0.73658,-1.5336,0.23298,-0.32261,4.9626,-1.2959,-0.69358,-1.0726,1.5693,-0.97732,-0.5913,0.26427,-2.182,0.85444,-1.5281,12.166,-2.1821,-0.18733,2.6023,3.7488,-0.21409,-1.3114,-2.6321,1.4904,2.0642,-0.2594,5.8125,-2.2697,1.6591,-9.2733,-0.029928,-0.21913
0.26531,0.90238,0.68282,-3.3756,-1.8684,0.21086,1.9863,3.9782,-0.58971,3.0872,6.0616,-1.1589,-1.8913,6.0333,-0.49096,-9.2539,5.1572,4.5323,-0.44697,-3.6352,3.415,-2.7573,3.0081,0.25074,11.24,-3.9392,-2.9676,-2.0944,3.0944,5.1379,5.8183,3.7521,1.9127,-0.60527,0.34837,0.49429,0.17742,0.4084,-9.1903,-3.3635,1.7425,0.013944,5.5074,-9.2563,-2.2695,-2.0449,1.4134,1.9709,-0.93282,0.54,0.15705,-1.2783,-1.1332,-0.363,8.6525,6.1427,0.91973,0.15416,-2.978,4.7273,-2.6676,-9.778,0.78884,1.3064,-1.867,-4.1621,-0.12515,0.049781,-0.74617,-1.7744,0.18313,-0.42902,4.8569,-1.3807,-0.696,-1.3319,1.5539,-0.9238,-0.53275,0.20831,-2.1886,0.60349,-1.0811,12.226,-2.3461,0.0053151,2.878,3.5713,-0.21865,-1.3258,-2.9852,1.8601,2.1746,-0.18399,5.7513,-2.4691,1.586,-9.7301,0.012856,-0.13423
0.47136,0.82326,0.62793,-3.4942,-1.512,0.19227,1.8714,3.6569,-0.94435,2.6934,6.073,-1.2939,-1.8069,5.9795,-0.60311,-9.3588,5.3462,4.2663,-0.67984,-3.5631,3.1887,-2.4898,3.2,-0.067055,11.333,-4.289,-3.279,-1.8482,3.2309,4.8234,5.801,3.7289,2.0571,-0.3378,0.23158,0.47842,0.44789,0.17068,-8.998,-3.2549,1.6929,0.16927,5.3695,-9.0597,-2.2304,-1.8602,1.1037,1.877,-1.048,0.14429,-0.088534,-0.77431,-0.92783,-0.27398,8.7979,5.8349,1.1069,0.046919,-2.9395,4.4086,-2.8133,-9.8762,0.60786,1.3772,-1.3416,-3.8355,-0.4278,0.22689,-0.57673,-1.6588,0.17325,-0.046912,5.0528,-1.1937,-0.63961,-1.7212,1.4232,-0.72609,-0.45032,0.14609,-2.4219,0.62813,-0.7616,12.452,-2.3955,-0.083076,3.0503,3.6435,-0.19247,-1.3205,-2.8283,2.0432,2.4482,-0.29182,5.7691,-2.3289,1.5176,-9.6451,0.20292,0.11032
0.54135,0.49077,0.74001,-3.4191,-1.5646,-0.17214,1.5245,4.1373,-0.90164,2.8156,6.2671,-0.94763,-1.4963,5.6847,-0.51964,-9.2044,5.4721,3.841,-0.45413,-3.3533,3.0021,-2.6832,3.1187,0.22495,10.892,-4.3959,-3.4537,-1.6176,3.4197,4.8469,5.3905,3.6395,2.0204,-0.39835,-0.016089,0.71094,0.080246,0.17325,-8.7463,-3.0036,1.5081,0.22586,5.6194,-8.9194,-2.2685,-2.29,0.65011,2.0173,-1.0094,0.45191,-0.18648,-0.31016,-1.2745,-0.37167,8.6993,5.6641,1.2334,0.10776,-2.8951,4.1372,-2.4194,-9.8381,0.28473,1.1283,-0.78458,-3.6274,-0.072119,0.48994,-0.57511,-1.4444,0.40533,0.20424,5.0533,-0.94559,-0.7391,-1.3872,1.4432,-0.77353,-0.88915,0.45923,-2.5678,0.74142,-1.01,12.355,-2.376,-0.17371,3.3223,3.4213,-0.02677,-1.3152,-2.8275,2.2248,2.584,-0.1378,5.7389,-2.0341,1.7549,-9.5494,0.23449,-0.07193
0.51559,0.13675,0.80912,-3.7979,-1.5617,-0.032871,1.6673,4.5459,-0.93543,2.8001,6.1323,-1.1502,-1.5524,5.8497,-0.50041,-9.2842,5.4979,3.9078,-0.27244,-3.3072,2.8354,-2.2947,3.3661,0.3183,10.525,-4.2089,-3.4184,-1.3323,3.8875,4.6814,5.7187,3.6535,1.8753,-0.7001,-0.12785,0.9261,0.31305,0.10714,-8.688,-2.6354,1.4281,-0.12388,5.6528,-8.6372,-2.2355,-2.3039,0.74439,2.0031,-1.2028,0.74467,0.25938,-0.50374,-1.3338,-0.24453,8.5129,5.6036,1.2144,-0.044078,-2.357,4.1447,-2.3392,-10.055,0.018093,1.5288,-0.77508,-3.3492,0.066168,0.35585,-0.92146,-1.6996,0.42477,0.41988,5.1302,-1.1468,-0.41712,-1.3753,1.333,-0.783,-1.1193,0.30196,-2.5332,0.90058,-0.95379,12.124,-2.7927,-0.082502,3.1553,3.2211,-0.42376,-1.2905,-2.5599,2.0315,2.2199,0.23489,5.9579,-2.0679,1.6954,-9.2556,0.60871,-0.17697
0.11198,0.53866,0.79255,-3.3954,-1.915,-0.21147,1.8498,4.4057,-0.9482,2.5904,6.467,-0.84911,-1.7159,5.4052,-0.89652,-9.0977,5.625,3.7462,-0.32473,-3.5576,2.7411,-2.5282,3.7766,0.36892,10.76,-4.102,-3.6862,-1.0253,3.8103,4.7013,6.0945,3.9106,1.669,-0.61441,-0.10216,1.0386,0.37413,-0.23491,-8.2869,-2.4641,1.7422,0.21301,5.8311,-8.33,-1.9551,-2.369,0.99403,1.8526,-1.1001,0.9324,0.26616,-0.36315,-1.1983,-0.27971,8.0862,5.2466,1.1454,-0.16818,-1.9781,4.3681,-2.05,-10.036,-0.33255,1.5225,-0.44905,-2.9355,-0.020364,0.11829,-0.82426,-1.4077,0.69019,0.4442,5.5395,-1.3458,-0.29425,-1.4536,1.2681,-1.1107,-0.80831,-0.089931,-2.4509,1.0031,-1.0207,12.166,-3.031,0.058853,3.581,2.8644,-0.29327,-1.1527,-2.4802,1.7019,2.0458,-0.086432,6.2952,-1.7124,1.5932,-9.0161,0.45537,-0.17455
-0.036077,0.6027,0.84108,-3.5689,-1.9173,-0.039023,1.5803,4.3773,-1.0691,2.7257,6.1422,-0.9694,-1.9464,5.4912,-0.72656,-9.1289,5.9219,3.51,-0.22801,-3.9226,2.4991,-2.5669,4.0202,0.48246,10.735,-4.0971,-3.9048,-0.71399,3.8437,4.8583,6.1972,3.9529,1.7447,-0.84392,-0.277,0.91267,0.17727,-0.22964,-7.9735,-2.5254,1.6812,0.23691,5.9751,-8.3667,-2.0533,-2.8231,0.87449,1.7957,-1.2321,1.2274,0.1671,-0.4964,-1.5669,-0.33114,7.9125,4.7818,0.81739,-0.24834,-1.5831,4.1042,-2.1095,-10.004,-0.31512,1.3662,-0.12458,-2.9172,-0.027557,0.035794,-0.68474,-1.0128,0.29684,0.094839,5.3543,-1.3981,-0.41342,-1.7956,1.4994,-1.513,-0.72388,-0.43979,-2.5057,1.1327,-1.3873,12.428,-3.3387,0.061907,3.9184,3.0074,-0.53276,-1.1997,-2.7234,1.396,1.8401,-0.14756,6.5804,-1.4707,1.5307,-9.0548,0.50622,-0.23642
-0.0070998,0.63427,0.99195,-3.2473,-2.2299,0.22378,1.2816,3.9865,-1.3306,2.51,6.5606,-1.2666,-1.7934,5.7039,-0.73123,-8.6804,5.8764,3.0708,-0.058874,-4.1047,2.4101,-2.8569,3.9865,0.78213,10.434,-4.4481,-3.8332,-0.64802,3.5929,5.3951,6.0775,4.3434,1.4382,-0.70647,-0.067921,1.0693,0.19449,0.090284,-7.938,-2.9171,1.2681,0.44297,5.9261,-8.4574,-1.9858,-2.5393,1.1052,1.6743,-1.6179,1.156,0.12826,-0.18015,-1.9852,-0.34087,8.0767,4.9123,0.67082,-0.022859,-2.0092,4.2673,-1.6903,-10.251,-0.065313,1.518,0.29241,-2.8529,-0.026629,-0.10301,-0.56654,-1.0314,0.51478,0.54258,5.114,-1.1199,-0.44682,-1.8137,1.2516,-1.6469,-0.38452,-0.4777,-2.8057,1.3862,-1.222,11.984,-3.3724,0.214,3.4484,2.9961,-0.7994,-1.63,-2.6863,1.1963,1.6757,-0.2579,6.6262,-1.5985,1.0889,-8.907,0.20379,-0.13245
0.095517,0.41876,0.77425,-3.0089,-2.1964,-0.028007,0.92248,4.0505,-1.0754,2.649,6.2724,-1.5307,-2.0615,5.9686,-0.82338,-8.2874,5.8306,3.1901,0.17003,-4,1.7668,-2.9401,3.8224,0.60556,9.9844,-4.3858,-3.6621,-0.6466,3.667,5.5892,6.2303,4.4739,1.4413,-0.83849,0.077995,1.1585,0.54003,0.16492,-7.8735,-2.5598,1.5065,0.36732,5.8615,-8.3544,-2.1175,-2.4927,0.92289,1.9917,-1.8237,0.67971,0.1349,0.1056,-2.2153,-0.11005,7.9705,4.7664,0.4955,0.094991,-2.0592,4.6195,-1.5557,-10.396,0.16556,1.1754,0.40739,-2.9922,-0.13934,-0.041079,-0.43482,-0.70542,0.37825,0.74623,5.3284,-1.475,-0.052602,-2.048,1.2498,-1.379,-0.82655,-0.52544,-2.776,1.3393,-1.1418,11.977,-3.6114,0.59289,3.5597,2.6726,-0.51108,-1.556,-2.4793,0.93903,1.5139,-0.41888,6.5877,-1.565,1.1923,-9.2087,0.66878,-0.42006
0.31111,0.64969,0.78573,-2.9218,-2.2183,0.29547,0.89171,3.686,-1.024,2.9022,6.3529,-1.5563,-2.0039,5.6504,-0.80255,-8.3282,5.7984,2.8579,-0.24805,-3.9504,1.8534,-2.5853,3.8365,0.48478,9.9688,-4.4374,-3.5687,-0.3951,3.8744,5.781,6.3135,4.728,1.4782,-1.1193,-0.082133,1.5431,0.16854,0.078747,-7.9275,-2.4148,1.4966,0.3855,5.8902,-8.1942,-1.7295,-2.6503,0.71866,1.9667,-1.782,0.36775,0.26312,0.36164,-2.2401,-0.21156,8.206,5.0403,0.51592,0.41301,-2.1327,4.4311,-1.5437,-10.515,0.29929,0.78849,0.46285,-2.8876,-0.206,-0.31248,-0.46429,-0.9404,0.76179,0.58132,5.0771,-1.2429,-0.20883,-1.8244,0.83766,-1.3002,-0.9045,-0.50824,-3.0185,1.1733,-1.4075,12.009,-3.7601,0.59997,3.5884,2.391,-0.52264,-1.31,-2.3405,0.90625,1.3906,-0.34038,6.3174,-1.6693,0.79764,-9.1914,0.84431,-0.6841
0.39965,0.21748,1.2516,-2.5609,-2.4628,0.31481,0.89824,3.8081,-0.67716,2.8522,6.2525,-1.8981,-2.1372,5.6182,-0.82623,-8.7636,5.9551,2.364,-0.35294,-3.8267,1.4531,-2.5274,3.8836,0.87524,10.106,-4.3993,-3.6233,-0.69686,4.2874,5.8657,6.4729,5.0301,1.7266,-0.94108,-0.092833,1.4826,-0.057673,0.29672,-7.8269,-2.5045,1.4254,0.40281,5.6513,-8.1108,-1.4415,-2.7789,0.75967,1.8797,-1.898,0.041081,0.1952,0.31482,-2.1345,0.10263,8.1119,5.0019,0.26958,0.20474,-2.3893,4.6679,-1.6505,-10.326,0.38007,0.40036,0.57823,-3.0092,-0.14912,-0.40986,-0.38648,-1.0237,0.64526,0.42449,5.265,-1.3316,-0.56762,-1.5523,0.70708,-1.3225,-1.1953,-0.68166,-2.6196,1.0791,-1.2972,11.963,-3.7195,0.71801,3.277,2.6523,-0.19011,-1.4456,-2.2973,0.6784,1.5414,-0.52313,6.4279,-1.603,0.86754,-9.2094,0.88758,-1.0395
0.40889,0.27463,1.4942,-2.6746,-2.786,0.40326,0.81957,3.9302,-0.58775,2.5911,6.5828,-1.6055,-2.4795,5.3553,-0.57182,-8.6367,5.81,2.4958,-0.58646,-3.6261,1.4655,-2.3098,3.9418,0.93401,9.6477,-4.214,-4.0166,-0.69505,4.1869,5.7843,6.7023,4.8986,1.4718,-1.1998,-0.10511,1.4391,0.029472,0.63303,-7.9778,-2.3167,1.7263,0.22136,5.6916,-8.0985,-0.99115,-2.8063,0.48099,2.1258,-1.8518,0.17107,-0.035477,0.20344,-2.4628,0.57002,7.7994,5.2153,0.21416,0.2163,-2.3957,4.6518,-1.5191,-10.461,0.54141,0.29161,0.71117,-2.7737,-0.5082,-0.54254,-0.33747,-1.0452,0.48811,0.39415,5.2494,-1.1375,-0.95728,-1.2417,0.91173,-1.2493,-1.0127,-0.93074,-2.4112,1.5071,-1.1691,11.95,-3.6103,1.1822,3.3048,2.9029,0.086624,-1.4811,-2.3318,0.73019,1.2655,-0.53663,6.3298,-1.6936,1.1597,-9.6573,1.3603,-1.2033
0.63961,0.17278,1.7041,-2.8141,-2.44,0.64987,0.64811,4.2805,-0.60246,2.3527,6.6058,-1.5698,-2.9204,5.5635,-0.70873,-8.4346,5.8765,2.7574,-0.82874,-3.7814,1.2478,-2.0638,4.0441,1.1872,9.9191,-4.1091,-3.5621,-0.94212,4.1106,5.5718,6.7356,5.1656,1.6672,-1.3382,-0.14173,1.8905,0.056464,0.25448,-7.8083,-2.3549,1.9419,-0.0047276,5.4566,-7.6474,-0.93793,-2.9932,0.708,1.9694,-1.6065,0.096944,0.012068,-0.0052433,-2.5342,0.99311,7.663,4.9483,0.18701,0.4781,-2.5741,4.5512,-1.5608,-10.725,0.989,0.37464,1.0433,-2.6538,-0.44053,-0.29442,-0.55182,-1.3063,0.73614,0.72152,5.3599,-1.0771,-0.81402,-1.3033,0.77823,-1.166,-1.0325,-1.1628,-2.3763,1.4131,-1.2676,11.976,-3.8879,1.0947,3.483,2.9302,-0.087133,-1.7105,-2.3949,1.0095,1.0383,-0.75252,6.2042,-1.6514,1.3483,-9.4204,1.6296,-1.2217
0.6595,0.44004,1.6362,-3.0682,-2.6193,0.40011,0.3203,4.6391,-0.53191,1.9843,6.2106,-1.2593,-3.3325,5.4409,-0.39173,-8.4904,5.5072,2.6133,-0.44763,-3.6173,1.1139,-1.9834,3.8555,1.0331,9.4691,-3.8456,-3.2057,-1.0161,3.977,5.667,6.7153,5.2321,1.4318,-1.6814,-0.36196,1.5031,-0.16695,0.19891,-7.7068,-2.5785,1.7521,-0.34742,5.5958,-7.6821,-0.72937,-2.6785,0.46064,1.9559,-1.7395,-0.03448,0.30555,0.143,-2.8017,1.214,7.6287,5.0052,0.13926,0.64787,-2.3363,4.813,-1.5373,-10.723,1.0848,0.42231,1.4468,-2.6206,-0.71652,-0.14095,-0.55201,-1.4283,0.99684,1.1615,5.4973,-0.69378,-0.71496,-0.92884,0.68226,-1.0351,-0.95864,-0.98515,-1.9674,1.458,-1.0256,11.907,-3.9988,1.0273,3.2316,2.9436,-0.074173,-1.8269,-2.4265,1.058,0.64134,-0.94543,5.9977,-1.5507,1.1098,-9.5008,2.035,-1.0048
0.68539,0.67284,1.7273,-3.0303,-2.6145,0.59683,0.28926,4.6687,-0.32845,1.5778,6.3346,-1.3889,-3.4069,5.3145,-0.44737,-8.5376,5.4424,2.5378,-0.38675,-3.4545,1.2668,-1.7944,3.8569,1.043,9.6717,-3.9847,-3.2588,-1.2293,3.9871,5.6856,6.6951,5.2216,1.1274,-1.8301,-0.18793,1.6022,0.15744,0.28298,-7.4779,-2.8365,1.6501,0.0098553,5.7692,-7.3309,-0.34858,-2.3042,0.0155,1.9164,-1.6643,-0.20064,0.25401,0.49855,-2.7908,1.0936,7.3157,4.9827,-0.025333,0.85582,-2.1306,4.741,-1.8866,-10.743,1.017,0.48789,1.5516,-2.3823,-0.40969,-0.11884,-0.56095,-1.4473,0.66761,1.0566,5.2951,-0.64113,-0.70295,-0.99696,0.18598,-0.64032,-1.1293,-0.67159,-1.814,1.521,-1.1051,11.669,-3.8081,1.0909,2.962,2.7494,-0.2532,-1.3352,-2.4222,1.0947,0.94979,-0.7974,5.9077,-1.7212,1.0537,-9.31,1.8716,-0.85759
1.0623,0.68179,1.7904,-3.0596,-2.4423,0.42787,0.14268,4.8567,-0.52829,1.6158,5.9546,-1.4154,-3.1265,5.1044,-0.90765,-8.3946,5.2966,2.2918,-0.56661,-3.488,1.1063,-1.7205,3.994,0.83438,9.4957,-4.2428,-3.4362,-1.1486,4.2704,6.1526,6.3338,4.9728,0.79688,-1.742,-0.22784,1.3796,0.16404,-0.10288,-7.5356,-2.9635,1.2009,-0.21062,5.8912,-7.4502,-0.378,-2.1929,0.42494,1.9727,-1.4875,-0.54649,0.20676,0.42855,-3.0065,0.93495,7.2611,5.3188,-0.2194,0.66886,-1.7959,4.9319,-2.2966,-10.573,1.1211,0.41847,1.5431,-2.5784,-0.0095868,0.081023,-0.43796,-1.4872,0.51084,1.1156,5.1724,-0.87336,-0.45108,-0.92744,0.16706,-0.29357,-0.96315,-0.62686,-1.7306,1.9153,-1.1533,11.458,-4.0611,0.82068,3.183,2.8764,-0.32113,-1.4224,-2.5728,1.3481,1.0038,-0.93222,5.6096,-2.0139,1.3216,-9.3271,2.012,-1.1605
0.97578,0.55235,1.63,-3.4318,-2.3771,0.3231,0.37987,4.892,-0.48213,1.5868,5.8504,-1.6777,-2.9521,5.1269,-1.2735,-8.5783,5.4784,2.2255,-0.74485,-3.6989,1.1379,-1.8457,4.346,1.2128,9.6515,-3.9389,-3.3939,-1.2612,4.556,6.2895,6.2054,5.1284,0.84044,-1.7874,-0.09671,1.2565,0.33038,-0.39572,-7.5104,-2.5444,1.14,-0.2797,5.9788,-7.2503,-0.44932,-2.0391,0.24951,1.651,-1.6901,-0.92485,0.21071,0.35241,-3.0149,1.0638,7.0837,5.1435,-0.33813,0.9496,-1.8996,4.682,-2.3193,-10.64,1.5466,0.34418,1.5682,-2.8698,-0.22124,-0.17278,-0.65378,-1.4892,0.85668,1.2252,5.4795,-0.59209,-0.12351,-1.0377,0.47565,0.058958,-0.87791,-0.6962,-1.9476,2.0211,-1.2469,11.723,-3.5892,0.52315,3.2997,3.0421,-0.32103,-1.6083,-2.3132,1.3482,0.80635,-0.56898,5.8885,-2.0754,1.2428,-9.8114,2.0381,-0.99162
0.54917,0.41705,1.7337,-3.1828,-2.4568,0.21444,0.079071,4.7472,-0.60922,1.401,6.2462,-1.4601,-3.0178,4.9325,-1.1254,-8.718,5.4946,2.0886,-0.64348,-3.5881,0.72256,-1.4776,4.4671,1.6057,9.7485,-3.7921,-3.6138,-1.4615,4.7817,6.5516,6.1514,5.0758,1.1878,-1.6397,-0.18955,1.286,-0.057373,-0.26093,-7.3698,-2.3778,1.2706,-0.32261,5.8751,-7.4182,-0.72649,-1.9618,0.28578,1.3424,-1.9799,-1.2005,0.56386,0.39668,-2.9719,0.95651,6.6812,4.7884,-0.28733,1.2617,-2.0462,4.3315,-2.4757,-10.4,1.6914,0.59664,1.5767,-2.5454,-0.28157,0.23437,-0.89436,-1.3163,0.93492,1.4588,5.596,-0.70114,-0.048632,-1.3428,0.14275,-0.058963,-1.0675,-0.48884,-1.5438,1.8057,-1.6641,11.355,-3.6872,0.38982,3.0305,3.4118,-0.18451,-1.3961,-2.5204,1.058,0.92103,-0.23912,6.1932,-2.1351,1.0948,-10.137,1.8896,-1.1819
0.35791,0.59927,1.9324,-3.2749,-2.3582,-0.025735,0.39349,4.8885,-0.60631,1.6362,6.3819,-1.3764,-3.2415,4.7305,-0.7048,-8.7729,5.4512,2.0792,-0.28588,-3.78,0.56117,-1.4692,4.1342,1.8686,9.3239,-3.8437,-3.518,-1.3326,4.9398,6.4587,6.1055,5.0599,1.3436,-1.7159,0.0088089,1.2583,-0.0079915,0.10607,-7.5359,-2.4233,1.162,-0.19571,6.0286,-7.3185,-0.45832,-2.4646,0.0019246,1.4593,-1.8984,-1.2044,0.48634,0.59987,-2.6389,1.0273,6.5187,4.9063,-0.25407,1.433,-1.8694,4.6736,-2.2861,-10.246,1.6886,0.57125,1.767,-2.4117,-0.12235,0.15271,-0.82511,-1.0158,0.79057,1.7951,6.074,-0.38511,0.19818,-1.3388,-0.084369,0.13103,-0.9887,-0.61572,-1.3241,1.6961,-2.0414,11.35,-3.3011,0.72809,3.0993,3.7081,-0.19326,-1.1141,-2.6434,0.83602,0.692,-0.58579,6.1965,-2.3331,0.77722,-9.8682,1.8234,-0.82859
0.33622,0.71553,2.0674,-3.1283,-2.2147,-0.19271,0.52684,4.7188,-0.31566,1.1589,6.5703,-1.5582,-3.6155,4.8268,-0.43856,-9.1416,5.7832,2.141,-0.27295,-3.981,0.39782,-1.0215,4.3224,2.0566,9.5556,-3.6653,-3.5914,-1.5249,5.0236,6.6518,6.0358,5.5458,1.6455,-1.3051,0.10013,1.2795,-0.35268,0.052351,-7.5136,-2.5847,1.4255,-0.37166,6.0798,-7.2694,-0.66849,-2.802,0.37126,1.4568,-1.6503,-1.3981,0.57592,0.4883,-2.709,1.416,6.292,5.2382,-0.1234,1.9438,-1.6072,4.6664,-2.5146,-10.12,1.5922,0.48867,1.8274,-2.0742,-0.20107,0.27496,-0.52124,-0.94272,0.77805,2.1205,6.2137,-0.018473,0.30507,-1.1851,-0.52323,0.24008,-1.4652,-0.52514,-1.3349,1.8054,-2.0578,11.51,-3.0348,1.05,3.0668,3.8109,-0.069723,-0.77391,-2.5762,0.61993,0.7167,-0.39217,6.4491,-2.5027,0.73276,-9.9841,1.7014,-0.88436
-0.12622,0.63826,2.1449,-3.5231,-2.1978,0.15613,0.75464,4.7903,-0.26668,1.158,6.4113,-1.7135,-3.3319,4.7662,-0.15428,-9.2141,5.7124,2.1997,-0.23578,-4.2799,0.19637,-0.92654,4.2229,2.1626,9.0187,-3.4252,-3.3963,-1.8898,4.9024,6.7462,6.0527,5.6221,1.6364,-1.3731,-0.18744,1.325,-0.20078,0.31013,-7.4863,-2.8427,1.3115,-0.62426,5.7988,-7.2021,-0.98625,-2.94,0.18275,1.8689,-1.2348,-1.5377,0.23322,0.55251,-2.3264,1.6219,6.0524,5.3329,-0.2439,1.9758,-1.8073,4.4933,-2.5929,-9.8465,1.6773,0.14047,1.6066,-1.8694,-0.13027,0.31632,-0.19095,-0.92847,0.84852,1.8943,6.6565,-0.039394,0.71089,-1.2726,-0.43274,0.33454,-1.7984,-0.6374,-1.5586,2.0284,-2.1985,11.449,-2.8501,1.5128,3.066,4.0668,0.1234,-1.0074,-2.8685,0.73521,0.69739,-0.2419,6.4924,-2.6893,0.6288,-9.9508,1.6336,-1.2576
-0.04076,0.46877,2.0247,-3.4101,-2.3115,-0.08885,0.40296,4.7051,0.19126,0.89969,6.2201,-1.4304,-2.9429,4.7189,-0.085268,-8.7615,5.7203,1.9881,0.031212,-4.5339,-0.045177,-1.0284,4.0653,2.5034,8.6945,-3.3735,-3.3859,-1.5499,4.4888,6.7568,6.1256,5.8509,1.5449,-1.3723,0.10154,1.226,-0.21301,0.15339,-7.4203,-2.3687,1.4438,-0.74944,5.8547,-7.2005,-0.85445,-2.6707,0.3348,2.1089,-1.5438,-1.9661,0.14468,0.29049,-2.0624,1.8205,6.155,5.5293,-0.68224,2.2264,-2.0467,4.3874,-2.3101,-9.9431,1.498,-0.16123,1.3218,-1.7219,-0.075449,0.31043,0.12454,-0.49821,0.67472,2.2922,6.855,0.010812,0.60821,-0.89718,-0.1808,-0.017279,-1.7227,-0.83319,-1.6211,2.2315,-2.5004,11.149,-2.7337,1.4522,3.1839,4.2114,-0.14682,-1.0802,-3.0275,1.1044,0.63755,-0.12586,6.476,-3.0854,0.3641,-9.8493,1.7253,-1.321
0.1175,0.45428,2.3125,-2.9338,-2.5003,-0.040351,0.43147,4.6925,0.30803,0.43952,6.3954,-1.2437,-2.9695,4.6621,-0.085922,-8.8997,5.7936,2.1072,-0.066236,-4.5093,-0.1608,-0.71994,4.54,2.5645,8.6627,-3.2063,-3.7348,-1.6126,4.4692,7.1262,6.095,5.9178,1.7567,-1.6264,0.1962,1.0955,-0.34398,0.15901,-7.8011,-2.5539,1.3242,-0.50043,6.2154,-7.2361,-0.60663,-2.7959,0.22235,2.0912,-1.6583,-1.7543,0.071265,0.70276,-2.0832,1.934,6.2203,5.6271,-1.0757,2.3193,-2.1043,4.6333,-2.7345,-9.8186,1.4529,-0.16191,1.8413,-1.9182,-0.16862,0.6797,0.31198,-0.18067,0.18634,2.3243,6.6937,-0.34066,0.61383,-1.0375,-0.22776,-0.21769,-1.8999,-0.96867,-1.6802,2.5815,-2.7155,11.568,-2.5046,1.7665,3.2039,3.9613,-0.1389,-1.1251,-2.7946,1.3107,0.97123,0.21666,6.7865,-3.1786,0.37854,-9.7095,2.0354,-1.5013
-0.012735,0.48741,1.9737,-3.2777,-2.3374,-0.22833,0.17402,4.3127,0.46074,0.15797,6.181,-1.3928,-3.2757,4.4449,0.16894,-8.8926,5.9427,1.825,-0.27575,-4.5212,-0.25103,-0.69368,4.5782,2.9725,8.145,-3.1682,-3.5078,-1.4866,4.0744,6.9703,6.4271,5.8375,1.3943,-1.306,0.29866,1.3705,-0.049008,-0.25175,-8.2789,-2.4097,1.0164,-0.27106,6.2032,-6.8271,-0.36947,-2.9371,0.024387,1.9703,-1.8559,-1.9943,0.34164,1.255,-2.219,1.9026,6.4673,6.0339,-1.2686,2.3643,-1.812,4.3391,-2.7208,-9.8116,1.694,-0.14302,2.291,-1.744,0.092517,0.6332,0.40732,-0.47906,0.13883,2.5131,6.975,-0.687,0.91216,-1.0453,-0.30021,0.0061526,-2.0154,-1.096,-1.4107,2.7987,-2.8721,11.233,-2.3732,1.8984,3.136,4.0849,-0.03348,-0.89857,-2.9191,1.5331,0.76813,0.044811,6.5034,-3.2198,0.0007097,-9.9986,1.9038,-1.4806
-0.23999,0.72531,2.0515,-2.7376,-2.1247,-0.16402,0.31316,4.7223,0.14515,0.23556,6.5047,-0.95856,-3.1971,4.2498,0.11512,-8.8748,6.2408,1.5782,-0.15878,-4.6888,-0.74093,-0.63888,4.9654,3.2951,8.2918,-3.2202,-3.3632,-1.5295,4.4984,6.96,6.3605,5.6932,1.5335,-1.2686,0.34375,1.5154,0.27341,-0.16989,-7.9494,-2.6915,0.88553,-0.13658,5.8772,-6.8392,-0.30919,-2.9561,-0.4242,2.2283,-1.6623,-1.6397,0.49941,1.3094,-2.316,1.4783,6.3162,6.4079,-1.4427,2.4198,-1.5561,4.1446,-2.7671,-9.7668,2.046,-0.26505,2.1787,-1.688,-0.0098022,0.82269,0.22665,-0.39279,-0.11116,2.6129,6.8893,-0.82438,1.1137,-1.2835,-0.51294,-0.14547,-2.0358,-0.97017,-1.3175,2.6541,-2.735,10.81,-2.4096,2.0428,3.2454,4.4198,-0.12227,-1.1345,-3.0752,1.8383,0.71284,-0.034193,6.4115,-3.3872,0.084103,-10.043,1.9284,-1.2653
-0.75346,0.46182,1.9961,-2.3739,-1.8527,-0.069508,0.19836,4.9752,0.31288,0.39479,6.3846,-0.74744,-3.2067,3.967,0.18342,-9.0088,6.5598,1.6235,0.0044094,-4.563,-1.1926,-0.84977,4.7789,3.1803,8.0562,-3.2657,-3.5043,-1.7929,4.5369,6.7836,6.2243,5.5579,1.5894,-1.6874,0.50799,1.2456,0.59758,0.12356,-7.7311,-2.519,0.55669,0.23719,6.2283,-6.7238,0.073406,-2.7351,-0.45553,1.8356,-1.5054,-1.4891,0.1696,1.4494,-2.6321,1.1227,6.3976,6.3702,-1.3568,2.4907,-1.6476,4.1225,-2.9386,-9.584,1.7794,-0.2861,2.5037,-1.5814,-0.29534,0.65044,0.35298,-0.069011,-0.10487,2.6914,6.5486,-1.1116,1.0859,-1.0668,-0.58787,-0.16019,-2.032,-1.0107,-1.5056,2.7036,-2.6142,10.81,-2.0594,1.752,3.601,4.2759,0.025541,-0.90553,-2.8412,1.8189,0.6098,-0.010329,6.2622,-3.3582,0.35225,-10.013,1.789,-0.83366
-0.71322,0.20307,1.8018,-2.4433,-1.8459,-0.16121,0.08526,4.9804,0.37222,0.012311,6.6163,-0.58897,-3.2735,3.9282,0.064308,-9.2828,6.8276,1.668,0.2095,-4.4997,-1.2623,-0.88932,4.7775,2.9238,8.172,-3.2502,-3.158,-1.7923,4.3058,6.9479,5.9418,5.2349,2.0553,-1.4934,0.27163,1.1489,0.49077,0.13318,-7.849,-2.6944,-0.0013932,0.277,6.3671,-7.1195,0.41474,-2.8072,-0.45453,1.5044,-1.5693,-1.6986,0.27281,1.847,-2.3748,1.4532,5.8673,6.4901,-1.6362,2.6589,-1.4861,4.3129,-3.1955,-9.545,2.0689,-0.50065,2.2975,-1.4422,-0.3064,0.94008,0.21153,0.36269,-0.0060896,2.9132,6.3563,-1.202,0.92937,-0.89671,-0.34907,-0.06886,-2.105,-0.92537,-1.5647,2.5928,-2.4561,10.503,-2.0463,1.697,3.7196,4.0534,0.026308,-0.79622,-2.6914,1.9009,0.5349,0.18237,6.3574,-3.4557,0.36913,-9.79,1.8872,-1.0242
-1.2211,-0.076252,2.0163,-2.4389,-1.4706,-0.37268,0.023333,5.1024,0.22088,-0.021011,6.5326,-0.58265,-3.5705,3.3574,0.043986,-9.3463,7.001,1.5568,0.65682,-4.1686,-1.7097,-1.0598,4.891,2.8991,8.1151,-3.1767,-3.236,-1.7079,4.581,7.0345,6.0045,5.4409,1.9266,-1.9232,-0.10793,1.2064,0.82582,0.083431,-7.6905,-3.0472,-0.21965,0.084538,6.3904,-6.941,0.22275,-2.7863,-0.49347,1.411,-1.6981,-1.5389,0.54284,1.8445,-2.3351,1.2093,5.6189,6.9364,-1.7956,3.0095,-1.3958,4.025,-3.4386,-9.7716,1.8746,-0.15858,2.3229,-1.1936,-0.1494,0.91171,0.25881,0.21209,0.2704,3.0236,6.2503,-1.1222,0.99686,-0.79701,-0.73503,-0.19156,-2.4183,-1.0385,-1.5494,2.6794,-2.5005,10.785,-1.9613,1.5412,4.0072,3.8943,0.069826,-0.67375,-2.7241,1.6837,0.13281,0.35537,6.5042,-3.5297,0.018471,-9.7511,1.8842,-0.98111
-1.4438,-0.067573,1.661,-2.3311,-1.3255,-0.46224,0.18156,5.3915,0.12147,0.11508,6.4203,-0.18722,-3.7563,3.3552,-0.30609,-9.2872,6.9552,1.437,0.62256,-3.6521,-2.0508,-0.75965,5.1167,3.0976,8.1381,-3.2868,-3.218,-1.6197,4.7004,7.1551,5.9813,5.3778,1.5864,-1.865,0.035666,1.0027,0.59766,0.2154,-7.7401,-3.1968,-0.43161,0.42153,6.3673,-6.6925,0.33013,-2.493,-0.37355,1.7215,-1.4888,-1.5119,0.43386,2.2795,-2.5313,0.83286,5.613,6.7782,-1.9082,2.8691,-1.5166,3.8576,-3.0003,-9.895,1.8032,-0.021689,2.6992,-1.0126,-0.063106,0.70778,0.23143,0.68623,0.27662,2.9657,5.972,-1.394,1.2741,-0.99708,-0.9491,0.1952,-2.6329,-0.78261,-1.8044,2.5993,-2.3008,10.671,-1.5849,1.4633,4.2918,3.893,-0.42728,-0.66145,-2.5667,2.1171,0.29526,0.44848,6.9309,-3.8724,0.20552,-9.2853,1.7129,-0.64984
-1.5137,-0.027062,1.9589,-2.6417,-1.6229,-0.46984,0.035237,5.3013,0.41028,0.51804,6.5544,-0.22191,-3.7882,3.2355,-0.66911,-9.3196,6.9732,1.1595,0.74147,-3.4334,-2.2684,-1.0277,5.2661,3.4213,7.8844,-3.4899,-3.3334,-1.663,4.8548,6.946,5.5848,5.4048,1.4997,-1.8649,0.42242,0.7679,0.61483,0.26546,-7.5258,-3.2568,-0.29187,0.32101,6.2694,-6.9539,0.27217,-2.2301,-0.84957,1.4547,-1.5577,-1.3883,0.74135,1.9727,-2.4811,1.2543,5.2946,6.43,-2.2389,2.9346,-1.4989,3.8104,-3.0877,-9.5716,1.681,-0.26954,3.0311,-0.63191,-0.26016,1.0025,0.52382,0.57197,0.10013,3.2252,6.3948,-1.5411,1.344,-0.91282,-1.3779,0.65979,-2.9332,-1.009,-2.0581,2.7876,-2.0887,10.545,-1.8323,1.3026,4.6526,3.6761,-0.72816,-0.67343,-2.1266,1.8172,0.36969,0.51015,7.0492,-4.3097,0.28943,-9.004,2.1917,-0.3139
-1.901,-0.063574,2.175,-2.3675,-1.9408,-0.56513,0.49979,5.356,0.4712,0.67486,6.1258,0.070948,-3.6145,2.7522,-0.72386,-9.0219,7.3143,1.1771,0.80888,-3.3938,-1.9726,-1.0292,5.4059,3.6143,7.4887,-3.3185,-3.702,-1.6028,4.7738,7.034,5.8729,5.3277,1.4525,-1.7991,0.62246,0.60586,0.16974,-0.095582,-7.4111,-3.0179,-0.60112,0.53163,5.9094,-7.1093,0.52097,-2.6013,-0.84188,0.99308,-1.4084,-1.1904,0.72082,2.2738,-2.5224,1.2365,5.443,6.6904,-2.0894,2.8334,-1.4585,4.1546,-3.0798,-9.4766,1.6388,-0.55401,3.1464,-0.84959,0.034192,0.52046,0.67334,0.58507,-0.086685,3.5198,6.1746,-1.4891,1.7847,-0.61972,-1.5312,0.79091,-3.0571,-0.98711,-2.1447,2.7379,-2.2581,10.317,-1.863,1.398,4.6842,4.115,-0.80435,-0.69911,-2.2358,2.0544,0.35471,0.60607,7.0193,-4.2893,0.24236,-8.6617,2.1911,-0.23705
-1.8858,-0.12116,2.2344,-2.268,-1.7281,-0.68389,0.7191,5.3698,0.64687,0.91727,6.4043,0.16021,-3.5172,2.8778,-1.0578,-9.0251,6.8814,0.87435,0.92776,-3.7021,-1.7765,-0.72856,5.4244,3.9343,7.6617,-3.27,-3.5208,-1.8684,4.5791,7.2336,5.937,5.2403,1.2959,-1.6655,0.52848,0.65223,0.0075207,0.12198,-7.6083,-2.6068,-0.74529,0.64615,5.9212,-7.3564,0.44392,-2.6225,-1.0507,0.85203,-1.6122,-1.2597,0.94322,2.3188,-2.6024,1.1628,5.4055,6.522,-2.5689,3.1814,-1.5166,4.1875,-2.6764,-9.5351,1.436,-0.4989,3.3873,-0.64126,-0.3065,0.33321,0.34052,0.59506,-0.024579,3.4842,6.403,-1.3235,2.2426,-0.68509,-1.6001,1.0662,-3.0965,-0.75174,-1.8206,2.5695,-2.0024,10.353,-1.8766,1.3759,4.7794,3.9918,-0.51648,-0.49935,-2.3624,2.1307,0.48571,0.57483,6.8229,-4.2395,-0.11575,-8.5375,1.9039,-0.26078
-2.1146,-0.014519,2.2546,-2.259,-1.9496,-0.40392,0.6358,5.4237,0.74615,0.98844,6.6049,0.51746,-3.6078,2.9113,-0.88659,-9.4635,7.2044,0.99267,0.97659,-3.2389,-2.1587,-0.58057,5.6164,4.221,7.6766,-3.0142,-3.2272,-1.7725,4.4349,7.1912,5.5962,5.25,1.2573,-1.8727,0.26052,0.40822,0.3867,-0.3774,-7.7541,-2.5341,-0.95822,0.50352,5.946,-7.6796,0.049709,-3.0021,-1.357,0.67503,-1.5709,-1.5831,0.93171,2.3938,-2.5321,1.0376,5.7262,6.9361,-2.7145,3.1296,-1.1307,4.3862,-2.5246,-9.646,1.3159,-0.55125,3.7598,-0.56721,-0.12921,0.12136,0.72611,0.75431,0.073484,3.1158,6.5059,-1.2244,2.1489,-0.72766,-1.7135,0.8502,-2.8568,-0.65907,-1.4027,2.2839,-2.3219,10.058,-2.0877,1.5037,4.9776,4.0018,-0.49542,-0.69227,-2.1436,2.4625,0.43027,0.61228,6.798,-4.2571,-0.2028,-8.3501,1.6823,-0.24214
-2.2972,-0.26672,2.2752,-2.2384,-1.9747,-0.74025,0.92325,5.354,0.75913,1.0131,6.559,0.54161,-3.4105,2.7936,-0.44063,-9.771,7.0464,1.2095,1.1024,-3.4233,-1.7394,-0.49928,5.4473,4.4343,7.3633,-2.7446,-3.3448,-1.7557,4.5104,7.0848,5.3722,5.5684,1.1098,-1.8448,0.32455,0.17377,0.53288,-0.47611,-7.8667,-2.0152,-0.95927,0.23226,6.3121,-7.9621,-0.35904,-2.8498,-1.0457,0.55545,-1.7889,-1.2949,0.85225,2.4628,-2.3874,0.74037,5.6625,6.6189,-2.7116,3.075,-1.4973,4.3885,-2.5427,-9.8407,1.4044,-0.67661,3.6856,-0.12508,-0.17101,0.046494,0.86206,0.49224,0.37073,3.1706,7.0184,-0.90826,2.1425,-0.71452,-1.7255,0.88146,-2.6788,-1.0902,-1.6171,2.1875,-2.7356,10.034,-2.3433,1.9367,5.2304,4.2348,-0.2939,-0.91104,-2.1612,2.4946,0.35028,0.80212,7.039,-4.4173,-0.016866,-8.3478,1.996,-0.089162
-2.642,-0.35219,2.1485,-2.3784,-1.8024,-0.7742,1.0338,5.4971,0.75218,1.4094,6.6119,0.94106,-3.4426,2.5552,-0.69871,-9.8533,7.0031,0.82048,0.86924,-3.6298,-1.6773,-0.44137,5.6536,4.3434,7.1128,-2.7469,-3.7928,-1.6951,4.6496,7.3241,5.71,5.3947,1.2462,-1.9847,-0.067505,0.027504,0.56318,-0.60573,-7.8649,-1.5456,-0.85815,0.25118,6.5523,-8.1554,-0.27193,-3.0875,-1.3897,0.61265,-1.7824,-1.6514,1.2445,2.5582,-2.7445,0.30444,5.3048,6.7391,-2.7743,3.1993,-1.1517,4.6026,-2.5672,-9.4605,1.2642,-0.59667,3.3695,0.16579,0.15497,-0.2079,0.75606,0.52628,0.20688,2.7531,7.1189,-0.46806,2.369,-0.68662,-2.0346,1.1243,-2.3741,-0.70405,-1.3598,2.5354,-2.7286,10.336,-2.3765,2.3294,5.513,4.4839,-0.27091,-0.95151,-2.325,2.636,0.48822,0.46816,7.2622,-4.3527,-0.047158,-8.3298,2.079,0.13147
-2.6865,0.022134,2.2718,-2.3004,-1.5174,-0.971,1.41,5.6989,0.77196,1.2074,6.9344,0.71929,-3.5392,2.5068,-0.67103,-10.169,7.0804,1.0024,0.82123,-3.6401,-2.0042,-0.48134,5.6239,4.5051,7.3133,-2.938,-4.1151,-1.4739,4.5356,7.326,6.0439,5.8439,1.3698,-2.0552,-0.039728,0.1441,0.99839,-0.81249,-7.7917,-1.6136,-0.99262,0.15662,6.4943,-8.2051,-0.20632,-2.7133,-1.4109,0.57657,-1.5307,-1.6847,1.1346,2.1307,-2.8123,0.37816,5.4014,7.0414,-3.0706,2.8457,-1.1222,4.6957,-2.6099,-9.3133,1.054,-0.53658,3.6098,0.17502,-0.10922,-0.21126,0.60113,0.63093,-0.29441,2.9285,6.9506,-0.81267,2.743,-0.62593,-1.9461,1.4427,-2.3588,-0.64133,-1.32,2.4855,-2.7732,10.32,-2.2186,2.4076,5.6532,4.2576,0.0456,-1.1436,-2.2107,2.3286,0.66023,0.60342,6.9354,-4.3639,-0.043239,-8.7352,2.0072,0.077594
-2.6704,0.16626,2.377,-1.9141,-1.5851,-1.2442,1.4224,6.0498,1.1159,1.6197,7.2047,0.46382,-3.4521,2.076,-0.53408,-9.7692,7.343,0.59253,0.89844,-3.4216,-1.8733,-0.29333,5.42,4.4887,7.4224,-2.4866,-4.4151,-1.2343,4.2973,7.5346,5.8972,5.7077,1.4419,-1.985,-0.1023,0.3702,0.7481,-1.0853,-7.8271,-1.5839,-1.2469,0.45401,6.9038,-8.5528,0.091142,-2.7804,-1.806,0.49977,-1.5837,-1.8212,0.85099,1.985,-2.8828,-0.057178,5.0278,7.1721,-2.6439,3.1983,-1.454,4.8093,-2.3837,-8.9519,0.57148,-0.6217,3.7182,0.034057,-0.32925,0.12767,0.42119,0.63951,-0.24493,3.0152,6.9446,-0.53378,2.627,-0.51774,-2.1194,1.7191,-2.5959,-0.43354,-1.3143,2.005,-2.7096,10.66,-2.3469,2.4068,5.7974,4.0481,-0.12677,-0.84506,-2.0552,2.3443,0.18832,0.25548,7.2723,-4.0436,0.14144,-8.7999,1.9655,0.37691
-2.2791,-0.041065,2.4312,-1.9831,-1.3429,-1.1729,1.0338,6.1017,0.94358,1.2684,7.1258,0.56475,-3.3799,2.0148,-0.93036,-10.094,6.9542,0.36997,0.77251,-3.3446,-1.6146,-0.094473,5.441,4.3162,7.562,-2.7102,-4.269,-1.0917,4.4899,7.1918,5.6805,5.7011,1.4293,-1.6064,-0.1071,0.3669,0.66497,-1.2399,-7.8989,-1.3462,-1.3188,0.7616,7.3383,-8.8008,0.16528,-2.822,-1.8688,0.5092,-1.5535,-1.7727,0.72087,1.7049,-2.8471,-0.16794,4.9567,7.0951,-2.5422,3.2684,-1.5238,4.8168,-2.4132,-8.6267,0.50932,-0.5536,3.5854,0.2989,-0.22668,0.37646,0.51135,0.25482,-0.10485,3.0403,7.1734,-0.50583,2.7695,-0.75743,-2.1003,1.7191,-2.2921,-0.66826,-1.3005,1.6203,-2.2868,10.638,-2.5571,2.6853,6.1166,4.191,0.074163,-0.59944,-2.1006,2.7776,-0.071787,0.0040172,7.3463,-4.3467,-0.0059346,-8.9689,1.6718,0.4503
-1.8861,0.26883,2.3542,-1.6874,-1.2707,-1.2528,0.99797,5.8826,1.0901,1.5682,7.0516,0.52823,-3.0244,2.1637,-0.56849,-10.06,6.6266,-0.073667,0.96436,-3.3672,-1.5779,0.21611,5.615,4.3929,7.0383,-2.3392,-4.0423,-0.66435,4.5231,7.1614,5.7969,5.7631,1.6306,-1.6166,0.19701,0.23129,0.62783,-1.2136,-7.8908,-1.4023,-1.5629,0.45595,7.6266,-8.4939,0.17405,-2.6402,-1.8711,0.74666,-1.4334,-2.0572,0.72501,1.752,-2.9069,-0.25355,4.6967,6.7968,-2.5519,3.3962,-1.1049,4.7148,-2.4228,-8.978,0.37359,-0.33967,3.3965,0.17515,-0.15082,0.26659,0.78686,0.4737,-0.10381,3.1104,7.6772,-0.47705,3.1702,-0.23393,-2.1193,1.6915,-2.2014,-0.91748,-1.4846,1.6015,-1.8977,10.876,-2.6841,2.6006,6.2066,4.4877,0.059977,-0.23016,-1.7341,2.8744,0.13524,0.36748,7.0211,-4.6067,0.01481,-9.4085,1.7443,0.61507
-1.5724,0.28963,2.2605,-1.5649,-1.1405,-1.1628,0.67606,5.4776,0.99873,1.6328,6.9486,0.3803,-2.9905,1.5411,-0.40704,-10.366,7.034,-0.54351,0.8014,-3.3443,-1.7642,0.12445,5.8402,4.5963,6.8466,-2.493,-3.5914,-0.56044,4.2482,7.1765,5.9364,5.4913,1.74,-1.6091,-0.029503,0.28693,0.66651,-1.4007,-8.2106,-1.6929,-1.2904,0.78314,8.0344,-8.4525,-0.23792,-2.58,-2.2345,0.9259,-1.1863,-2.3278,0.9547,2.1781,-3.2696,-0.42833,4.7899,7.0233,-2.803,3.185,-1.0512,4.8386,-2.4157,-8.917,0.53232,-0.055537,3.5566,0.14601,0.03241,0.14382,0.70423,0.3936,0.077022,3.2495,7.6818,-0.32347,3.0296,-0.01337,-1.7102,1.4497,-2.0496,-0.71125,-1.6826,1.2955,-2.1236,10.442,-2.7051,3.0116,6.0036,4.454,0.43174,-0.27595,-1.766,2.6167,-0.13313,0.41545,7.1209,-4.5213,0.10192,-9.1029,1.7548,1.0385
-1.797,0.49756,2.6925,-1.6918,-1.6117,-1.3825,0.84258,5.5904,0.9262,1.5072,6.7146,0.60528,-3.0869,1.3908,-0.62085,-10.19,6.6431,-0.69056,0.61238,-3.193,-1.7451,0.36021,5.418,4.261,6.7515,-2.2201,-3.5159,-0.80352,4.3764,6.731,6.0165,5.7062,1.863,-1.5993,0.0095135,0.45122,0.71026,-1.5003,-7.8583,-1.4009,-0.93717,0.33499,7.8316,-8.433,-0.11483,-2.5656,-1.8869,1.1666,-1.1075,-2.1848,0.89599,2.0722,-3.462,-0.1461,4.3678,6.9343,-2.888,2.961,-1.0315,4.6585,-2.3251,-8.8218,0.27005,-0.52491,3.2153,0.33131,-0.13353,0.051771,0.71484,0.44726,0.13044,3.17,8.0592,0.10202,3.2038,0.025812,-1.6919,1.3622,-2.2885,-0.74766,-1.5809,1.2973,-1.8328,10.276,-2.8482,3.0247,6.4859,4.4478,0.3428,-0.18685,-1.5443,2.5324,-0.12236,0.77461,6.9563,-4.7776,0.41342,-9.0462,1.9835,1.3397
-1.4581,0.40537,2.8138,-1.5626,-1.7716,-1.2119,0.81004,5.272,0.99237,1.5004,6.6731,0.99267,-2.7317,1.3123,-0.30774,-10.265,6.86,-0.86413,0.25035,-3.0782,-1.4466,0.20509,5.3214,4.5581,6.7347,-2.1088,-3.2454,-0.89047,4.3418,6.9453,5.7881,5.6074,2.0576,-1.9614,-0.07533,-0.05242,1.0934,-1.5955,-7.4351,-1.4191,-1.0095,0.3275,7.9596,-7.9818,-0.12459,-2.4861,-1.6648,1.2153,-0.90155,-2.1057,0.66809,2.0029,-3.9028,0.086167,4.2923,6.991,-2.9354,3.3658,-0.95089,5.0309,-2.3506,-8.6877,0.52237,-0.59424,2.7466,0.16936,-0.13741,0.10134,0.58492,0.64003,0.10343,2.9475,8.0128,0.26694,3.3229,-0.29321,-1.7159,1.7737,-2.6643,-0.95921,-1.2468,1.2905,-1.616,10.16,-3.1168,2.9987,6.3932,4.3404,0.030744,-0.34344,-1.4436,2.9211,-0.13721,0.98091,7.2623,-5.0141,0.78021,-9.3351,1.8808,1.4789
-1.8903,0.21842,2.5014,-1.4893,-1.585,-0.89823,0.47662,5.2093,1.0192,1.3091,6.8721,0.91028,-2.2984,1.1306,-0.33059,-10.327,7.1935,-0.63483,0.27827,-3.3574,-1.8032,0.23536,5.059,4.9503,6.5119,-2.1143,-3.0637,-0.63531,4.1511,7.1147,6.0595,5.6157,2.1011,-1.6639,-0.27612,-0.23419,1.1566,-1.9273,-7.4593,-1.6696,-0.94978,0.092234,8.1078,-8.1352,-0.15688,-2.335,-1.7154,0.92855,-1.1974,-2.4741,1.0987,1.8909,-3.9668,0.24597,4.231,6.8375,-2.5528,3.6893,-0.90366,4.6907,-1.9955,-8.3925,0.47037,-0.47407,2.8644,0.019559,-0.021262,-0.15171,0.71219,0.52755,-0.31907,2.9167,7.8236,0.39649,3.218,-0.080681,-1.5681,2.1954,-2.4934,-1.337,-0.95433,1.3822,-1.5678,10.218,-3.077,2.7031,6.5361,4.6898,-0.063319,-0.44758,-1.4865,2.7374,-0.22014,1.2466,7.465,-5.2598,0.46409,-9.4475,1.6398,1.1213
-1.8647,0.56632,2.4317,-1.1123,-1.4938,-0.52968,0.57533,5.5593,1.0342,1.5281,6.6591,1.0082,-2.3217,0.96624,0.027537,-10.68,7.019,-0.85918,0.29911,-3.3935,-1.9135,0.24116,5.37,4.9807,6.3415,-2.1133,-2.6849,-0.59195,4.4687,7.1002,6.5116,5.6782,2.2363,-1.3431,-0.28156,-0.19205,1.5881,-1.8273,-7.7524,-1.5834,-0.94179,-0.025666,7.9009,-8.467,-0.30823,-2.1265,-1.9038,0.71874,-0.69416,-2.0815,0.96218,2.1823,-3.54,-0.26814,3.9679,6.903,-2.9369,4.0311,-0.82809,4.9169,-2.099,-8.5556,0.38652,-0.79897,2.663,-0.15004,0.11905,-0.58307,0.69481,0.40993,-0.11457,2.9065,7.5181,0.42937,3.6808,0.28838,-1.1175,2.3079,-2.1694,-1.3719,-0.84925,1.6411,-1.3883,10.235,-2.8586,2.8217,6.5355,4.9537,0.17039,-0.48228,-1.5656,3.2361,-0.23026,1.2627,7.22,-5.0959,0.75754,-9.4722,1.7299,0.75256
-1.8286,0.794,2.1236,-0.69866,-1.3384,-0.80759,0.78228,5.318,1.0004,1.4494,6.6704,1.0588,-2.5721,0.83857,-0.055206,-10.662,7.2675,-1.2621,0.53885,-3.3608,-1.7207,0.56267,5.7238,4.8593,6.2897,-1.8157,-3.078,-0.083562,4.4745,6.8455,6.7834,6.0206,2.1632,-1.3601,-0.15076,-0.27437,1.6192,-2.1369,-8.0346,-1.4297,-0.61202,0.24282,7.5695,-8.7094,-0.25998,-2.063,-1.949,0.62885,-0.78691,-1.9966,0.84373,2.14,-3.2924,-0.18005,3.72,6.9877,-2.5241,4.1158,-1.0757,5.1392,-1.7504,-8.8573,0.33964,-0.6247,2.4283,-0.34246,-0.008774,-0.56882,0.68909,0.30394,-0.35288,2.8405,7.4631,0.35446,3.8367,0.36958,-1.078,2.5298,-2.1747,-1.1661,-1.1405,1.6377,-1.2909,10.296,-2.8652,2.6103,6.2776,5.1982,0.14987,-0.47502,-1.2716,3.1054,-0.34448,1.2735,7.4307,-4.8806,0.71033,-9.3655,1.8344,0.96487
-2.0942,1.1928,2.252,-0.95556,-1.1748,-0.88662,0.87333,5.5036,0.88678,1.2214,6.4552,1.062,-2.6588,1.0482,-0.08047,-10.337,7.4517,-0.96095,0.34193,-3.049,-1.7411,0.43053,5.3045,5.0811,6.4065,-2.0436,-3.2816,0.18938,4.7782,6.4243,6.669,5.828,2.303,-1.3681,-0.24385,-0.39166,1.8418,-2.2336,-7.9805,-1.5624,-0.47585,-0.23553,8.0641,-8.4538,-0.4302,-1.8883,-1.9663,0.54685,-0.60875,-2.1301,0.7033,2.0766,-3.5075,-0.43387,3.695,7.1406,-2.211,4.2915,-1.4861,5.1151,-2.1373,-8.4735,0.43484,-0.48184,2.2236,-0.38172,-0.43089,-0.66747,0.65189,0.51707,-0.59038,2.6298,7.6078,-0.037595,3.6418,0.49409,-0.98606,2.3722,-1.8877,-1.2098,-1.3411,1.3297,-1.4073,10.302,-2.442,2.6262,6.3475,5.5816,0.15897,-0.69505,-0.81382,3.2913,-0.59055,1.2755,7.2547,-5.0244,0.82897,-9.2248,1.7727,0.71696
-1.87,1.2567,2.5863,-0.6366,-1.0676,-0.88666,0.92331,5.6137,1.3351,1.2699,6.5388,0.82189,-2.4698,0.97931,0.048816,-10.024,6.9583,-1.4039,0.5208,-3.0647,-1.3494,0.44991,5.5662,4.8297,6.7181,-2.0198,-3.5784,0.45615,4.9127,6.5909,6.9404,6.122,2.4445,-1.2806,-0.073259,-0.19363,2.1487,-2.5493,-7.5055,-1.6161,-0.39103,-0.23073,7.8751,-8.505,-0.158,-1.8955,-1.9004,0.45544,-0.66358,-2.2061,0.50496,1.7465,-3.3869,-0.48458,3.8291,6.898,-2.3396,4.7589,-1.4533,5.3891,-1.7095,-8.6496,0.62161,-0.041749,2.3119,-0.37169,-0.46179,-1.0928,0.82889,0.40967,-0.67838,2.5313,7.6672,-0.29921,3.8173,0.43705,-1.0734,2.6691,-1.5997,-0.86626,-1.4546,1.4629,-1.5629,9.9243,-2.2008,2.7138,6.3862,5.6481,0.19351,-0.58674,-0.37347,3.6347,-0.57588,1.5536,7.4825,-4.9405,0.95404,-9.5305,1.8402,0.83485
-1.8074,1.231,2.9423,-0.57908,-1.2512,-0.90472,1.159,5.9388,1.6175,1.4249,6.6158,1.0041,-2.4015,0.54293,0.15231,-9.6727,6.9285,-1.6221,0.84398,-3.0101,-1.4024,0.49037,5.9856,4.7959,6.6453,-2.0237,-3.295,0.51014,4.9583,6.3488,6.957,5.9615,2.5878,-1.1305,-0.25669,-0.24784,1.9678,-2.8206,-7.3456,-1.3563,-0.33036,0.087542,7.6681,-8.3232,-0.17076,-1.3915,-1.8745,0.37857,-0.4365,-2.18,0.28902,1.4844,-3.1866,-0.22968,4.0649,6.9378,-2.3092,4.6677,-1.372,5.7108,-1.7781,-8.4878,0.72163,0.094036,2.714,-0.49728,-0.34551,-1.3467,0.69122,0.78619,-0.80787,2.7888,7.5442,-0.29886,3.5784,0.45546,-0.5559,2.4888,-1.378,-0.70926,-1.2875,1.294,-1.7767,9.6964,-2.5318,2.8756,6.4427,5.7076,-0.12421,-0.24618,-0.38035,3.8973,-0.43742,1.3582,7.5064,-4.9777,0.89835,-9.7036,1.6606,0.76865
-1.5366,1.1317,3.3635,-0.54806,-0.97833,-0.90221,1.1383,5.9452,1.5947,1.4431,6.9496,1.2751,-2.5583,0.59967,0.26802,-9.7036,6.8062,-2.0519,0.45441,-3.0147,-1.0975,0.29209,6.3231,4.9249,6.517,-1.7713,-3.5454,0.82365,4.564,6.5298,6.8046,5.9845,2.3809,-1.2794,-0.43426,-0.80372,1.8948,-2.6727,-7.3796,-1.1123,-0.11722,0.32988,7.7836,-7.922,-0.084289,-0.95682,-1.9683,0.14039,-0.20176,-2.155,0.54016,1.5453,-2.9073,-0.20764,4.1958,6.5874,-2.5874,5.0201,-1.3753,5.3586,-1.9077,-8.4647,0.92563,-0.11686,2.99,-0.53372,-0.35705,-1.3277,0.6277,0.81233,-0.97448,3.0632,7.5402,-0.64278,3.9655,0.39998,-0.57488,2.778,-1.1536,-1.0353,-1.4185,1.3581,-1.5507,9.362,-2.4906,2.9078,6.6623,5.9957,0.082209,0.10853,-0.47658,3.6368,-0.76345,0.96986,7.7007,-5.1315,0.94105,-9.4745,1.6789,0.78248
-1.46,1.233,3.6964,-0.224,-1.3901,-0.95565,1.2249,5.6598,1.5614,1.7199,6.8677,1.3679,-2.7316,0.24768,0.015887,-9.8312,6.7272,-2.5051,0.57072,-2.9915,-0.99221,0.52009,6.2806,4.7113,6.3051,-1.74,-3.5059,1.2008,4.7473,6.1394,6.7125,5.6159,2.3357,-1.2496,-0.44569,-0.74567,1.8403,-2.7444,-7.1295,-1.1055,-0.13537,0.44663,7.9541,-7.8345,-0.080456,-0.81804,-1.7171,0.45331,0.11409,-1.9686,0.87094,1.9789,-2.9209,-0.3049,4.1913,6.714,-2.1737,4.7998,-1.4316,5.1377,-1.6177,-8.241,0.8994,0.07904,3.3348,-0.35361,0.05299,-1.785,0.89807,1.1408,-0.81752,3.2953,7.6849,-0.17272,3.6133,0.46042,-0.3158,2.3893,-1.2045,-0.85451,-1.7721,0.91661,-1.7784,9.3056,-2.4227,3.0239,6.3288,5.7785,0.017575,0.45484,-0.70275,3.3607,-0.38951,1.3968,7.9663,-5.1262,0.96042,-9.5205,1.73,0.68015
-1.5281,0.87488,4.1623,-0.23117,-1.5162,-0.544,0.70604,5.4381,1.5844,1.7399,6.8638,1.5092,-2.2702,-0.22392,-0.24382,-9.8143,6.4606,-2.6305,0.68784,-2.9295,-0.62153,0.40496,6.0806,4.7109,6.205,-1.2648,-3.6481,1.3179,4.5816,6.1058,6.7667,5.5991,2.1675,-1.3032,-0.45622,-0.59371,1.7474,-2.3506,-7.0091,-0.96255,-0.090869,0.21455,8.3301,-7.8761,0.088145,-0.77022,-1.7841,0.17485,0.26967,-2.2579,1.2259,1.8291,-2.993,0.0017062,4.2015,6.4805,-2.2626,4.9997,-1.8787,5.4983,-1.7956,-8.3941,0.71064,-0.043253,3.5255,-0.26185,0.0059487,-2.0263,0.80644,1.2072,-0.85189,2.9241,7.4763,-0.48933,3.5026,0.46992,-0.42606,2.375,-1.0133,-1.0256,-1.9287,0.5352,-1.7654,9.5764,-2.2641,3.1617,6.2623,5.8068,0.18248,0.36968,-0.53397,3.839,-0.30693,1.7119,7.6657,-5.0269,1.0756,-9.8599,1.5974,0.83191
-2.0423,1.1632,4.3512,-0.26468,-1.264,-0.24114,0.52637,5.7394,1.4434,1.9543,6.7495,1.2741,-2.3104,-0.31467,0.062565,-9.66,6.7949,-2.9346,1.0534,-2.7606,-0.5647,0.35405,6.1607,4.7481,5.8093,-1.0329,-3.9356,1.5479,4.9151,5.8802,6.4856,5.8298,1.8948,-0.97738,-0.72814,-0.79684,1.62,-2.2757,-6.8731,-1.295,-0.044704,0.42031,8.0021,-7.8725,0.51176,-0.55688,-1.6179,0.2014,0.21546,-2.0588,1.2092,1.8058,-3.0367,0.20723,4.3395,6.5703,-2.1767,4.6941,-1.7351,5.1293,-1.3769,-8.3473,0.43584,-0.35978,3.5592,0.059635,-0.15515,-2.4146,0.93267,1.3526,-1.342,3.1111,7.258,-0.75027,3.4422,0.37119,-0.5861,2.1413,-1.2847,-1.2279,-1.8141,0.50768,-1.9947,9.3752,-2.3737,3.1969,6.1361,5.9512,0.43752,0.32354,-0.49729,4.0354,-0.4648,1.8731,7.8299,-5.0251,1.0042,-10.088,1.8806,0.85449
-2.1782,0.80751,4.2355,-0.50957,-0.98919,-0.56843,0.46159,5.6704,1.6652,2.1984,6.6207,1.1291,-1.9387,-0.34412,0.19918,-9.3327,6.6861,-3.0607,1.2358,-2.9549,-0.35056,0.6294,5.9299,4.9736,5.667,-1.1967,-4.0041,1.8126,4.8861,5.9219,6.8883,5.841,1.8547,-0.89828,-0.88744,-1.0376,1.433,-2.3271,-6.4616,-0.89212,0.23873,0.03896,8.3248,-7.9823,0.42331,-0.48787,-1.3314,0.043328,0.1512,-1.6148,0.94743,1.5638,-2.8627,0.17279,4.5488,6.72,-2.2256,4.7291,-1.7744,5.31,-0.97659,-7.8637,0.43983,-0.058269,3.3952,0.37775,0.23875,-2.5591,1.3729,1.0699,-1.7785,2.8081,7.1809,-0.68557,3.5056,0.75891,-0.37639,2.1584,-1.5231,-1.3642,-1.7738,0.30115,-1.6614,9.4943,-2.7368,3.0222,5.857,6.3543,0.84727,0.21231,-0.46746,4.2391,-0.31899,1.6563,7.6073,-5.2354,0.96558,-10.418,1.977,1.1412
-2.1692,0.88338,3.9921,-0.01388,-1.0762,-0.4723,0.52133,5.8457,1.6208,2.1132,6.8706,0.94603,-1.4318,-0.3039,-0.10823,-9.1701,6.5883,-3.2546,1.2707,-2.7141,-0.50202,0.95202,5.9878,5.2781,5.82,-0.70067,-3.9752,1.9682,5.1232,5.6173,6.686,5.6931,1.9374,-0.93438,-1.0955,-1.2792,1.3399,-2.1535,-6.0092,-0.9029,0.4051,0.054815,8.0493,-7.7244,0.55177,-0.69859,-1.2412,0.20858,0.26444,-1.5625,0.72734,1.587,-2.5896,-0.20876,4.5149,6.96,-2.6439,4.6957,-2.1633,5.3997,-0.68679,-7.5365,0.031813,0.15166,3.7203,0.59526,0.22888,-2.9438,1.3574,1.4569,-1.8202,2.6644,7.0818,-0.62788,3.611,0.87594,-0.35501,1.9978,-1.5786,-1.1704,-2.2301,0.51691,-1.9914,9.5649,-2.6989,3.1913,5.8232,6.4313,0.88213,0.056148,-0.71023,4.3925,-0.24909,1.7183,7.9615,-5.4333,0.76569,-10.533,1.888,1.5509
-2.5421,0.76589,4.2438,-0.1908,-1.2255,-0.057148,0.88831,5.5298,1.7343,2.1703,6.9344,0.65643,-0.95684,-0.24396,-0.042996,-8.9917,6.1462,-3.4069,1.0478,-2.351,-0.50532,1.3066,5.9157,5.0371,5.7197,-0.20164,-3.6483,2.3358,5.0353,5.2532,7.0598,5.5821,1.9799,-0.67018,-1.0374,-1.579,1.4664,-2.2949,-6.0806,-0.9156,0.3811,0.017266,8.0059,-8.0807,0.54509,-0.83401,-0.9541,-0.034291,0.55248,-1.2662,0.7449,1.5041,-2.553,0.067035,4.5393,7.2399,-2.7134,4.5704,-2.4315,5.1312,-0.68267,-7.5306,0.16214,0.15368,3.3156,0.75098,-0.21924,-2.9693,1.4048,1.3138,-1.559,2.593,6.8139,-0.55573,3.505,1.3203,-0.15566,1.9891,-1.1117,-1.2199,-2.2775,0.42772,-1.6493,9.4826,-2.9522,3.4275,5.5547,6.3998,1.0556,-0.12131,-0.51162,4.6799,-0.68768,1.382,8.4062,-5.467,0.49666,-10.474,2.1275,1.5442
-2.2047,0.37198,4.2429,-0.34574,-1.4128,-0.16684,0.99054,5.5155,1.7347,2.1824,6.7295,0.55719,-1.054,-0.47808,0.091472,-8.716,6.0793,-3.8161,1.345,-2.3786,-0.66643,1.0896,6.0629,5.253,5.2526,-0.033181,-3.5103,2.9561,5.3424,5.5026,7.2532,5.5021,2.0347,-0.762,-0.94806,-1.8996,1.4066,-2.2342,-6.058,-1.1043,0.32172,0.25066,8.2874,-7.9508,0.44609,-0.93595,-0.97065,0.41984,0.53572,-1.1327,0.80112,1.1318,-2.553,-0.14586,4.6671,6.9951,-2.761,4.924,-2.2304,5.4409,-0.4588,-7.6189,0.19218,0.15694,3.3958,0.47918,-0.52269,-2.9411,1.2298,1.0073,-1.7922,2.6391,6.9785,-0.43811,3.6544,1.182,-0.18104,1.794,-1.0649,-1.2696,-2.3611,0.12705,-1.9665,9.4173,-3.0302,3.1889,5.6287,6.3206,0.73793,-0.50803,-0.47529,4.9158,-0.68078,1.6117,8.3225,-5.3835,0.24233,-10.499,2.1105,1.2458
-2.5404,0.08745,3.9467,-0.18674,-1.2442,-0.14438,0.75634,5.5485,1.9845,2.1877,6.7466,0.22379,-1.0759,-0.93673,0.52807,-8.6803,6.0328,-3.6298,1.6058,-2.2854,-0.35897,1.1905,6.0999,5.0984,5.3859,0.056543,-3.3849,3.5271,5.0812,5.2097,7.3772,5.5377,2.1102,-0.41028,-0.97612,-1.4928,0.99671,-2.5044,-5.5999,-0.88815,-0.096982,0.057422,8.471,-7.6613,0.5872,-0.54258,-0.58402,0.32554,0.58485,-0.73785,1.0752,1.0553,-2.5338,-0.16999,4.3777,6.9203,-2.5795,5.3038,-1.9269,5.628,-0.29516,-7.4097,-0.28849,0.14926,3.2198,0.67238,-0.87415,-3.1099,1.2779,0.85099,-1.8364,2.6255,7.1944,0.021523,3.7083,1.1542,-0.54318,1.8331,-1.042,-1.4083,-2.3683,0.029897,-1.553,9.3632,-2.6326,3.3283,5.454,5.9731,0.91994,-0.55349,-0.4677,4.9288,-0.89521,1.232,8.6572,-5.3587,0.2436,-10.447,2.0682,1.4754
-2.5523,0.2377,3.7894,-0.51269,-1.5973,-0.14956,0.81805,5.8009,1.8825,2.1156,6.6939,0.095651,-0.83783,-1.0405,0.73096,-8.9519,6.0592,-3.5165,1.4976,-2.3597,-0.5501,1.2635,6.0327,4.8154,5.453,-0.13952,-3.3454,3.8216,5.4764,5.18,7.8867,5.6684,2.3091,-0.58564,-0.75565,-1.594,0.80871,-2.5059,-5.3933,-0.63499,-0.13484,-0.29476,8.4485,-7.6823,1.0014,-0.60201,-0.49814,0.18348,0.18136,-0.64278,0.99516,0.78995,-2.4767,-0.0011589,4.3637,7.2303,-2.7856,5.4107,-1.8812,5.588,-0.30007,-7.352,-0.28627,-0.09594,3.1265,0.70049,-0.87057,-2.8469,1.1273,0.86534,-2.0507,2.883,6.7567,-0.13571,3.5456,1.2888,-0.27305,1.821,-1.0103,-1.1476,-2.3605,-0.11644,-1.2572,9.0576,-2.8464,3.1689,5.5533,5.9451,0.7462,-0.44199,-0.38147,4.9939,-0.78401,1.0745,8.9524,-4.9076,0.31159,-10.422,2.1675,1.3374
-2.373,0.36161,4.0714,-0.4253,-1.7692,-0.43941,0.64921,5.9464,1.8996,1.9471,6.99,-0.087875,-0.71831,-1.1299,0.96342,-8.9148,5.6785,-3.5593,1.5296,-2.6594,-0.63172,1.4649,6.2534,4.9448,5.6195,-0.18144,-3.3795,3.8734,5.4017,4.9471,8.224,5.8839,2.3519,-0.45985,-1.0758,-1.3182,0.61223,-2.4556,-5.331,-0.48312,0.084576,-0.36941,8.7683,-7.9523,1.0674,-0.55461,-0.34192,-0.014801,0.44194,-0.60187,1.3443,0.74583,-2.3996,0.19436,4.0539,7.2959,-2.5377,5.5798,-1.8689,5.7059,-0.37569,-7.5719,-0.056532,0.032896,2.7846,0.33616,-0.92563,-2.8269,1.154,0.70234,-2.3433,3.2214,6.7694,-0.26148,3.5484,1.1493,-0.56013,1.3454,-1.1867,-1.1933,-2.7175,-0.22709,-1.5111,9.0283,-2.6002,3.3596,6.044,5.844,0.94789,-0.21708,0.099725,4.8072,-1.1537,1.0219,8.7957,-5.0477,0.12193,-10.352,2.5197,1.1727
-2.5916,0.67511,4.3939,-0.20114,-1.8432,-0.78672,0.83301,5.9705,1.8463,1.8565,7.0027,0.02084,-0.52392,-0.82504,1.2155,-9.1581,5.9924,-3.7227,1.7265,-2.8992,-0.43852,1.4475,6.3561,4.5746,5.2565,-0.30234,-3.5484,4.2617,5.463,4.8414,8.3023,5.7328,2.2708,-0.64697,-1.1088,-1.3972,0.51791,-2.4798,-4.9922,-0.40138,0.35535,-0.7031,8.6348,-8.062,0.63926,-0.51725,-0.12021,-0.06858,0.65028,-0.41605,1.3493,0.99362,-2.1391,0.48254,4.0453,7.2393,-2.6712,5.5954,-1.8131,5.4562,-0.16854,-7.4728,0.30931,-0.0048325,3.1624,0.1236,-0.97187,-2.7387,0.96874,0.83771,-2.3805,3.344,6.6776,0.041482,3.3693,1.4015,-0.71319,1.3356,-1.1,-1.0987,-2.4054,-0.43664,-1.649,8.5687,-2.6983,3.4406,5.9718,6.1655,0.6629,-0.11446,-0.24969,4.8523,-1.0933,0.98566,8.877,-5.3508,-0.036116,-10.322,2.9505,0.92879
-2.6067,0.63617,4.3173,-0.15356,-2.0169,-1.033,1.1142,6.3251,2.2724,1.9551,6.9282,-0.24059,-0.22075,-0.55119,1.6403,-9.353,5.9274,-3.383,1.9965,-2.7656,-0.12602,1.5373,5.9838,4.6241,5.0995,0.1945,-3.2871,4.3562,5.8226,4.6778,8.3493,5.8586,2.4342,-0.7025,-1.0614,-1.7534,0.45836,-2.2989,-4.6254,-0.33427,0.11158,-0.41377,8.929,-8.0023,0.25281,-0.88334,0.050342,-0.088557,1.0228,-0.20761,1.1701,0.46575,-2.2527,0.75898,4.229,7.2105,-2.6679,5.4595,-1.7883,5.3852,0.029735,-7.3484,0.37952,-0.26823,3.348,0.24491,-1.0154,-2.7243,0.82522,1.0182,-2.0355,3.2752,6.3831,-0.14279,3.4191,1.7022,-0.94194,1.0096,-0.9763,-0.85546,-2.3282,-0.32743,-1.7183,8.2509,-2.4272,3.6262,5.9077,6.0582,0.83781,-0.47267,-0.37267,5.0207,-0.87564,0.8312,8.5935,-5.3027,0.19777,-10.384,2.6165,0.65591
-2.7396,0.61304,4.4208,-0.0055176,-2.2921,-1.0449,0.72552,6.1095,2.6551,1.7932,6.7105,-0.094729,-0.11524,-0.50856,1.9764,-9.7489,6.1106,-3.5832,2.1597,-2.6599,0.024403,1.5326,5.8693,4.8547,5.1028,0.35954,-3.0867,4.0136,6.036,4.1358,8.218,6.0458,2.7935,-1.1413,-0.8626,-1.8625,0.33893,-2.4772,-4.8761,-0.063218,0.018953,-0.7223,8.7181,-8.0458,0.10584,-1.0301,0.30684,0.29055,1.4152,-0.57569,1.5028,0.45699,-2.4911,0.70679,4.1929,7.2985,-2.6125,5.3196,-1.7604,5.6662,0.32109,-7.2806,0.66315,0.1711,3.3145,0.12161,-0.91422,-2.8794,0.72018,1.0517,-2.0706,2.9329,6.1917,-0.47281,3.8084,1.7963,-1.1402,0.85381,-0.72659,-1.0956,-2.4649,-0.38648,-1.9227,7.9174,-2.2046,3.5563,5.8603,5.7842,0.75552,-0.54102,-0.24158,4.7468,-0.87469,0.59088,8.4029,-5.2489,0.19314,-10.566,2.8964,0.89364
-2.9519,0.35842,4.2863,-0.1251,-2.3058,-0.9774,0.6779,5.7913,2.9197,1.6457,6.7503,-0.13317,0.013939,-0.47083,2.1619,-9.8102,6.3198,-3.1832,1.7754,-2.2756,0.24087,1.4992,5.7776,4.7934,5.0263,0.39758,-3.305,4.2181,6.0891,3.8524,8.2282,5.7716,2.9838,-0.83537,-0.51385,-1.5816,0.26219,-2.3302,-4.5924,-0.044295,-0.21732,-0.6262,8.8062,-8.2521,0.094236,-1.2681,-0.005414,0.63117,1.3076,-0.44526,1.1801,0.095608,-2.5373,0.80553,4.7184,7.4576,-2.5738,5.4756,-1.9223,5.7154,0.24282,-7.5857,0.52246,0.16496,3.5704,0.51442,-0.97276,-2.905,1.1307,1.171,-2.1557,2.894,6.0624,-0.4731,3.9457,1.9259,-0.77739,1.1257,-0.87794,-0.79861,-2.1853,-0.37047,-1.5307,7.8096,-2.2527,3.8013,5.8048,5.8599,0.76486,-0.47681,-0.052228,4.3987,-0.97895,0.49835,8.2759,-4.9876,0.18227,-10.189,3.1341,0.78081
-2.8529,0.25638,4.4532,0.22911,-2.1096,-0.88892,0.41479,5.5427,3.0478,1.8131,6.759,-0.57276,0.017793,-0.44942,2.1316,-10.258,5.9461,-3.4597,1.7732,-2.4099,0.40196,1.4894,5.9432,4.5675,5.0012,0.13793,-3.5645,4.7157,5.9051,3.6627,8.2211,5.8224,3.0224,-0.92704,-0.33237,-1.6804,0.28063,-2.4215,-4.9327,0.10575,0.089089,-0.52793,8.8376,-7.9583,-0.25971,-1.3161,-0.35042,0.44243,1.6318,-0.35251,1.5094,-0.13199,-2.5777,0.64742,4.7855,7.7212,-2.7018,5.657,-1.9678,5.3285,0.029995,-7.2854,0.77648,0.37645,3.6302,0.5488,-1.3649,-2.8821,0.90447,1.143,-2.2191,3.2353,5.7472,-0.061466,4.2766,2.0468,-0.7918,0.74132,-0.65029,-0.88591,-2.6108,-0.28644,-1.5301,7.828,-2.1079,4.1384,5.5233,6.2706,0.72953,-0.73424,-0.041212,4.7561,-0.52816,0.54324,8.3984,-4.9085,-0.16812,-10.263,2.8551,0.89971
-3.0052,0.25484,4.6821,0.28135,-2.0915,-0.99021,0.24988,5.6249,3.2267,1.6477,6.7414,-0.51403,-0.2596,-0.31306,1.901,-10.298,5.7964,-3.3748,1.7703,-2.0962,0.56057,1.4511,5.7629,4.4446,4.8839,0.016398,-3.7354,4.8954,6.2238,3.9015,8.1272,5.8157,2.8345,-1.0245,-0.097046,-1.9565,0.096767,-2.2542,-4.5724,-0.26986,0.086398,-0.67234,8.8451,-8.2338,-0.24499,-1.7264,-0.57086,-0.033395,1.5546,-0.18228,1.8,0.059058,-2.6566,0.49392,4.4203,8.1981,-3.1399,5.6164,-1.9967,5.5398,0.11658,-6.9948,0.81496,0.44349,3.9439,0.8367,-1.3715,-3.2345,0.94163,0.99776,-1.9489,3.2838,6.0519,-0.11742,4.0865,1.9458,-0.52882,0.77433,-0.57475,-1.1389,-2.8172,-0.61156,-1.4986,7.7603,-1.9863,3.9835,5.4764,6.6544,0.85025,-0.611,-0.14499,5.2129,-0.51597,0.41629,8.9012,-5.0072,-0.090801,-10.212,2.9051,1.0852
-2.9245,-0.055224,4.9607,0.24959,-2.2279,-0.9888,0.49219,5.3085,3.0694,1.6466,6.5728,-0.80341,-0.23094,-0.61467,1.6738,-10.046,5.5691,-3.3048,1.6822,-2.2717,0.26051,1.5822,5.9601,4.6327,5.28,0.23818,-3.8055,4.8064,5.9578,3.4033,8.1228,5.6881,3.1955,-1.0561,0.18721,-1.8835,-0.13618,-2.2788,-4.7882,-0.17224,0.23501,-0.51458,9.0497,-8.5376,-0.14595,-1.4069,-0.24245,-0.34015,1.5969,-0.049522,1.7155,0.0027378,-2.4749,0.58929,4.7991,8.4429,-2.9585,5.533,-1.7919,5.5152,0.18042,-7.0771,1.1061,0.40509,3.549,0.80585,-1.0814,-3.1716,1.0717,0.8566,-2.111,3.2387,5.783,0.14886,4.1598,1.8302,-0.85484,0.63449,-0.38845,-1.3875,-2.9357,-0.83173,-1.294,7.974,-2.0912,4.0729,5.708,6.3148,0.94459,-0.98503,-0.45378,5.1372,-0.46578,0.48072,8.8028,-4.9919,-0.0072655,-10.166,3.1299,1.1872
-2.835,0.018789,4.5887,0.35434,-1.8078,-0.96303,0.19918,4.9478,2.9599,1.7186,6.7028,-0.9444,0.079227,-0.63061,1.7228,-10.234,5.4372,-3.4512,1.5514,-2.4179,0.49395,1.4589,5.7962,4.215,5.0958,0.072661,-3.9267,4.8965,5.98,3.0657,7.9001,5.4924,3.4442,-1.0133,-0.099623,-2.1021,-0.4608,-2.7692,-4.5137,-0.38983,-0.025634,-0.40447,9.0459,-8.375,-0.042575,-1.8931,-0.57547,-0.49626,1.7112,0.048331,1.4857,-0.25589,-2.4447,0.36619,4.5729,8.5935,-2.9983,5.854,-1.6852,5.6287,0.49398,-6.6804,0.71815,0.44799,3.5511,1.0508,-1.0786,-3.5082,0.88304,0.96683,-1.7819,3.0931,5.3416,0.48174,4.146,2.072,-0.90555,0.5298,-0.28902,-1.3997,-3.1085,-0.77714,-1.2144,7.8901,-2.0827,4.1192,5.7564,6.1483,1.3189,-1.2351,-0.30381,5.2018,-0.27391,0.51044,8.9789,-4.9482,0.26297,-10.066,3.1565,1.2136
-2.8809,-0.12488,4.5189,0.57273,-1.6051,-1.2743,-0.18942,4.9695,2.8655,2.0596,6.4132,-0.81737,0.49575,-0.73406,2.0079,-10.596,5.5102,-3.674,1.6478,-2.3728,0.23102,1.5877,6.0221,4.1131,5.3921,0.090942,-4.0441,5.214,5.938,2.8904,7.6795,5.164,3.7054,-1.1588,-0.35778,-2.2644,-0.36509,-3.2718,-4.3782,0.030686,0.24261,-0.7423,9.2991,-8.0007,-0.21511,-1.9586,-0.55944,-0.49633,1.8311,0.37304,1.0819,-0.0097285,-2.3905,0.14158,4.3531,9.0682,-3.3702,5.6838,-1.7135,5.8936,0.26224,-6.5918,0.56251,0.90369,3.5098,1.2064,-1.5076,-3.5083,1.1732,0.95751,-2.2355,3.3166,5.1513,0.78747,3.9776,2.1793,-0.72413,0.87718,-0.23588,-1.5042,-3.4566,-1.0318,-0.94958,7.3482,-2.3094,4.0211,5.8176,6.1836,1.5568,-0.83081,-0.33736,4.9238,-0.61528,0.50049,8.9531,-4.5007,0.20958,-9.8431,2.9339,1.1232
-3.0073,0.26568,4.0683,1.0409,-1.3665,-1.19,-0.17405,5.1318,2.9131,2.0376,6.4511,-0.33323,0.30242,-0.92152,2.362,-10.916,5.8079,-3.5458,1.6793,-2.3627,0.73659,1.9681,5.7639,4.0905,5.6952,0.034587,-3.8467,5.1347,5.5865,2.7264,7.601,4.8955,3.905,-1.0255,-0.43306,-2.242,-0.27592,-3.5433,-4.4464,-0.245,0.18339,-0.7313,9.483,-8.25,0.24896,-1.7011,-0.95367,-0.25966,1.7193,0.44769,0.95617,-0.12237,-2.4413,-0.12948,4.3316,9.1618,-3.0373,5.764,-1.4625,6.0761,0.073089,-6.3855,0.43734,0.84606,3.1451,1.3169,-1.4096,-3.227,1.217,0.90443,-2.2929,3.3431,5.0667,0.97654,4.1316,1.9501,-0.67212,0.57527,-0.37772,-1.4539,-3.528,-1.0423,-1.0965,6.816,-2.6038,3.96,5.9073,6.1032,1.46,-1.0098,-0.025037,5.1682,-0.70761,0.20849,9.0927,-4.3542,0.29706,-9.6666,2.8097,1.0431
-2.8664,0.23455,4.2001,1.5092,-1.3145,-0.97249,-0.11995,5.3396,2.7031,2.0379,6.1271,-0.23386,0.092043,-0.98309,2.4568,-11.238,5.7056,-3.4366,1.7547,-2.3385,0.76965,1.8166,5.6455,4.2797,5.65,0.27356,-3.7944,5.3031,5.5188,2.6638,7.9428,4.6558,3.9644,-1.256,-0.3758,-2.0387,-0.59185,-3.708,-4.7148,-0.35781,0.091476,-0.45952,9.1325,-8.0674,0.40454,-1.7147,-0.70028,-0.56254,1.7932,0.56364,1.0174,-0.10101,-2.5489,-0.27163,4.6228,9.3652,-3.225,5.8484,-1.7063,6.0359,-0.0045986,-6.5425,-0.07034,0.83757,2.8788,1.3177,-1.508,-3.5021,1.0411,1.2312,-2.305,3.6309,5.1044,0.82079,4.4163,1.9101,-0.8537,0.38333,0.12972,-1.0647,-3.8572,-1.0666,-0.82681,7.0313,-2.5815,4.1001,6.3033,5.9851,1.7762,-1.0913,0.31066,5.2941,-1.0725,0.41126,9.1569,-4.0679,0.31062,-9.2255,2.9769,1.3806
-2.8424,0.32283,4.4454,1.3443,-1.5529,-1.1762,-0.00091616,5.4869,2.6564,2.0436,5.9418,-0.4354,0.37315,-0.87829,2.1248,-11.371,6.1058,-3.3135,1.8836,-2.3595,0.83386,1.8183,5.9991,4.4834,5.6484,-0.0033456,-3.5292,5.6864,5.5206,2.9125,7.7895,4.6014,3.9267,-1.7657,-0.44373,-2.0958,-0.78746,-3.7515,-4.3181,-0.1884,-0.077161,-0.53117,9.3803,-7.8574,0.038266,-1.9014,-0.50476,-0.50922,2.1058,0.27831,1.2161,0.19258,-2.9987,-0.37754,4.5943,9.4187,-2.9801,5.8253,-1.5097,6.3518,0.28571,-6.5044,-0.24268,0.55217,3.2464,1.2309,-1.7467,-3.0617,1.1825,1.0337,-2.1537,3.2698,4.9804,1.0777,4.3581,2.032,-1.1235,0.40858,-0.12767,-0.90254,-3.7009,-1.105,-0.54784,6.8222,-2.7415,4.4065,6.1075,6.0897,1.6061,-0.7183,-0.093536,5.3496,-0.9302,0.27866,9.4015,-4.0685,0.41837,-8.8847,3.2409,1.4851
-3.1428,0.25509,4.5007,1.6936,-1.599,-1.3637,-0.12113,5.5142,2.7801,2.0515,5.7819,-0.086389,0.37882,-0.9311,1.9574,-11.391,6.1444,-3.3464,1.8214,-2.2438,0.78709,2.2304,5.821,4.1611,5.6359,-0.4313,-3.2496,5.8865,5.519,3.0047,7.6174,4.7548,4.3728,-1.8774,-0.24367,-1.9229,-0.67961,-3.8643,-4.677,-0.28973,0.40131,-0.37835,9.3565,-7.8115,-0.11804,-1.5317,-0.62771,-0.70266,2.0053,0.66229,0.80101,0.090698,-2.7278,-0.71168,4.9135,9.311,-3.0777,5.6627,-1.4617,6.5608,0.54908,-6.7429,-0.47732,0.9479,3.6912,1.1976,-1.3672,-3.1082,1.1004,1.0774,-2.2653,2.9033,4.5061,1.4797,4.589,1.877,-1.4108,0.26909,-0.023243,-1.0049,-3.5671,-0.79667,-0.45117,6.8773,-2.6491,4.2964,5.7795,6.3564,1.5655,-0.34491,-0.021433,5.1074,-1.0901,0.42344,9.8225,-3.9962,0.60874,-8.8059,3.2388,1.7201
-2.7354,0.11472,4.5145,1.9395,-1.6906,-1.6424,-0.26728,5.3578,2.8138,1.6252,5.8613,-0.082668,0.70534,-1.1571,1.9669,-11.603,5.9415,-3.4536,1.9324,-2.2319,0.5387,1.9847,5.9679,4.1453,5.4887,-0.61196,-3.2293,5.5168,5.8775,2.9856,7.5079,4.8554,4.7529,-1.8696,-0.17816,-2.1321,-0.77235,-3.7823,-4.6411,-0.055592,0.087566,-0.5,9.4407,-8.0166,-0.38568,-1.7212,-0.74861,-0.59728,1.9853,1.0261,0.48444,0.22354,-3.0019,-1.1041,4.9841,9.3197,-2.8972,5.6218,-1.591,6.3468,0.48096,-6.6321,-0.43688,0.91619,3.5333,1.3679,-1.4055,-3.0123,1.2522,0.69946,-2.752,2.926,4.4817,1.499,4.4734,2.1328,-1.0304,0.2787,-0.29456,-0.97716,-3.643,-0.71687,-0.65394,6.6822,-2.6846,4.285,5.7102,6.5963,1.7285,-0.37966,0.11227,5.4219,-1.135,0.62246,10.025,-4.0218,0.31521,-8.7353,3.324,1.279
-2.5452,0.33735,4.5706,1.9484,-1.9327,-1.891,-0.41304,5.3932,2.9904,1.2746,5.5696,-0.20442,1.1502,-1.4042,2.1878,-11.445,5.6751,-3.556,2.0028,-2.0698,0.55631,2.1283,6.1012,4.1081,5.4925,-0.52581,-2.9194,5.3548,5.8618,2.9362,7.7153,4.8674,5.1383,-1.8118,-0.11842,-2.2856,-1.1333,-3.5032,-4.7176,-0.14887,-0.091564,-0.31005,9.4634,-8.3642,-0.03489,-1.5188,-0.79848,-0.5964,1.9849,1.3918,0.88676,0.49237,-3.2483,-0.88424,5.4487,9.0974,-2.9222,5.5218,-1.5043,6.2396,-0.053806,-6.9591,-0.66069,0.66204,3.7004,1.3482,-1.3385,-2.565,1.4001,0.51051,-2.8983,3.2219,3.973,1.6192,4.3401,2.2581,-1.1942,0.41566,0.11017,-0.93173,-3.2068,-0.77265,-0.70597,7.0773,-2.2729,4.2217,6.0046,6.872,1.6483,-0.15392,0.50488,5.463,-1.3529,0.65118,10.048,-3.9486,0.089661,-8.6136,3.402,1.2294
-2.4984,-0.11497,4.1888,1.7428,-1.8869,-2.0014,-0.64703,5.469,2.6148,1.2471,5.7441,-0.075315,1.3526,-1.226,2.4873,-11.53,5.812,-3.3301,1.973,-2.121,0.65992,2.0641,6.2094,4.2655,5.8274,-0.30385,-2.9,5.3784,5.9184,2.8765,7.857,4.8493,4.883,-1.6331,-0.42164,-2.4887,-0.93779,-3.2853,-4.3396,0.18321,-0.027325,-0.39763,9.0487,-8.8429,-0.18953,-1.8239,-0.51735,-0.62228,2.0012,1.0167,0.93089,0.49541,-3.5918,-0.60064,5.5067,8.9737,-2.6041,5.4864,-1.2364,6.1604,0.054737,-6.6241,-0.9221,0.31858,3.6479,0.88251,-1.2185,-2.5868,1.6532,0.44427,-2.8859,3.3829,3.7002,1.8678,4.479,2.2337,-1.1778,0.52159,-0.19444,-1.3121,-3.3913,-0.94511,-0.57062,7.065,-2.2768,4.3104,5.7471,6.9029,1.4968,-0.57123,0.16784,5.3768,-1.573,0.26683,10.542,-3.4001,-0.1801,-8.535,3.2848,0.99974
-2.5902,-0.52989,3.8239,1.4645,-1.8112,-1.9593,-0.50611,5.3158,2.6037,1.6196,5.9435,0.15733,1.4662,-1.1709,2.9003,-11.585,6.0856,-3.3739,1.962,-1.9805,0.97397,2.0051,6.6023,4.1587,5.6811,-0.26951,-2.4588,5.3591,5.8507,2.3767,7.725,5.0636,4.5485,-2.0506,-0.54892,-2.9534,-0.85952,-3.6646,-4.231,-0.09057,0.19815,-0.38407,9.3194,-8.8231,-0.50751,-2.2586,-0.4864,-0.47791,2.3212,1.0715,0.94391,0.20175,-3.6727,-0.59048,5.5667,8.6943,-2.8338,5.3309,-1.0354,5.957,0.059002,-6.1091,-0.7517,-0.03658,3.5852,1.0399,-1.3636,-2.3451,2.0362,0.47172,-3.1945,3.3998,3.848,1.5901,4.5907,2.0523,-0.94578,0.5365,-0.44877,-1.0526,-3.3169,-0.45185,-0.89264,7.0394,-2.4742,4.0408,6.1465,7.2648,1.1357,-0.24645,0.18557,5.4226,-1.1537,0.1663,10.969,-3.1855,-0.10968,-8.8819,3.0505,1.0699
-2.5159,-0.53617,3.3362,1.8384,-1.7383,-1.9881,-0.65291,5.5818,2.4687,1.2016,5.7971,0.27409,1.1624,-0.70863,3.1752,-11.668,6.1751,-3.5563,1.8089,-1.9396,1.1794,1.6426,6.9066,4.092,5.7907,0.21998,-2.263,5.2324,5.7583,2.5294,7.9925,5.4121,4.5607,-1.8539,-0.60286,-3.0445,-0.79605,-3.7778,-4.0686,-0.11058,0.5018,-0.31488,9.6198,-8.7416,-0.77827,-1.9658,-0.45835,-0.48373,2.4888,1.3262,0.65925,-0.10852,-3.6825,-0.67969,5.7326,8.4721,-2.8276,5.6174,-0.98643,5.9125,0.0012705,-5.6279,-0.55074,0.17305,3.8507,1.2974,-0.96529,-2.2865,2.1478,0.5519,-3.1365,3.4419,3.4071,1.2888,4.4891,1.8011,-0.69663,0.48705,-0.56265,-1.3414,-3.4034,-0.26341,-1.1718,6.9698,-2.3799,3.9784,6.3097,7.4429,1.3931,-0.33204,0.22551,5.7985,-0.88587,0.11028,11.311,-3.1468,-0.2835,-8.7105,2.9078,1.1697
-2.4782,-0.65916,3.0472,1.8155,-1.761,-2.2996,-0.55698,5.8182,2.1677,1.5874,6.1491,0.3078,1.0245,-0.26734,3.6008,-11.24,6.181,-3.5076,2.102,-1.696,1.1701,1.5244,7.2311,4.0886,5.7347,-0.19777,-2.591,5.1791,5.7389,2.0908,7.9561,5.6623,4.9379,-2.2063,-0.96067,-3.3962,-0.47814,-3.7579,-3.7266,-0.28934,0.27312,-0.40577,9.5437,-8.8784,-1.0962,-1.9986,-0.4781,-0.077629,2.1654,1.235,0.99018,-0.50769,-3.2689,-0.73658,5.7233,8.6204,-3.2507,5.8137,-1.1422,5.9651,-0.026682,-5.1076,-0.24019,0.43046,3.8887,1.3353,-1.2288,-2.018,2.0895,0.39241,-3.421,3.49,3.4528,1.678,4.4559,1.8928,-0.43043,0.80486,-0.46795,-1.2597,-3.0339,0.1938,-1.3863,6.5762,-2.3474,3.7211,6.2646,7.445,1.5784,-0.44835,0.20745,5.6316,-0.62868,0.17223,11.439,-3.0803,-0.49608,-8.8082,2.7296,0.80975
-2.4694,-0.50807,3.48,1.9515,-2.0137,-2.4991,-0.97283,5.8281,2.2857,1.5894,6.223,0.28105,1.4387,-0.025868,3.6374,-11.257,6.4589,-3.4075,2.2244,-1.6727,1.4724,1.1931,7.202,4.2445,5.5011,0.32056,-2.9041,5.4773,5.673,2.3054,8.2777,5.7935,5.0403,-2.0949,-0.62249,-3.396,-0.488,-3.989,-3.6711,-0.31863,0.477,-0.0025036,9.7252,-8.7406,-1.0212,-2.2088,-0.8529,-0.21792,2.0357,1.0916,1.1597,-0.35847,-3.211,-0.51957,5.5921,9.1051,-2.9644,5.6312,-1.4922,5.6929,-0.11228,-4.9655,-0.18375,0.046482,4.2509,1.1912,-1.2463,-1.7479,2.0751,0.44791,-3.5329,3.1406,3.1393,1.8219,4.4125,1.7957,-0.34563,0.99514,-0.1147,-1.0183,-3.2368,0.027921,-1.7027,6.9306,-2.0257,3.4941,6.3985,7.4339,1.8714,-0.44448,0.29678,5.3935,-0.94596,-0.048934,11.46,-3.3405,-0.57898,-8.8223,2.3604,0.52205
-2.6078,-0.91822,3.4189,2.2172,-2.0441,-2.71,-0.91304,5.6195,2.7587,1.5363,5.9709,0.53269,1.0753,-0.1414,3.6788,-11.531,6.4599,-2.9739,2.4746,-1.6715,1.5151,1.3296,6.9993,4.5132,5.7232,-0.076264,-3.0771,5.634,5.3661,2.2362,8.675,5.2953,5.4746,-2.272,-0.59892,-3.3101,-0.87803,-3.9368,-3.9946,-0.38441,0.85396,0.054081,10.095,-8.7345,-0.92754,-2.2212,-0.91488,-0.14418,2.0204,0.5888,1.0182,-0.27014,-3.1341,-0.50716,5.8937,9.0416,-2.786,5.1653,-1.5204,6.035,-0.19444,-5.0231,-0.12812,0.20182,4.4735,1.1513,-0.94286,-1.8183,2.2895,0.062,-3.8428,3.41,3.0888,1.4828,4.4236,1.7409,-0.2006,1.0044,-0.40418,-1.0798,-3.1039,0.15295,-1.7818,6.7552,-2.2921,3.8826,6.6487,7.4928,1.9178,-0.51146,0.36602,5.4095,-0.55013,-0.13355,11.296,-3.3435,-1.0044,-8.7967,2.1998,0.61517
-2.4886,-0.82142,3.704,2.1199,-2.053,-2.7511,-1.152,5.2884,2.9495,1.5427,5.8981,0.62926,1.4476,0.17794,3.7627,-11.503,6.714,-2.5166,2.69,-1.699,1.3942,1.1106,6.8708,4.8142,6.0612,-0.3738,-2.6806,5.7124,5.3945,2.4281,8.9494,5.0888,5.8342,-2.6157,-0.54452,-3.2497,-1.0183,-3.6034,-3.954,-0.35109,0.47814,0.53935,10.227,-9.0793,-0.78022,-2.1187,-0.47193,-0.42173,2.2665,0.19657,0.62853,0.054703,-3.0725,-0.60788,6.0393,9.1877,-2.4095,5.3613,-1.1354,6.3012,-0.1027,-5.0302,0.14684,0.3476,4.5992,1.2572,-0.91047,-1.6525,2.2881,-0.03998,-3.8696,3.7142,2.814,1.4345,4.3271,1.6194,-0.13113,1.1544,-0.099915,-1.3614,-2.639,0.0081126,-1.4086,6.8306,-2.5163,4.1208,6.9532,7.2134,1.475,-0.64575,0.30181,5.109,-0.23112,-0.53001,11.301,-3.1725,-1.1349,-8.6847,2.0645,0.64078
-2.3624,-1.1093,3.2779,1.9833,-2.2571,-2.7156,-0.89388,5.2596,2.898,1.2798,5.8935,0.64043,1.54,0.025671,3.9208,-11.48,7.0278,-2.4028,2.6327,-1.7291,1.2294,1.3823,6.8752,4.6693,6.2127,-0.22323,-2.7642,6.133,5.6968,2.1555,9.0911,5.1473,5.8338,-2.4013,-0.22032,-3.456,-1.0266,-3.2231,-3.8755,0.081162,0.36498,0.26521,10.198,-9.0195,-1.0672,-1.7103,-0.66432,-0.048015,2.4973,0.42408,0.33572,0.31247,-3.0726,-0.38846,6.0453,8.9881,-2.2259,5.6356,-1.0716,6.6894,-0.071662,-4.9001,0.49362,0.3435,4.69,1.1219,-0.78016,-1.1709,2.4324,-0.44786,-3.8535,3.6274,2.3479,1.799,4.3326,1.3074,-0.2116,1.4133,-0.31426,-1.3479,-2.3855,0.3985,-1.5627,7.1389,-2.5567,3.9178,6.6571,7.2615,1.4944,-0.56114,0.15488,5.0922,-0.60772,-0.17423,11.006,-3.2249,-1.217,-8.5848,1.8117,0.42132
-2.3148,-1.1214,3.2515,1.7103,-2.6348,-2.3854,-0.97766,5.2597,2.5453,0.91041,6.1284,0.46918,1.8882,-0.30388,4.2934,-11.863,6.8851,-2.6479,2.513,-1.4809,0.90506,0.98594,6.7368,4.5498,6.4235,0.016269,-2.7806,6.4524,5.2411,1.8715,9.0267,4.8819,6.2982,-2.4073,-0.55664,-3.5018,-1.2922,-3.3937,-3.6746,0.16477,0.39155,0.11817,10.601,-8.7447,-0.93777,-1.7206,-0.86963,-0.055443,2.5684,0.066345,0.61468,0.15919,-3.5194,-0.41642,5.8116,8.8737,-2.2254,5.6694,-0.86064,6.5634,-0.48835,-4.7324,0.86833,0.67909,4.6141,1.1715,-1.1648,-1.1007,2.7067,-0.5043,-3.8735,3.9641,1.8246,2.2833,4.4822,0.96343,-0.24032,1.2429,-0.12166,-1.4632,-2.4239,0.061135,-1.6533,7.2755,-2.1335,4.3736,6.8018,7.4623,1.8541,-0.55618,-0.033057,5.0306,-0.91562,0.057199,10.932,-2.9782,-0.75954,-8.4814,1.6222,0.45533
-2.3275,-1.1295,2.8481,1.5709,-2.9485,-1.9792,-1.0003,5.224,2.8443,1.0711,6.0368,0.81851,1.6568,-0.3993,4.2969,-12.235,7.0054,-2.6313,1.992,-1.264,0.98812,1.1409,6.5271,4.4504,6.4421,-0.24359,-2.8129,6.2663,4.9872,1.9116,9.235,4.8134,6.2972,-2.0897,-0.30923,-3.4281,-1.2496,-3.2323,-3.6573,0.054804,0.32123,0.35028,10.636,-8.4571,-0.77658,-2.0182,-0.76591,-0.17822,2.7091,-0.31712,0.44587,0.32033,-3.0911,-0.17519,6.2737,9.2593,-2.1892,5.5625,-0.82806,6.6596,-0.49595,-4.7136,0.86743,0.81666,4.2617,0.87842,-1.2713,-1.1225,3.1226,-0.60243,-3.5907,4.0025,1.4888,2.4818,4.4578,0.98003,-0.15517,1.2088,0.11583,-1.5594,-2.4099,0.39974,-1.5506,7.5396,-2.0719,4.1551,7,7.7139,1.6817,-0.93484,-0.22164,5.2937,-1.2844,-0.43257,10.773,-2.9592,-0.47184,-8.3321,1.5133,0.22503
-2.4738,-1.1405,2.7851,1.4524,-3.1361,-1.6961,-0.87564,5.2453,2.563,1.2464,5.8569,0.53758,1.676,-0.42827,4.2593,-12.276,6.977,-2.7,2.1472,-1.2444,0.66581,1.2623,6.4806,4.5115,6.6818,-0.46818,-2.8185,6.3055,5.1849,2.0746,9.4583,4.6779,6.2818,-1.9546,-0.2557,-3.8239,-1.2324,-3.6005,-3.4442,0.010138,-0.081693,0.25055,10.524,-8.5825,-0.60761,-1.5711,-0.63942,-0.23979,2.8676,-0.38593,0.7911,0.23576,-2.8178,0.13208,6.0441,9.2964,-2.2614,5.4634,-0.85925,6.3492,-0.52102,-4.5485,0.87138,0.78702,4.0448,1.0473,-1.2024,-1.2552,2.8805,-0.24839,-3.7864,4.3045,1.7304,2.2148,4.153,0.83977,-0.122,1.33,-0.039259,-1.1366,-1.9829,0.60589,-1.6663,7.4824,-1.7639,4.3056,6.7498,7.4728,1.7551,-0.95028,0.1314,5.5883,-0.90256,-0.55953,10.9,-2.8793,-0.81767,-8.0873,1.1475,0.57909
-2.0676,-1.1897,3.0651,1.2719,-2.9915,-1.8656,-0.65986,5.3129,2.838,0.9872,5.4943,0.47672,1.9598,-0.51484,4.2621,-12.191,6.8119,-2.7954,1.6734,-1.2777,0.725,1.4148,6.714,4.9428,7.2432,-0.58766,-2.7655,5.9871,5.0975,1.9925,9.7206,4.4943,6.3211,-1.7709,-0.22908,-3.6093,-1.0087,-3.6251,-3.448,0.41801,-0.0099581,0.77916,10.893,-8.4946,-0.071936,-1.8502,-0.58014,-0.35686,2.7288,-0.32646,0.71968,0.19662,-2.7702,0.45362,5.7525,9.4179,-2.5659,5.3754,-0.46006,6.6397,-0.50763,-4.6724,1.0617,0.92604,3.9997,1.0413,-1.159,-1.2004,2.8837,-0.65745,-3.4154,4.2969,1.7791,2.77,4.439,0.42165,-0.06233,1.6661,0.21175,-1.0989,-2.2732,0.37575,-1.3512,7.0271,-1.4967,4.3168,6.6153,7.6713,1.6502,-0.93599,-0.057913,5.637,-0.8535,-0.74686,10.71,-3.1456,-0.79936,-8.2071,0.83104,0.97252
-2.3163,-0.93091,2.8892,1.2849,-3.0339,-1.5732,-0.57241,5.2019,2.781,1.144,5.3637,0.38892,1.9271,-0.55562,4.3366,-11.736,6.5316,-2.8389,1.133,-1.399,0.95289,1.0113,6.9744,4.9016,7.2404,-0.37915,-2.4368,6.3674,4.8069,1.8799,9.7047,4.347,6.6902,-1.5419,-0.22204,-3.6607,-1.1462,-3.6834,-3.685,0.22895,-0.15384,0.97156,11.002,-8.1322,0.081737,-1.8337,-0.39404,-0.0010999,3.0676,-0.27999,0.45565,0.47509,-3.2457,0.21412,5.5527,9.3103,-2.5082,5.2181,-0.84813,6.9002,-0.47122,-4.5184,1.4336,1.0525,3.9049,0.98855,-1.5738,-1.445,2.6919,-0.60874,-3.3648,4.2264,1.8845,3.1824,4.6781,0.43471,0.30467,1.6025,0.17976,-0.82753,-2.1149,0.75957,-1.3409,7.4207,-1.1919,4.6898,6.5274,7.5827,1.5585,-0.90569,0.21877,5.8466,-0.80835,-0.58352,10.633,-2.8821,-0.45844,-8.1893,0.62278,0.77264
-2.076,-0.71324,2.7007,0.79687,-3.0036,-1.8178,-0.83538,4.8875,2.7172,1.0115,5.5881,0.59016,1.9978,-0.51798,4.0417,-11.743,6.3089,-2.3938,1.4224,-1.7931,1.2404,0.95031,6.8721,5.2378,7.3181,-0.55447,-2.8088,6.1564,4.5733,1.97,9.7505,4.2137,6.5142,-1.2432,-0.58771,-4.1093,-1.3554,-3.5824,-3.9332,0.19247,-0.042265,1.0966,10.627,-8.5956,0.51278,-1.8291,-0.43589,0.077229,2.845,-0.37858,0.79101,0.31181,-3.7494,-0.25426,6.0567,8.968,-2.2769,5.2416,-0.84146,6.5932,-0.84795,-4.9202,1.5445,0.99579,4.1354,0.99888,-2.0769,-1.3917,2.6754,-0.65117,-3.4868,4.369,1.7994,3.6189,4.7518,0.38382,0.55504,1.952,-0.12779,-0.88559,-1.74,0.74648,-1.228,7.1119,-1.0679,4.4394,6.5904,7.3619,1.4389,-0.81294,0.13888,5.5678,-0.78246,-0.4797,10.751,-2.809,-0.3145,-8.3145,0.44727,0.89664
-1.8112,-0.78483,2.4366,0.65129,-2.8968,-1.5536,-1.2146,4.6383,2.8183,1.0707,5.8308,0.33534,1.9545,-0.83313,4.1669,-11.715,5.9944,-2.6812,0.96899,-1.8252,1.1327,0.60903,7.0015,5.4055,7.7774,-0.66086,-2.9552,6.4386,4.0777,1.8315,9.7656,4.1723,6.7924,-0.83586,-0.8037,-4.2853,-1.2832,-3.9116,-3.6766,0.35176,-0.2177,1.1604,10.779,-8.8589,0.65189,-1.9799,-0.4533,-0.059348,2.8799,-0.55911,0.74753,0.45907,-3.8794,-0.16167,6.4614,8.9227,-2.6652,5.2499,-0.86906,6.2138,-0.96066,-5.0253,1.4938,0.90548,4.0405,0.89748,-2.0617,-1.1195,2.6904,-0.6617,-3.5086,4.1158,1.636,4.0691,4.6427,0.75478,0.68121,2.2955,-0.46659,-0.80651,-1.9939,1.1517,-1.3453,7.1121,-0.8182,4.671,6.2567,6.8872,1.6482,-1.17,-0.32014,5.7186,-0.69747,-0.27439,10.988,-2.8646,-0.12646,-8.3413,0.33998,0.81625
-1.8216,-0.82991,2.6155,0.13682,-2.7553,-1.4052,-1.0162,4.7493,2.629,1.3067,6.2065,0.37266,2.2145,-0.97232,4.0868,-11.584,5.5713,-2.4685,0.81326,-1.6929,1.193,0.58794,7.1672,5.5842,7.8741,-0.54719,-2.9504,6.1568,4.2502,1.5456,9.8418,4.0981,7.0824,-1.0992,-1.039,-4.032,-0.9624,-4.0756,-3.8261,0.12447,-0.1639,1.1565,10.839,-8.9446,0.63686,-2.2148,-0.68612,-0.20108,2.7414,-0.625,1.0159,0.70546,-3.5986,-0.46598,6.4491,8.9595,-2.5458,5.5191,-0.93854,5.7796,-0.78188,-5.0984,1.9046,0.79854,4.3726,0.97679,-2.4574,-0.94351,2.2767,-0.6567,-3.148,4.2757,1.6219,4.0265,4.3593,0.39072,0.42127,1.9979,-0.35977,-0.63772,-1.9863,0.93026,-1.2745,6.618,-0.56066,4.9723,6.5964,6.7203,1.8297,-1.4439,-0.33781,5.5985,-0.88235,-0.60963,11.068,-2.8922,0.1541,-7.9335,0.40708,0.5128
-1.8256,-0.45967,2.2425,0.37049,-2.5388,-1.3031,-0.72036,4.7675,2.5581,1.0814,6.4656,0.0050285,2.3758,-0.98192,4.0371,-11.718,5.584,-2.602,0.65714,-1.6434,1.5455,0.61379,6.7953,5.4972,7.9731,-0.70449,-2.9237,5.7219,4.1818,1.075,9.8482,4.2825,7.0898,-1.1246,-1.3144,-4.0652,-0.83448,-3.8727,-3.9413,0.22403,0.006844,1.2852,11.185,-8.604,1.1636,-1.7705,-0.94755,-0.13043,2.8936,-0.29248,1.4544,0.74999,-3.6017,-0.45501,6.6204,8.6091,-2.8909,5.3165,-1.0817,5.6213,-1.0238,-4.9264,2.1592,0.91095,4.3458,0.78401,-2.5066,-0.87602,2.5351,-0.55644,-3.3173,4.175,1.1601,4.2162,4.1911,0.21272,0.4205,2.0206,-0.44522,-0.68818,-2.0757,0.92674,-1.1673,6.6677,-0.4039,5.4727,7.0388,6.3928,1.4392,-1.4614,-0.35531,5.2897,-0.50313,-0.58655,10.959,-2.525,0.14618,-7.445,-0.12661,0.47527
-1.6358,-0.36478,1.7723,0.36136,-2.638,-1.1966,-0.38593,4.7921,2.6052,0.75869,6.0969,-0.056544,2.134,-1.2531,4.3728,-11.459,5.6871,-2.3614,0.63361,-1.2902,1.4707,0.57439,7.05,5.2525,8.4235,-0.91779,-3.3114,5.7644,3.896,0.72635,9.4722,4.4147,6.9051,-1.3498,-1.252,-4.0243,-0.41657,-3.5956,-4.1801,0.20469,0.15373,1.0434,11.574,-8.6696,1.2241,-1.3762,-0.79866,0.1061,2.7048,-0.44683,1.3293,0.79809,-3.6966,-0.32023,6.3217,8.359,-2.9881,5.7134,-1.2858,5.5832,-1.0901,-4.9631,2.1424,0.61616,4.3864,0.55483,-2.967,-0.77371,2.1564,-0.30793,-3.4186,4.4353,0.62535,4.4017,3.9952,0.22831,0.53167,1.6158,-0.33892,-0.97932,-2.0371,0.48668,-0.85231,6.6771,-0.36311,5.6989,7.3855,6.5471,0.9717,-1.9031,-0.071759,5.2632,-0.24369,-0.8745,11.025,-2.3244,0.30043,-7.1412,-0.11741,0.63867
-1.7868,-0.44864,1.6213,0.6327,-3.0003,-0.85355,-0.47446,4.3399,2.5693,0.67923,5.633,-0.062139,2.1356,-1.1109,4.183,-11.392,5.4158,-2.2184,0.56713,-1.222,1.9197,0.071907,7.1772,4.968,8.7808,-0.90095,-3.2822,5.4667,3.6188,0.31785,9.8251,4.0937,6.5817,-1.669,-1.4274,-4.0363,-0.33308,-3.3758,-4.2057,0.3287,0.040578,1.0104,11.365,-8.4851,1.4819,-1.4044,-0.59594,0.40799,2.5919,-0.17132,1.3678,0.93249,-3.8009,-0.49147,6.7794,8.5945,-3.0808,5.8295,-1.5329,5.5631,-0.95611,-4.7368,2.1258,0.45112,4.1589,0.81818,-3.4432,-0.82476,2.3065,-0.32566,-3.6146,4.3822,0.12366,4.8108,3.6778,0.35527,0.27776,1.9369,-0.24322,-0.85592,-1.9569,0.48231,-0.67133,6.4343,-0.028533,5.7554,7.3288,6.8566,0.85592,-2.0375,-0.026396,5.2068,-0.21949,-0.89771,11.299,-2.6942,0.16685,-7.0914,0.00046547,0.51157
-1.8972,-0.48553,1.4104,0.36215,-2.9633,-0.92824,-0.50527,4.0803,2.3059,0.18605,5.5083,0.22195,2.0142,-0.92272,3.7846,-10.964,5.3052,-2.3343,0.40099,-1.1838,2.1468,0.27131,7.0328,4.8378,8.9739,-1.0709,-3.5007,5.5807,4.0576,0.085332,9.7206,4.0746,6.7113,-1.4275,-0.94101,-4.4012,-0.35726,-3.1549,-4.309,0.36588,0.24906,0.94651,11.23,-8.1822,1.7349,-1.3024,-0.451,0.28625,2.5265,-0.32451,1.3483,1.1354,-3.984,-0.26538,6.9564,8.6143,-3.2502,5.8993,-1.4754,5.6043,-0.88996,-4.7999,2.1936,0.55939,4.0738,0.55433,-3.7204,-0.56447,2.5108,-0.024001,-3.806,4.1164,0.10464,4.8568,3.6566,0.63434,-0.12449,1.8616,-0.081322,-0.92933,-1.6527,0.63156,-0.72922,6.0527,-0.00802,5.6911,7.2458,6.8587,0.75329,-1.7483,-0.31786,5.6435,-0.53796,-0.8964,11.441,-2.8906,0.12451,-7.4084,-0.24366,0.30152
-1.9733,-0.66206,1.2598,0.3725,-2.6663,-1.0694,-0.090309,4.11,2.2138,0.26456,5.7429,0.13958,1.7096,-0.71532,3.8636,-10.934,5.4022,-2.3201,0.31725,-1.2175,1.8468,0.22775,6.9033,4.9021,9.1153,-1.0966,-3.7445,5.8688,4.1124,-0.38149,9.998,4.2829,6.4584,-1.2277,-0.72391,-3.9498,0.0080536,-3.1503,-4.4336,0.54168,0.25426,0.88841,11.093,-8.4475,1.8879,-1.6226,-0.31279,0.37357,2.3118,-0.58296,1.7899,0.93534,-4.0689,-0.49306,7.0519,8.5276,-3.2893,5.5463,-1.3307,5.9113,-0.93019,-4.5736,1.909,0.24613,4.4746,0.77383,-3.5914,-0.81879,2.0465,-0.15958,-4.1043,4.1046,-0.40796,5.064,3.6003,0.77734,-0.3621,1.8354,-0.0005835,-0.84291,-1.4956,0.32417,-1.0795,5.8309,0.068792,5.8794,7.3171,6.845,0.41269,-1.8157,-0.39114,5.7295,-0.36389,-0.91561,11.234,-2.9613,0.19512,-7.1035,-0.54519,0.088356
-2.4821,-0.8308,1.0441,0.41081,-2.8205,-0.85539,0.13743,4.1231,1.8302,-0.19237,5.6509,-0.25555,1.687,-0.85161,3.7993,-11.118,5.5395,-1.8989,0.14979,-1.4964,1.933,0.14767,6.7821,4.8231,9.0882,-1.4757,-3.8462,5.9651,3.8098,-0.32701,10.255,4.246,6.7724,-1.185,-0.53628,-4.0275,-0.1788,-2.8274,-3.9287,0.44443,-0.1571,0.92289,10.86,-8.8671,2.1196,-1.5362,0.072098,0.57036,2.1689,-0.89303,1.754,1.2059,-4.0891,-0.40777,7.3845,8.8223,-3.1723,5.4881,-1.32,5.7639,-1.0675,-4.9483,1.6908,0.67192,4.2842,1.085,-3.7419,-0.93753,2.1317,0.22982,-3.6897,4.1077,-0.84563,5.0079,3.8036,0.40358,-0.52931,1.5836,0.096116,-0.4417,-1.6258,0.42704,-1.3153,5.7633,-0.033404,5.7803,7.2617,6.6982,0.079132,-2.1225,-0.33825,5.7696,-0.42097,-1.0236,10.793,-2.9359,0.087427,-6.9237,-0.17627,0.078788
-2.4031,-0.99941,0.94939,0.49699,-2.8215,-0.92569,0.11372,4.0463,1.7824,-0.44032,5.3582,-0.044707,1.8773,-1.2996,3.5582,-11.126,5.2037,-2.1789,0.28359,-1.6406,1.741,0.21834,6.22,4.4142,9.0586,-1.4969,-3.9975,6.004,4.0852,-0.18132,10.158,4.0641,6.8402,-1.1431,-0.51812,-4.0104,-0.20398,-2.845,-3.7158,0.13257,-0.094196,1.3848,10.584,-9.1247,2.3098,-1.6334,0.16554,0.79004,2.006,-0.59666,1.7088,0.87008,-3.9837,-0.44107,7.3664,8.6034,-3.4735,5.4915,-1.4077,5.567,-0.96788,-5.3099,1.4899,0.7913,4.7241,1.1552,-3.9786,-1.0116,1.9547,-0.091584,-3.5892,4.0238,-0.68217,5.1384,3.7236,0.45669,-1.0194,1.3012,0.25035,-0.37726,-1.9824,0.42491,-1.3554,5.9037,-0.037432,6.2598,6.9142,6.6868,-0.33481,-2.2029,-0.34216,5.5932,-0.26482,-0.94939,11.063,-2.9043,-0.089164,-6.6483,-0.29511,0.36768
-2.352,-0.68586,1.3289,0.51545,-2.7753,-1.0883,0.12764,3.6094,1.5369,-0.22165,5.5207,0.13553,1.8949,-1.7128,3.3956,-10.924,5.2478,-2.1769,0.28108,-1.3061,2.1899,0.021971,6.4262,4.5235,9.2652,-1.5041,-4.1511,5.8799,3.8659,-0.12125,10.26,4.015,6.9613,-0.91181,-0.19677,-3.8018,-0.11786,-2.9661,-3.5774,0.012226,-0.17184,1.6861,10.853,-9.1575,2.3691,-1.5721,0.24776,0.72866,2.0181,-0.32159,1.754,0.71532,-4.3289,-0.3933,7.3127,8.1494,-3.4602,5.2717,-1.1421,5.6648,-1.1366,-5.4293,1.5289,0.85784,4.7335,1.0923,-4.0101,-0.85904,1.9678,-0.068802,-3.4861,4.0691,-0.3729,4.9883,3.7265,0.063111,-0.90568,1.4313,0.41137,-0.11476,-1.7573,0.17618,-1.2689,6.0035,-0.060833,6.2619,6.9392,6.6545,-0.44946,-2.3885,-0.47456,5.6215,-0.20451,-0.75632,11.174,-2.6812,-0.2874,-6.2002,-0.54657,-0.010113
-1.9969,-0.42085,1.5736,0.13957,-2.8341,-0.9311,0.18447,3.6928,1.5609,-0.2989,5.3636,-0.20431,1.7152,-1.4048,3.0909,-10.938,5.1415,-2.0703,0.3978,-1.0032,2.2978,-0.35227,6.529,4.2298,9.5467,-1.4496,-4.4125,5.4533,3.6129,0.28966,10.315,3.6667,6.6976,-0.92822,-0.25402,-4.0273,0.14963,-2.8949,-3.4441,0.26216,-0.084629,1.7786,10.802,-8.8026,2.2587,-1.5378,0.0070668,0.66922,2.0654,-0.77719,1.3545,1.0793,-4.2068,-0.38241,7.3483,7.7462,-3.6814,5.0554,-1.0389,5.825,-1.3926,-5.8418,1.393,0.95325,4.9771,0.98208,-4.1079,-1.0383,1.8653,-0.12581,-3.2381,3.8044,-0.78465,5.0868,3.6361,0.019872,-0.59262,1.3644,0.13513,-0.418,-2.1878,-0.22012,-1.2313,5.8781,-0.35205,6.346,6.8546,6.5049,-0.23277,-2.1514,-0.48126,6.0267,0.053692,-0.64933,11.316,-2.8306,0.061029,-6.1353,-0.75392,-0.34091
-1.6402,-0.47389,1.8306,0.031395,-2.9668,-0.77815,0.53583,3.7604,1.9518,-0.32517,5.558,-0.67556,1.2549,-1.4365,3.025,-10.744,5.5069,-2.3018,0.34266,-1.019,2.5437,-0.52632,6.8112,4.5745,9.4998,-1.3332,-4.1401,5.0944,3.9217,0.15626,10.527,3.2836,6.5613,-0.49718,0.33214,-4.1072,0.094893,-3.3406,-3.625,0.24625,-0.026506,1.8465,10.849,-9.1842,2.3118,-1.7549,0.010192,0.82162,2.1479,-0.97126,1.4169,0.94064,-3.7424,-0.31638,7.2987,7.9171,-3.3344,5.3493,-1.2603,5.9608,-1.3336,-5.6286,1.2505,1.1867,5.1577,1.0602,-4.1155,-0.97489,1.9905,-0.047071,-3.2253,3.9499,-0.92162,4.9992,3.7664,0.18277,-0.34795,1.3124,0.065228,-0.37349,-2.2769,-0.40596,-1.3223,5.7105,-0.30357,6.3547,6.8599,6.3639,-0.32934,-2.1126,-0.50409,6.1043,-0.060009,-0.84684,11.276,-2.5704,0.10516,-5.9095,-1.0649,-0.301
-1.3364,-0.84718,1.8875,-0.11702,-2.466,-0.90361,0.36351,4.0085,2.392,-0.55825,5.5878,-0.78218,1.3913,-1.6363,2.9701,-10.818,5.8088,-2.1842,0.20733,-0.65151,2.2823,-0.70683,6.4086,4.7717,9.4699,-1.4986,-3.97,4.8952,3.5627,0.51081,10.88,3.1571,6.4831,-0.8733,0.7949,-3.807,0.019714,-3.1462,-3.6304,0.22835,-0.30511,2.0051,10.582,-9.6096,2.6042,-1.2961,-0.25848,0.84963,2.0138,-0.88744,1.4471,0.9094,-3.6641,0.047148,7.3928,7.9273,-3.3012,5.3299,-1.5372,5.8606,-1.3805,-5.7816,0.93775,1.2738,5.033,0.90608,-4.2525,-0.96431,1.7971,0.071128,-3.1737,3.8076,-0.8721,4.8197,3.7643,0.52088,0.040191,1.333,0.096308,-0.38064,-2.4714,-0.011898,-0.99972,5.7285,-0.1533,6.6059,6.9007,6.401,-0.13068,-1.7876,-0.33797,6.1693,-0.15129,-0.98195,11.156,-2.5196,0.42873,-5.5977,-0.9863,-0.020189
-0.96416,-1.1083,1.9491,0.11511,-2.4188,-1.0783,0.3965,3.8451,2.7132,-0.68287,5.4774,-0.65924,1.4714,-1.88,2.9579,-10.497,5.4566,-2.1001,-0.0090595,-0.53249,2.3612,-0.73678,6.5929,4.8843,9.8602,-1.1328,-3.8461,4.7692,3.8005,0.62009,11.032,3.1048,6.4822,-0.66896,1.2546,-3.591,0.15175,-3.383,-3.3175,0.31412,-0.58527,2.2146,10.722,-9.8883,2.9366,-1.3925,-0.18982,1.1319,1.9007,-1.0334,1.5003,1.0897,-3.8941,0.25585,7.2672,7.8381,-3.3792,5.3047,-1.4596,6.1898,-1.6307,-6.209,1.0033,1.3412,5.0616,1.1407,-4.2932,-0.55918,1.3608,0.32321,-3.4969,3.8981,-0.6133,4.4866,4.1179,0.60545,-0.28367,1.4598,0.2058,-0.7871,-2.5458,-0.11408,-0.97022,5.8565,-0.62419,6.9688,7.1694,6.4152,0.027194,-2.1553,-0.18124,6.0507,-0.51728,-0.95831,10.786,-2.5505,0.33839,-5.34,-0.89068,-0.18013
-0.98319,-1.3122,2.1319,0.086625,-2.6189,-1.0465,0.30146,3.7537,2.3524,-1.0194,5.6254,-0.85282,1.5099,-1.8315,2.6355,-10.504,5.2512,-2.2129,-0.2499,-0.14689,2.2909,-0.73033,6.1454,4.8593,10.348,-1.3211,-3.6012,5.0578,3.9857,0.56175,10.902,2.8075,6.5844,-0.72351,1.3649,-3.7618,0.23061,-3.2847,-3.3964,0.15259,-0.72113,2.4954,10.748,-9.8207,2.8892,-1.12,0.13269,1.0765,1.9042,-1.1689,1.9369,1.2831,-3.9122,0.16183,7.338,7.6714,-3.007,4.9256,-1.3613,5.9291,-1.7164,-6.3347,0.53611,1.7978,5.1716,1.4006,-4.3102,-0.23899,1.2003,0.33094,-3.5522,3.5169,-0.45054,4.3212,4.1486,0.96538,0.077933,1.1536,0.10061,-0.79143,-2.4548,-0.24719,-1.1692,6.0418,-0.39163,7.1936,7.1449,6.3618,0.385,-2.1298,-0.048106,6.0241,-0.48701,-1.3846,10.332,-2.7806,0.36866,-5.4719,-1.345,0.24226
-0.9399,-1.2289,2.145,0.14012,-2.9726,-0.79391,0.37009,4.0216,2.7459,-1.1398,5.5207,-0.83118,1.2379,-1.8811,2.4708,-10.499,5.2077,-2.2645,-0.3466,-0.16963,2.2981,-0.83486,5.9594,4.703,10.588,-1.3321,-3.3299,5.0669,4.0612,0.62936,11.132,2.5099,6.6414,-0.77664,1.4159,-3.5746,0.31607,-3.4932,-3.3724,0.40018,-0.8267,2.928,10.231,-9.707,3.1085,-1.4028,-0.0036011,0.8975,1.8888,-1.1406,1.7494,0.87768,-3.9136,-0.079167,6.858,7.7413,-2.7124,5.3093,-1.2881,5.779,-1.4862,-6.8342,0.15077,1.4454,4.9394,1.6748,-4.8383,-0.034206,0.98755,0.38739,-3.8719,3.4211,-0.81831,4.5835,4.2979,0.71259,-0.082471,0.78205,-0.15965,-0.82222,-2.1247,-0.055983,-1.3196,6.0729,-0.32843,7.2692,7.3734,6.1477,0.17573,-2.1787,0.18591,5.8456,-0.61589,-1.4462,10.24,-3.0438,0.076113,-5.4434,-1.7389,0.5107
-1.3163,-0.98222,2.4299,0.2222,-3.0467,-0.9789,0.36781,3.5178,2.7952,-0.89699,5.3263,-1.0478,1.4756,-1.801,2.8441,-10.504,5.1134,-1.9791,-0.11087,0.20847,2.6641,-0.91402,5.9092,4.7921,10.775,-1.5106,-3.6545,5.0579,4.0278,0.59768,11.382,2.0917,6.9716,-0.83098,1.5351,-3.5003,0.33746,-3.4607,-3.3088,0.53317,-0.98407,2.9359,10.267,-10.045,2.7746,-1.0546,0.016594,0.88254,1.7637,-0.81885,2.0438,1.2937,-3.9706,-0.022207,6.8827,7.559,-2.8743,5.3816,-1.5003,5.7617,-1.7988,-6.879,0.018939,1.4571,4.9133,2.12,-5.068,-0.24677,0.74157,0.50862,-4.0873,3.5571,-0.84004,4.4746,4.3562,0.74819,-0.26327,1.021,0.36377,-0.418,-2.2325,-0.074056,-1.3974,6.0836,-0.80566,7.5213,7.4498,6.0434,0.2021,-2.5289,0.0029517,5.8606,-0.29734,-1.3177,10.344,-2.6461,0.12994,-5.5786,-1.5257,0.629
-1.1523,-1.1699,1.9409,-0.074421,-2.6735,-0.91026,0.12237,3.0147,2.4492,-0.6247,5.2145,-0.82354,1.7841,-1.9213,2.8146,-10.532,5.1689,-2.2626,-0.18478,0.15966,2.6489,-1.2872,5.9573,4.9188,10.953,-1.1207,-3.5212,4.9492,4.3162,0.60666,11.585,1.8942,7.1726,-1.0572,1.5643,-3.2386,0.58324,-3.5906,-3.2748,0.32601,-0.87836,3.1695,10.413,-9.9519,2.6162,-1.0194,0.037734,0.79148,2.1399,-0.92986,1.8279,1.2627,-3.6273,0.087468,6.462,7.6195,-2.659,5.1199,-1.467,5.5908,-1.8714,-6.7848,-0.048166,1.1218,4.9548,1.8068,-4.999,-0.35174,0.5355,0.54833,-4.1164,3.0303,-0.5869,4.2077,4.4495,0.69789,-0.30134,1.2173,0.44298,-0.20279,-2.0889,-0.10523,-1.6891,5.7518,-0.57932,7.2099,7.5211,6.2129,0.17228,-2.4819,0.24898,5.9565,-0.32035,-1.4081,10.298,-2.6741,-0.083732,-5.5499,-1.836,0.61187
-1.1674,-0.8394,1.5299,-0.19321,-2.9922,-1.0815,0.10898,2.8159,2.3032,-0.53302,5.086,-1.1476,2.2321,-1.9292,2.9217,-10.745,5.0114,-2.3116,-0.21033,-0.059191,2.5218,-1.0978,6.1711,4.6307,10.613,-1.0018,-3.6131,5.0558,3.9564,0.86489,11.223,1.741,7.1153,-0.86476,1.6173,-3.3715,0.52102,-3.9528,-3.4435,0.29319,-0.49846,2.8331,10.221,-10.119,2.6654,-0.92825,0.18998,0.7176,2.1504,-0.81999,2.147,1.3227,-3.3735,-0.24231,6.5121,7.8314,-2.9288,5.2231,-1.3678,5.7211,-2.045,-6.8,0.20507,1.3921,5.1948,1.5343,-5.4409,-0.041939,0.52315,0.88875,-3.8728,2.8587,-0.63448,4.2874,4.6479,1.0291,-0.24836,0.70919,0.54507,-0.19133,-2.0593,-0.56829,-2.1054,5.6938,-1.0611,7.6685,7.5633,6.0287,0.23566,-2.252,0.026725,5.792,-0.1891,-1.4664,9.8067,-2.6746,-0.31685,-5.4702,-2.2556,0.63051
-1.4298,-0.83051,1.2195,-0.38115,-3.2129,-0.70954,0.20281,3.1909,2.5049,-0.47045,4.5759,-1.2286,2.335,-1.76,2.8377,-10.989,4.6881,-2.3603,-0.25249,-0.17688,2.4813,-0.83409,6.551,4.5744,10.536,-0.73908,-3.5675,4.6679,3.9539,0.77228,11.36,1.9022,7.3067,-1.135,1.6036,-3.3652,0.32773,-3.64,-3.4332,-0.11281,-0.88162,3.1267,9.741,-9.9724,2.7584,-0.78555,0.06164,0.64225,2.4691,-0.87387,2.2378,1.5928,-3.7706,-0.40745,6.4538,7.9359,-3.0575,4.9374,-1.2897,5.4717,-1.7768,-6.6711,-0.13429,1.8217,5.0075,1.7247,-5.1599,-0.01174,0.33421,0.80012,-3.7302,2.87,-0.48999,4.4352,4.2752,1.1875,-0.33258,0.5956,0.66277,-0.43328,-2.0672,-0.53029,-2.1026,5.7203,-1.0716,7.4449,7.631,5.6341,0.032909,-1.9642,0.034405,5.4938,-0.062774,-1.572,10.102,-2.8713,-0.66035,-5.109,-2.0332,0.63338
-1.3822,-1.0013,1.0786,-0.27477,-3.2989,-0.73489,-0.019535,3.1756,2.522,-0.53187,4.3046,-1.2898,2.2636,-1.7391,3.2394,-11.184,4.8634,-2.1701,-0.047718,0.040951,2.2529,-0.97221,6.7106,4.6507,10.529,-0.79704,-3.8005,4.6969,3.839,0.8456,11.446,1.738,7.4434,-1.0555,1.9241,-3.413,0.30532,-3.6221,-3.3197,-0.13332,-1.0458,2.7664,9.3155,-9.9021,2.5951,-0.67939,-0.10853,0.22522,2.6167,-1.2069,2.0811,1.6865,-3.6972,-0.37434,6.2108,7.6809,-2.9537,4.6553,-1.5194,5.4407,-2.0616,-7.013,0.16332,1.7557,4.9744,1.5832,-5.3712,0.13602,0.15301,0.83447,-3.746,2.4226,-0.71615,4.2639,4.0234,1.3428,-0.2896,0.29215,0.67452,-0.46224,-2.2046,-0.68192,-2.4106,5.9219,-1.1626,7.6788,7.6653,5.6364,0.010523,-1.9321,0.072101,5.3653,-0.11839,-1.6649,10.122,-2.7549,-0.46078,-5.0286,-2.0552,0.8155
-1.6866,-0.7319,1.0929,0.041289,-3.1345,-0.59999,0.12114,3.1596,2.1542,-0.6945,3.9624,-1.0123,2.5012,-1.9724,3.1712,-11.394,5.0848,-2.0991,0.016605,0.15235,2.249,-1.3969,6.8803,4.5911,10.371,-0.51896,-3.7518,4.7658,3.6812,0.86393,11.483,1.4283,7.4296,-0.99334,2.0416,-3.2693,0.53222,-3.5668,-3.2613,-0.092791,-1.3078,2.8152,9.2961,-10.038,2.705,-0.8365,-0.24399,0.028431,2.1438,-1.0705,1.9579,1.5121,-4.0073,-0.17161,6.3214,7.1781,-3.0894,4.4928,-1.0655,5.5918,-2.2052,-6.9582,0.10866,2.1575,5.0854,1.5984,-5.7506,0.57589,-0.11325,1.0215,-3.2869,2.6943,-0.23491,4.219,4.0115,1.013,0.053797,-0.14117,0.69541,-0.62908,-2.1189,-0.33445,-2.433,5.9467,-1.4308,7.514,7.3385,5.6616,0.18741,-1.77,0.040008,5.6586,-0.1524,-1.3759,10.403,-2.5168,-0.43078,-4.9856,-1.8839,0.99866
-1.7471,-1.0297,0.81278,0.40124,-3.024,-0.6465,-0.042435,2.667,2.1465,-0.69184,4.0154,-0.9503,2.4872,-1.7386,3.0211,-11.539,5.1201,-2.2463,0.074275,-0.029073,2.0175,-1.6701,6.9261,4.5536,10.052,-0.19018,-3.512,4.9714,3.6063,1.2257,10.963,1.2146,7.3651,-0.59473,2.0031,-3.6302,0.16056,-3.1832,-3.5112,-0.074261,-1.0014,2.4927,9.0309,-9.8055,2.7729,-1.0044,-0.46447,0.21194,1.7684,-0.70503,1.8542,1.3151,-4.1703,-0.42126,6.4905,7.3746,-2.7671,4.2416,-1.0091,5.5566,-2.1091,-7.0421,-0.0059488,2.0195,5.2575,1.443,-5.4694,0.48618,-0.13271,0.79472,-3.2941,2.8703,0.11423,4.3676,3.5714,1.2203,-0.10074,0.12297,0.37273,-0.43666,-1.6608,-0.69197,-2.2859,6,-1.116,7.7068,7.4727,6.0446,0.069397,-1.8255,0.13517,5.3236,-0.1587,-1.0769,10.364,-2.4534,-0.29828,-5.2588,-2.118,1.2143
-1.7302,-0.75038,0.49799,0.57817,-3.0009,-0.40614,0.060989,2.5073,2.0545,-0.49259,3.9282,-1.0014,2.5518,-1.3697,3.3402,-11.33,5.1098,-2.2602,0.15034,-0.22259,2.0888,-1.6663,7.0993,4.5499,10.21,-0.55429,-3.3402,5,3.7831,1.6398,10.535,1.15,7.6322,-0.65217,2.2279,-3.7396,-0.22921,-3.1856,-3.8426,-0.36604,-0.83183,2.3476,9.1703,-9.8019,2.7501,-0.77174,-0.18563,-0.19411,1.7229,-0.89537,1.995,1.6369,-4.1398,-0.37563,6.5022,7.4289,-2.973,4.0277,-0.98063,5.8864,-1.8127,-6.6523,0.2415,2.0527,5.4723,1.1616,-5.6675,0.51921,-0.10311,0.75753,-3.602,3.0989,0.32296,4.0393,3.0943,0.84719,-0.077872,0.36628,0.50049,-0.16576,-1.6304,-0.49911,-1.9977,6.1145,-1.1677,7.8042,7.1429,5.8038,-0.23314,-1.5801,-0.18355,5.2645,-0.39057,-0.70987,10.059,-2.4137,0.078767,-5.3344,-2.533,0.87368
-2.0674,-1.1,0.7348,0.69025,-3.0658,-0.78994,-0.31816,2.4361,1.8606,-0.92422,4.1418,-1.0374,2.6826,-1.2848,3.0019,-11.346,5.1305,-2.3729,0.13507,-0.20166,1.7706,-1.8147,6.8988,4.2961,10.394,-0.42681,-3.1939,4.5893,4.227,1.5799,10.459,1.0535,7.7662,-0.92727,1.7906,-3.6416,-0.051259,-3.2462,-3.846,-0.17912,-0.8257,2.1892,9.2432,-9.6979,2.6966,-0.61635,-0.14725,-0.11864,1.5717,-0.8522,2.2483,1.7301,-3.8133,-0.34213,6.2609,7.4105,-2.722,4.3011,-0.96781,5.8971,-1.7054,-6.6074,-0.13666,1.9274,5.4281,0.82079,-5.3593,0.94218,-0.21431,0.77534,-3.4468,3.0513,0.26539,3.8395,2.8768,1.118,0.12055,0.16672,0.5152,-0.069781,-1.8016,-0.40848,-1.8297,6.0208,-1.1733,7.6525,7.3887,5.6048,-0.36233,-1.345,-0.14649,5.5176,-0.12609,-0.77778,9.8854,-2.0615,0.15662,-5.4045,-2.5464,0.80511
-2.3071,-0.99921,0.86014,1.0372,-2.5983,-0.82087,-0.24794,2.7265,2.0028,-0.70282,4.2629,-1.2646,2.9088,-1.1662,2.982,-11.055,5.1671,-2.5156,-0.27089,0.27936,1.4374,-1.6672,7.1501,4.0811,10.751,-0.076665,-3.093,4.4551,4.3164,1.885,10.526,0.88101,7.488,-0.82123,1.6973,-3.8581,0.31782,-3.4058,-3.5276,-0.15682,-1.0795,2.4236,8.7436,-9.4644,2.5154,-0.4685,0.11266,-0.451,1.7484,-0.62298,2.6024,1.5282,-3.583,-0.28164,5.9806,7.3737,-2.7606,4.0079,-0.63458,5.5797,-1.6315,-6.3561,-0.31595,1.7002,5.3663,0.87699,-5.2133,0.64841,-0.1522,0.90188,-3.0769,3.1791,0.27037,3.7771,2.7686,0.669,0.13276,-0.18032,0.26771,0.14025,-1.7303,-0.49902,-1.6473,6.0826,-1.1504,7.5017,7.3208,5.5374,-0.39472,-1.4532,-0.38262,5.4065,0.18566,-0.96155,10.038,-2.138,0.30792,-5.1039,-2.4845,0.55355
-2.0786,-1.1113,0.97157,1.0698,-2.1766,-1.0178,0.16599,2.4337,2.1873,-0.88227,4.4014,-1.3191,3.0296,-1.0906,3.1074,-11.097,4.7794,-2.5072,-0.46039,0.31893,1.1282,-1.7731,6.6699,4.2433,10.663,0.064464,-2.8271,4.4022,4.1871,1.5349,10.512,0.70853,7.3842,-0.3236,1.5934,-3.6396,0.21926,-3.3862,-3.5087,-0.5514,-0.81521,2.7979,8.7391,-9.0334,2.2806,0.039138,0.37398,-0.71537,1.8169,-0.2427,2.6107,1.4651,-3.8285,-0.062399,6.252,7.0852,-3.1499,3.8701,-0.71873,5.3721,-1.4014,-6.2061,0.0043768,2.0575,5.5159,0.57847,-5.5378,0.75305,-0.34658,0.7243,-3.3771,3.1805,0.13592,3.9298,2.2975,0.6475,0.15117,-0.26508,-0.080572,0.7859,-1.3182,-0.26562,-1.7968,6.2481,-1.1021,7.4887,7.1278,5.5115,-0.4382,-1.6963,-0.74922,5.8845,0.49502,-1.343,9.7549,-2.3329,0.40699,-5.1015,-2.3319,0.63403
-2.2619,-0.94859,0.44913,1.3381,-2.0805,-0.58474,0.53945,2.4177,2.4404,-0.93071,4.3288,-1.4868,3.1547,-1.0856,3.1072,-11.428,4.9108,-2.1093,-0.42847,0.36394,0.92866,-1.5816,6.6171,4.3342,10.559,-0.27878,-2.7746,4.4919,4.2797,1.5252,10.508,0.57963,7.7673,-0.52069,1.6525,-3.6748,0.42138,-3.5733,-3.5209,-0.82511,-0.96983,2.6115,8.7934,-8.9039,2.2478,0.28378,0.70979,-0.68556,1.7068,0.029719,2.8469,1.6791,-3.7424,-0.15231,6.0376,6.9443,-2.7566,3.91,-0.49456,5.3123,-1.0358,-5.9214,-0.022237,2.0366,5.5122,0.2526,-5.6775,1.0434,-0.44384,0.61695,-3.2206,2.6615,-0.081584,4.1852,2.0176,0.58569,0.0025457,-0.2248,0.071641,1.263,-1.2941,0.061089,-1.7158,6.7642,-1.2776,7.3174,6.9016,5.3104,-0.63217,-2.1242,-0.86742,5.8752,0.52647,-1.2557,9.5844,-2.41,0.59768,-5.3281,-2.6003,0.34112
-2.1526,-0.97553,0.54341,1.2664,-1.6058,-0.51025,0.27169,2.4822,2.549,-0.7936,4.3351,-1.3758,3.3276,-1.2624,2.9253,-11.646,5.301,-2.1373,-0.7549,0.19053,1.0083,-1.7444,6.9565,4.613,10.62,-0.74376,-2.6166,4.7502,4.4237,1.671,10.706,0.79077,7.966,-0.58631,1.9268,-3.5173,0.58204,-3.553,-3.7357,-1.0208,-0.82984,2.9107,8.5788,-9.2515,2.2908,0.4306,0.59899,-0.32469,1.9305,0.40042,2.9123,1.4696,-3.6595,-0.067964,5.8399,6.9215,-2.7773,4.3011,-0.4022,5.7027,-0.8612,-6.1179,-0.19054,1.9889,5.5554,0.38287,-5.3838,0.9761,-0.83242,0.91775,-3.4689,2.5262,-0.0013826,4.1367,1.7344,0.77069,-0.25889,-0.042676,0.089631,1.3336,-1.1808,0.4421,-1.3687,7.1094,-0.88001,7.2305,7.2927,5.4386,-0.67152,-2.1267,-0.84652,5.5832,0.60914,-0.89406,9.4567,-2.3389,0.69124,-5.2388,-2.8177,0.30113
-2.1975,-1.1805,0.73299,1.2479,-1.235,-0.44467,0.70021,2.3441,2.6843,-0.85658,4.6502,-0.93655,3.0122,-1.3864,2.8061,-11.597,5.4979,-2.3396,-0.94619,-0.10506,1.2758,-2.0666,6.839,4.5617,10.812,-0.97059,-2.6419,4.552,4.4648,1.5899,10.319,0.80409,7.9875,-0.60703,1.8626,-3.4743,0.50104,-3.4262,-3.5985,-0.95295,-0.53712,3.1007,8.6705,-9.1981,2.1136,0.67829,0.68408,-0.36632,1.8483,0.36362,3.3976,1.1358,-3.3926,0.2274,5.7028,6.9029,-2.8821,4.127,-0.32787,5.91,-0.69594,-6.0472,-0.2054,2.1016,5.2184,0.40275,-5.0611,0.84627,-0.77708,0.64205,-3.3282,2.5275,0.34077,4.1562,1.5634,0.72428,-0.61795,0.42818,-0.089561,1.5229,-1.1905,0.40627,-1.1777,7.2214,-0.72922,6.9982,7.3612,5.4226,-0.49013,-2.4064,-1.095,5.4867,0.41101,-0.85957,9.1677,-2.4712,0.23113,-5.3432,-3.0283,0.18061
-2.3695,-0.94602,0.93547,1.6205,-1.4036,-0.40398,0.84909,2.549,2.7884,-0.88528,4.3492,-0.87452,3.0472,-1.6603,2.8382,-11.749,5.7794,-1.9554,-1.3634,0.039257,1.1788,-2.0421,6.5161,4.8512,10.834,-1.2735,-2.436,4.2286,4.8984,1.3507,10.384,1.0906,8.0903,-0.62535,1.942,-3.3654,0.50983,-3.4138,-3.7548,-0.95667,-0.88402,3.0872,8.7854,-9.0111,1.8579,1.2315,0.50962,-0.14764,1.5948,0.35331,3.7987,0.8936,-3.0627,0.46018,5.5816,7.0473,-2.8087,4.526,-0.20041,6.2185,-0.87707,-6.2119,-0.29675,2.3791,5.05,0.49045,-5.1461,0.99641,-0.80762,0.50271,-3.3135,2.5722,0.487,4.089,1.5142,0.41946,-0.93297,0.72825,0.2836,1.2475,-1.3821,0.45919,-0.82261,7.3129,-0.7458,6.7128,7.4227,5.0195,-0.57114,-2.3585,-0.84484,5.7243,0.72814,-1.033,9.0825,-2.5102,0.47582,-5.2516,-3.0499,-0.077777
-2.1192,-1.0328,0.58155,1.8388,-1.5296,-0.36355,0.66778,2.7737,2.5902,-1.0828,4.2683,-1.0792,3.0108,-1.6196,2.8253,-11.867,5.4356,-2.2855,-1.4117,-0.17786,1.152,-2.0571,6.6078,4.8366,11.348,-0.95306,-2.2904,4.5601,4.7099,1.3037,10.047,1.0232,7.8072,-0.32451,1.9154,-3.3345,0.61864,-3.6574,-3.5609,-0.83918,-0.90829,3.5494,9.0006,-9.0455,1.5065,1.0869,0.72675,-0.38102,1.7735,-0.057104,4.1102,0.40021,-2.9928,0.39225,5.5785,6.8355,-2.4438,4.8536,0.15376,5.9268,-0.52878,-6.0349,-0.13693,1.9276,5.3491,0.46179,-5.0999,0.82795,-0.81982,0.72122,-3.2783,2.6226,0.28474,4.314,1.14,0.49269,-1.3241,1.1098,0.019145,1.5459,-1.1252,0.81201,-0.93175,7.1147,-0.92853,6.8273,7.1542,5.1029,-0.92218,-2.4026,-0.79375,5.4789,0.65993,-1.1422,8.943,-2.2987,0.45356,-5.2696,-2.9167,-0.14739
-1.9662,-1.0105,0.50712,1.6123,-1.3551,-0.53617,0.72216,2.8432,2.3851,-1.3062,4.1208,-1.2076,2.9681,-1.9843,2.7883,-11.716,5.0488,-2.41,-1.3392,0.22611,1.1791,-1.7866,6.543,4.4239,11.564,-0.90097,-2.6514,4.5994,4.891,0.8543,9.7763,0.79179,8.0306,-0.19314,1.8431,-3.1898,0.81617,-3.3378,-3.6629,-0.83253,-1.0489,3.7608,8.5645,-9.0593,1.7063,1.1065,0.56867,-0.61696,1.5392,-0.3261,4.0743,0.32842,-3.096,0.52963,5.3246,6.2704,-2.0903,5.1136,-0.063626,5.885,-0.76568,-5.8512,0.14366,2.2663,5.1762,0.2983,-4.6761,0.87456,-1.1967,0.82124,-3.2861,2.987,0.61472,4.7309,0.78564,0.20534,-1.3879,1.08,0.43807,1.676,-1.0748,1.0638,-0.81954,7.4294,-0.80731,7.0487,7.4665,5.0595,-0.64496,-2.5975,-1.1543,5.9167,0.48993,-1.0593,8.4487,-2.5942,0.15928,-5.2618,-3.0825,-0.13186
-1.8341,-0.75938,0.68275,1.5647,-1.7469,-0.038586,1.0888,2.8308,2.2876,-1.2578,4.3194,-1.1443,2.744,-1.8831,2.9756,-11.922,4.916,-2.1039,-1.1184,0.6344,1.3374,-1.4307,6.5487,4.2932,11.674,-1.3437,-2.8774,4.5098,5.2245,0.69953,9.6999,1.0163,7.917,-0.55481,2.1219,-3.1132,1.0372,-3.0157,-4.039,-1.1222,-1.269,3.8334,8.4015,-9.0775,1.4096,1.5344,0.52133,-0.3962,1.2776,-0.54882,4.0411,0.20066,-2.9886,0.21648,5.2473,6.2009,-2.3638,4.7626,0.026129,5.9008,-0.94922,-5.7872,-0.1235,1.9423,4.7985,0.34676,-4.6663,0.71052,-1.0898,1.1201,-3.6304,2.6393,0.36467,4.4889,1.1623,0.19878,-1.3681,1.1728,0.52009,1.858,-0.81898,0.83864,-0.48663,7.6975,-1.0343,7.0174,7.6603,4.7116,-0.53956,-2.4939,-0.9693,6.2544,0.39934,-1.2625,8.2465,-2.4221,0.13045,-5.4648,-2.6411,-0.24506
-1.4284,-0.7003,0.87334,1.9491,-1.8535,0.11021,1.2612,2.7811,2.4301,-1.1861,4.2214,-0.66903,2.7985,-1.7903,2.9545,-11.966,5.2133,-2.3092,-1.1052,0.71216,1.3899,-1.7769,6.6744,4.1978,11.585,-1.4374,-2.5457,4.5315,5.2771,0.19519,9.3016,0.53024,7.7244,-0.44619,2.0343,-2.8597,1.2972,-2.9741,-4.6099,-0.83375,-1.2335,3.588,8.1878,-8.7324,1.5489,1.5132,0.93503,-0.53809,1.5778,-0.48743,4.5523,-0.07602,-3.3496,0.22994,5.306,5.8386,-2.4811,4.594,-0.23125,6.056,-0.82296,-5.5244,-0.49107,1.8167,4.7345,0.52468,-4.6121,0.4077,-0.84396,0.65672,-3.2392,2.5778,0.66218,4.6483,0.92881,0.21743,-1.7658,1.595,0.69095,1.609,-0.82344,0.80009,-0.51773,7.5629,-1.0327,7.0458,7.6941,4.7963,-1.0559,-2.412,-0.95669,6.2883,0.22545,-1.4061,8.0185,-1.9692,-0.26155,-5.5344,-2.4781,-0.2948
-1.3789,-0.86248,0.75863,2.1791,-2.047,0.065659,1.3289,2.3477,2.4422,-0.71456,4.1793,-0.70179,3.1533,-1.902,3.3919,-12.036,5.4736,-2.6136,-1.0483,0.44535,1.4261,-2.1657,6.7203,4.3545,11.812,-1.2836,-2.7833,4.8828,5.6227,-0.11957,8.8584,0.114,7.9969,-0.6569,2.008,-3.2622,1.3347,-3.0402,-4.906,-0.8249,-1.2341,3.3799,8.4333,-8.3635,1.8412,1.8241,1.2259,-0.73486,1.3116,-0.11882,4.7539,-0.40632,-3.6771,0.29175,5.659,5.5985,-2.6919,4.6999,-0.27056,5.6913,-1.2389,-5.3846,-0.58189,1.8089,4.5579,0.71639,-4.2294,0.34708,-1.0964,0.60242,-3.1877,2.1817,0.48322,4.469,0.88372,0.32471,-1.5808,1.8744,1.0321,2.1418,-0.47282,0.84841,-0.70337,7.9033,-0.54535,7.4138,7.5467,5.0345,-1.1276,-2.506,-1.1098,5.9751,0.075034,-1.5512,7.8774,-1.7381,-0.51823,-5.4365,-2.353,-0.52648
-1.554,-0.7273,0.34022,2.0026,-1.8174,-0.090532,1.466,2.4176,2.4826,-0.63483,4.1848,-0.37037,3.4949,-1.6701,3.7803,-11.738,5.3177,-2.4823,-1.2602,0.88723,1.7484,-1.794,6.3902,3.8621,11.842,-1.2601,-2.8015,4.8682,5.6694,0.040676,8.8892,0.39886,7.983,-0.56748,2.1803,-2.9788,1.1112,-2.741,-5.5669,-0.77055,-1.088,3.6627,8.3708,-8.6964,1.6671,1.9696,1.1866,-0.81519,1.1667,0.15908,5.0115,-0.54692,-3.5384,0.55078,5.5212,5.7925,-2.7256,4.7317,-0.49078,5.6717,-1.3238,-4.9166,-0.53223,1.7434,4.7936,0.47939,-3.867,0.54436,-1.5024,0.67462,-3.3615,2.4423,0.082011,4.6408,0.76392,-0.10683,-1.2515,2.0318,0.92208,2.3567,-0.55266,1.0671,-0.57229,7.9086,-0.45942,7.3158,7.1624,5.2463,-1.0117,-2.425,-1.0366,6.0568,0.42941,-1.1983,7.7743,-1.7372,-0.57081,-5.4238,-2.5676,-0.47683
-1.8308,-1.1155,0.19525,1.7674,-1.9251,-0.16877,1.2529,2.576,2.1514,-0.14993,3.7944,-0.33835,3.6089,-1.8224,3.8169,-12.052,5.3791,-2.6787,-1.1035,0.90578,1.6237,-1.5427,6.2797,4.2281,11.936,-1.6156,-2.6733,4.7252,6.1061,0.21986,8.7533,0.51281,7.8651,-0.68483,2.2176,-2.8345,1.1949,-2.3482,-5.5411,-0.94632,-1.2159,3.9795,8.3123,-8.9217,1.6556,1.8991,1.5225,-0.97877,0.83519,0.020649,5.4517,-0.38963,-3.6159,0.60134,5.9398,5.6847,-2.9508,4.5387,-0.36024,5.3464,-1.4472,-4.6035,-0.30138,2.1117,4.8625,0.13988,-3.7029,0.69452,-1.4736,1.048,-3.1628,2.5944,0.10132,4.2787,0.66226,-0.32725,-0.94524,1.6077,1.0243,2.521,-0.831,1.4907,-0.52152,8.0889,0.049335,7.1357,7.3716,5.2298,-1.1417,-1.9324,-1.2162,6.0767,0.78096,-1.3493,7.8856,-2.1047,-0.6137,-5.3113,-2.3475,-0.9127
-2.0073,-1.3427,-0.15986,1.8591,-2.114,0.18837,1.1388,2.3937,2.3567,0.04013,3.654,-0.73188,3.393,-1.608,3.6017,-11.861,5.0708,-2.3001,-1.0259,1.3397,1.8196,-1.6909,6.235,4.3723,11.859,-1.7185,-2.746,4.28,6.3003,0.13006,8.4058,0.4895,8.0709,-0.67874,1.874,-2.4395,1.4885,-2.3036,-6.0478,-0.94479,-1.3813,4.4152,8.462,-8.7132,1.4187,1.9615,1.2517,-1.1268,0.84539,-0.2453,5.6307,-0.32477,-3.8968,0.57739,6.3653,5.3368,-3.2186,4.5225,-0.3374,5.1074,-1.7905,-4.3532,-0.70626,2.0462,4.6334,0.269,-3.1786,0.81731,-1.1731,1.3299,-3.1683,2.5386,-0.27258,4.307,0.65938,-0.19741,-0.71556,1.7876,0.7302,2.1782,-0.67526,1.9426,-0.82545,8.0842,-0.18834,6.9084,7.8104,5.6092,-0.90484,-2.0109,-1.5446,5.9554,0.74523,-0.96076,7.4337,-1.8002,-0.49265,-4.8771,-2.7105,-1.1829
-1.8926,-1.2331,-0.22736,1.972,-2.0289,0.23096,1.3014,2.1579,2.051,0.40475,3.1132,-0.61261,3.1736,-1.3244,3.7628,-11.917,4.8216,-2.5559,-0.78549,1.425,1.5952,-1.821,6.1105,4.2914,11.865,-1.6815,-2.9585,3.9275,6.6397,-0.05975,8.1664,0.38565,8.1605,-0.68453,1.8727,-2.3398,1.6254,-1.9309,-6.4852,-1.0121,-1.7674,4.2671,7.9113,-8.7513,1.6253,1.9616,1.3362,-1.3597,0.40996,0.010027,5.6327,-0.44635,-3.7502,0.55617,6.5645,5.0007,-3.0664,4.6211,-0.06549,4.9838,-1.7821,-4.3193,-0.87239,2.3045,4.5348,0.16651,-3.1134,0.9723,-1.2513,1.1116,-3.1308,2.6479,-0.22409,4.0108,0.64563,-0.36575,-0.97397,1.6924,0.95253,1.9744,-0.60285,2.3277,-0.36546,7.8703,-0.40337,6.9671,7.9729,5.5773,-1.4186,-1.8959,-1.9271,5.9428,0.34371,-0.60529,7.2763,-1.4126,-0.38988,-4.8986,-2.8325,-1.2511
-2.1831,-1.4215,0.11025,1.9874,-2.1473,0.27343,0.90166,1.9071,2.3473,0.049746,2.7719,-0.61675,3.0605,-1.609,3.6472,-11.8,4.6654,-2.706,-0.69437,1.7501,1.3331,-1.7099,6.0497,4.4291,11.824,-1.7105,-3.3283,3.6714,7.0289,-0.51343,8.0141,0.17112,7.8124,-1.1044,2.1529,-2.337,1.3319,-1.8155,-6.3371,-1.1213,-1.7851,4.2962,7.6047,-8.6617,1.8762,2.0668,0.97741,-1.5184,0.32242,0.44946,5.9264,-0.40447,-3.6235,0.88048,6.639,5.2601,-3.3512,4.5658,0.24569,4.8584,-2.0902,-4.1234,-1.3539,2.0098,4.4851,-0.10969,-3.0437,1.0051,-1.3253,1.0524,-3.4871,2.704,-0.16076,4.3137,0.70168,-0.46639,-0.95668,1.5235,0.90636,2.1079,-0.90256,2.5779,-0.29454,7.7466,-0.53952,6.7975,7.8982,5.4677,-1.4788,-2.245,-1.8674,5.9238,0.28874,-0.8447,7.2289,-1.2505,-0.19469,-4.7643,-2.9004,-1.2664
-2.0928,-1.3105,-0.14932,1.5855,-1.8492,0.51597,0.52587,2.0077,2.3337,-0.33807,2.8087,-0.19659,3.0528,-1.6322,3.625,-11.831,4.9937,-2.9699,-0.54473,2.1598,1.322,-1.7422,6.2841,4.3258,11.78,-1.959,-2.9992,3.7147,7.0951,-0.20005,7.9371,-0.29071,8.2635,-1.1648,2.4046,-2.2449,1.4608,-1.9431,-6.4261,-1.2096,-1.7487,4.3472,7.6548,-8.9443,1.7796,2.083,1.2458,-1.5195,0.34261,0.45043,6.1479,-0.63757,-3.7205,0.97919,7.0004,5.1035,-3.4882,4.4017,0.28569,4.6051,-1.727,-3.966,-1.054,2.0358,4.4699,0.13988,-2.9956,0.77174,-1.1407,1.1095,-3.1139,2.7014,-0.008369,4.1437,0.87155,-0.18231,-0.91723,1.7418,1.1826,2.0378,-0.63297,2.9073,-0.55484,7.9336,-0.54667,6.7281,7.8794,5.3784,-1.7236,-2.5607,-2.1413,5.6356,0.2359,-0.78315,7.1845,-1.1637,-0.12593,-4.8218,-2.5327,-1.4199
-1.9504,-1.6033,-0.47792,1.7183,-2.0454,0.41716,0.77131,1.9294,2.4738,-0.53161,2.8173,0.10919,3.3197,-1.9375,3.5259,-11.42,5.0926,-2.7816,-0.61398,1.7241,1.2868,-1.7269,6.1712,4.2526,11.518,-1.7695,-3.0536,3.3808,7.6031,-0.18676,7.5923,-0.17758,8.1169,-0.85419,2.8231,-2.3215,1.5515,-2.0981,-6.9431,-1.0536,-1.6016,4.2283,7.3953,-8.841,1.7601,2.188,0.9959,-1.3189,0.42008,0.64465,6.2544,-0.61733,-3.5792,0.8966,7.1255,5.0615,-3.2465,4.2832,0.25602,4.9144,-1.7204,-3.9735,-1.1451,2.1593,4.4531,0.40866,-2.4851,0.53061,-0.87645,1.0824,-3.4635,2.6433,0.090059,4.4587,0.76181,-0.73293,-0.81009,1.7384,0.83091,2.2119,-0.62096,3.1855,-0.34728,8.2843,-0.65414,6.7886,7.8771,5.3163,-1.5453,-2.6233,-2.1886,5.9988,0.33651,-0.94587,6.8302,-0.99331,-0.024744,-4.7266,-2.3804,-1.6639
-2.1236,-1.4422,-0.15864,1.9981,-1.6845,0.4162,1.1024,1.7705,2.514,-0.64285,2.9008,-0.29895,2.8632,-1.5961,3.6136,-11.755,5.5328,-2.611,-0.64877,1.3859,1.6546,-1.7256,6.0899,3.9681,11.342,-2.1812,-3.072,3.2054,7.8519,-0.35136,7.7061,-0.25459,8.2031,-0.61513,3.1662,-2.0086,1.946,-2.3281,-6.7004,-0.76882,-1.0677,4.4044,6.9736,-8.5923,1.4633,2.4771,1.0584,-1.4044,0.20291,0.52089,6.8503,-0.3765,-3.5329,0.77717,6.9982,5.0855,-3.2748,4.7109,-0.086708,4.9722,-1.8609,-4.1008,-1.2107,1.8565,4.5001,0.35944,-2.283,0.5344,-0.96371,1.152,-3.074,2.6907,0.15269,4.1057,0.95383,-0.59581,-0.78454,1.6979,0.87527,2.1906,-0.76074,3.4245,-0.36915,8.3937,-0.5348,6.7522,7.8441,5.3283,-1.6687,-2.7944,-2.0289,5.6266,0.12734,-0.95472,6.53,-0.53829,-0.059997,-4.6291,-2.3623,-1.625
-1.7281,-1.4327,-0.30207,2.2693,-1.8715,0.58351,0.89241,1.8574,2.6473,-0.4951,3.2126,-0.082381,3.0895,-1.6048,3.6565,-11.866,5.203,-2.6295,-0.61442,1.3337,1.9268,-1.729,5.9944,3.6625,11.287,-2.4927,-3.1124,3.3155,7.6929,-0.0026544,8.0184,-0.33963,8.2333,-0.60014,3.3765,-1.9613,1.7442,-2.3965,-6.7604,-0.82889,-1.3109,4.5304,6.9121,-8.3284,1.2191,2.8705,1.1039,-1.3883,0.047858,0.58872,6.9399,-0.43214,-3.6471,0.67393,6.6173,5.1698,-3.2945,4.7255,0.090038,5.2095,-2.1891,-4.2351,-1.2202,1.6969,4.5961,0.78367,-2.1795,0.92427,-1.2047,1.3418,-3.1559,2.4285,-0.054655,4.0323,0.58364,-0.57338,-0.96858,1.4054,1.0734,2.5249,-0.83401,2.9944,-0.36252,8.6462,-0.077171,6.6174,8.0351,5.1924,-1.3246,-2.7745,-2.0793,5.7327,0.37863,-0.77237,6.3716,-0.58054,0.0078002,-4.7109,-2.2601,-1.6337
-1.4704,-1.4438,-0.33979,2.0703,-1.755,0.83348,0.90094,1.9365,2.7283,-0.62998,3.2717,-0.28146,3.1653,-1.5742,3.9974,-12.216,4.9615,-2.6342,-0.97758,1.625,1.766,-1.4918,5.9883,3.6935,11.365,-2.499,-3.1494,3.1446,8.1262,0.17043,7.5796,-0.4403,8.5521,-0.82306,3.6327,-1.6698,2.1092,-2.8667,-6.5719,-0.77547,-1.202,4.5816,6.711,-8.6306,1.3255,3.0049,1.1594,-1.4013,0.044942,0.70944,7.2579,-0.34975,-3.4143,0.84732,6.3913,4.9529,-3.1801,4.6383,0.14647,5.2037,-2.284,-4.1603,-1.5738,1.6363,4.4609,1.0185,-2.1243,0.87957,-1.2545,1.3891,-2.8991,2.0226,0.1344,4.2021,0.83894,-0.67785,-0.98944,1.1447,1.3712,2.3644,-1.1968,2.8685,-0.55072,8.4009,0.19541,6.4501,7.7862,5.5546,-1.8149,-2.6445,-2.0927,5.6889,0.52702,-0.94963,5.8605,-0.46653,-0.22262,-4.5753,-1.9029,-1.7981
-1.6609,-1.4411,-0.33833,2.1772,-1.5902,0.55574,0.75509,1.9766,2.4206,-0.69286,3.412,0.090115,3.325,-1.6294,3.918,-11.88,4.8871,-2.664,-1.1566,1.6271,1.7261,-1.6457,5.7522,3.3586,11.538,-2.8706,-3.2724,2.9082,7.9016,0.06122,7.5911,-0.36485,8.2881,-0.59193,3.4284,-1.5161,2.1125,-3.2552,-6.7351,-1.0091,-1.1116,4.9142,6.2501,-8.6775,1.6654,3.0453,1.1537,-1.1712,-0.12601,0.4942,7.301,-0.63096,-3.1145,0.57542,6.3053,4.7296,-3.2594,4.2676,-0.30869,5.0805,-2.3894,-4.1818,-1.791,1.9651,4.4291,1.1892,-1.8472,0.95377,-1.0693,1.4591,-2.6569,1.9593,0.059828,4.3406,0.8044,-1.109,-1.2468,1.3325,1.1497,2.4237,-1.0895,2.7551,-0.91246,8.3815,0.10995,6.0925,7.5519,5.5086,-2.1422,-2.3512,-1.7555,5.6737,0.7421,-0.68485,5.988,-0.25878,0.26621,-4.4796,-1.8967,-2.0108
-1.4829,-1.2093,-0.0078454,2.2981,-1.6422,0.78164,0.39894,1.7152,2.273,-0.67118,3.2749,0.038635,3.5876,-1.3055,3.5758,-12.254,4.9035,-2.9744,-0.87724,1.4399,1.6966,-1.5412,5.4882,3.276,11.855,-3.2222,-3.2385,3.2882,7.6853,-0.26448,7.1587,-0.42056,8.7173,-0.67977,3.6515,-1.6579,2.179,-3.382,-7.185,-1.2912,-1.1449,5.3014,5.8781,-8.689,1.9638,3.2703,1.0087,-1.0066,0.23663,0.36078,7.3495,-0.68167,-2.9027,0.30276,6.3662,4.581,-2.8924,4.5805,-0.69159,4.7618,-2.5166,-4.0023,-1.5539,1.7441,4.4277,1.0131,-1.4815,0.90276,-1.2218,1.692,-2.315,1.6718,0.22596,3.9878,1.2468,-1.01,-1.1896,1.2367,1.2868,2.4191,-1.0588,2.9286,-0.70934,8.4281,0.29343,5.7452,7.5729,5.5797,-2.2419,-2.264,-1.7948,5.6563,0.29233,-0.68913,5.6549,-0.64953,0.26908,-4.6062,-1.9702,-2.0469
-1.6477,-0.98318,-0.088714,2.1162,-2.1232,0.72567,0.27622,1.9859,2.1882,-0.87124,3.0997,0.11726,3.4605,-0.90354,3.5278,-12.389,4.7231,-2.5319,-0.78726,1.5442,1.5628,-1.5921,5.245,3.2622,11.96,-3.36,-3.3515,3.2999,7.5748,-0.35549,6.827,-0.87213,8.5933,-0.84266,3.8364,-1.7105,1.8238,-3.2018,-6.8036,-1.1895,-1.3621,5.1654,5.8902,-8.6804,1.9228,3.5721,1.0781,-1.0658,0.10966,0.23948,7.3424,-0.79156,-3.095,0.036692,6.0045,4.7741,-2.7391,4.845,-0.50117,4.7852,-2.5484,-3.5624,-1.2371,1.6564,4.3396,0.87819,-1.4188,0.92532,-1.0586,1.8254,-2.319,1.5406,-0.018257,3.956,1.2942,-0.72131,-1.0861,1.0489,1.0938,2.3451,-1.1691,2.8547,-1.1188,8.352,0.2479,5.5794,7.7705,5.5719,-2.2195,-1.9769,-2.0029,5.926,0.14898,-0.79613,5.2378,-0.62375,0.1504,-4.6789,-1.9061,-2.4564
-1.2802,-1.2168,-0.14999,2.4062,-1.9557,0.40539,0.49351,2.3125,2.2033,-0.92802,3.0648,0.044632,3.6177,-0.85795,3.3674,-12.592,4.4161,-2.2337,-0.35918,1.1545,1.5519,-1.7485,5.4807,3.7747,12.101,-3.7145,-3.2838,3.4199,7.5008,-0.67361,6.2395,-0.90386,8.4839,-0.52328,3.7871,-1.907,1.9294,-3.6158,-7.2093,-1.45,-0.9035,5.0935,5.7465,-8.9786,2.2428,3.0937,1.137,-1.0624,0.40965,0.38639,7.5423,-0.75903,-3.1547,-0.3128,6.133,4.99,-2.4879,5.0384,-0.38387,4.78,-2.918,-3.4918,-1.2853,1.4351,4.6048,1.2446,-1.3736,0.59954,-0.6461,1.8274,-2.5883,1.9165,-0.2004,4.0741,1.6641,-0.8536,-1.2254,0.99787,0.7457,2.5457,-1.1191,2.4895,-0.99414,8.5116,-0.10138,5.5933,7.9085,5.1543,-2.5013,-1.8607,-2.2434,6.1726,0.18713,-1.1502,5.4006,-0.59597,0.028781,-4.337,-2.0965,-2.4119
-0.9729,-1.107,-0.11848,2.5247,-1.9823,0.442,0.49711,2.1356,2.2757,-0.91022,2.9412,-0.0046779,3.3086,-1.163,3.6485,-12.331,4.3518,-2.194,-0.40988,1.4454,1.3774,-1.781,5.5,3.7135,11.965,-4.0202,-3.0684,3.5439,7.2445,-1.0832,5.9708,-0.50473,8.4658,-0.68442,3.4329,-1.8019,1.8582,-3.6426,-7.2406,-1.8095,-0.69483,5.0945,5.7253,-9.3143,1.9742,3.1053,0.76127,-1.2348,0.14268,0.56975,7.8981,-0.57837,-2.928,-0.31194,6.4795,4.5477,-2.0601,4.7404,-0.84361,4.6801,-3.3205,-3.3909,-1.4207,1.2776,4.2937,1.3847,-1.0508,0.88052,-0.54207,1.7262,-2.9708,2.0009,-0.42631,4.1565,1.4535,-1.3951,-1.1176,0.83946,1.2536,2.2915,-0.68874,2.7108,-1.3044,8.57,-0.25093,5.5884,8.154,5.4956,-2.5268,-1.5739,-2.4534,6.145,0.59329,-1.4876,5.6263,-0.70671,0.27509,-4.2298,-2.2736,-2.5588
-0.94527,-1.0858,-0.19043,2.3609,-2.0297,0.44071,0.38997,1.8685,2.3186,-0.73986,2.9853,0.30873,3.3829,-1.4227,3.3066,-11.897,4.777,-2.1487,-0.5395,1.1319,1.2227,-2.2078,5.7386,3.6657,12.389,-3.692,-2.7403,3.5751,7.2105,-1.0847,5.724,-0.44199,8.4869,-1.0058,2.9531,-1.8118,1.7803,-3.7437,-7.6075,-2.166,-0.52331,5.0968,5.2721,-9.4273,2.3077,3.0001,0.8028,-1.2794,-0.24427,0.24644,8.0305,-0.81578,-3.0585,-0.32446,6.1791,3.9653,-1.894,4.7757,-0.98386,4.7699,-3.2419,-3.5875,-1.3692,1.1366,4.1784,1.7507,-0.68341,1.1293,-0.60988,1.6997,-2.7271,2.4326,-0.44301,4.2112,1.951,-1.4928,-1.5594,0.81812,1.568,2.0744,-0.53939,2.2075,-1.3383,8.8347,0.16412,5.561,8.3503,5.4626,-2.4762,-1.7711,-2.937,6.1363,0.6938,-1.6021,5.399,-0.9625,0.36695,-4.1152,-2.1489,-2.9648
-0.92477,-1.0036,0.047977,2.746,-2.0422,0.30789,0.54959,2.3232,2.7398,-0.68717,3.2934,0.50009,3.3981,-1.2293,3.219,-11.642,4.6122,-1.8662,-0.18947,1.2546,1.1844,-2.5057,5.4811,3.8214,12.425,-3.947,-2.5849,3.6798,7.2676,-0.85561,5.7788,-0.50442,8.5995,-1.2651,2.5677,-1.7401,1.7557,-4.1051,-7.5766,-2.1454,-0.34906,5.0316,5.1224,-9.6029,1.9276,2.9193,0.87049,-1.8359,-0.045319,0.14233,8.0966,-1.0143,-2.7561,-0.43269,6.3433,3.5085,-1.6687,4.5376,-1.0565,5.1161,-3.2675,-3.4172,-1.4658,1.0004,4.1604,1.7861,-1.0454,0.84366,-0.71981,2.1115,-2.4886,2.5543,-0.41987,3.9922,1.9307,-1.6984,-1.3713,0.73005,1.5812,1.7293,-0.17393,2.2055,-0.94921,8.3768,0.5388,5.4469,8.4986,5.4317,-2.6611,-1.3317,-2.9436,5.8912,0.63372,-1.4349,5.2034,-0.81907,0.15821,-4.1589,-2.4887,-3.012
-0.90876,-0.72122,0.42925,3.1052,-2.1211,0.096129,0.63494,2.5522,2.5994,-0.30866,3.2931,0.61407,3.0976,-0.73821,3.0237,-11.512,4.4524,-2.0391,-0.16103,0.97069,1.5852,-2.4918,5.8199,3.7836,12.685,-4.0207,-2.7638,3.8166,7.3954,-0.84771,5.3846,-0.14548,8.7871,-0.91151,2.6745,-1.6616,1.8378,-4.2453,-7.358,-1.97,-0.28916,4.7885,5.1921,-9.9849,1.9889,3.0318,1.1397,-1.9579,0.29543,0.18,8.2518,-1.2469,-2.4956,0.016356,6.2927,3.3507,-1.5821,4.6428,-1.5187,5.4943,-3.0915,-3.8552,-1.4349,0.90219,4.2343,1.8098,-1.0804,0.86817,-0.42893,2.0048,-2.4814,2.8027,-0.49956,4.0293,1.9654,-1.928,-1.6196,0.41253,2.0193,1.9353,-0.35278,2.5531,-1.0109,8.3604,0.14632,5.4116,8.5317,5.3946,-2.5858,-1.4933,-3.3238,5.5576,0.55667,-1.2612,5.1695,-0.94473,0.2509,-4.2752,-2.9378,-3.1278
-1.0595,-0.95731,0.41419,3.0691,-2.3106,0.52374,0.98455,2.5121,2.5242,-0.37669,3.3395,0.58079,2.9275,-0.58897,3.2352,-11.557,4.3897,-2.0402,-0.28364,1.3792,1.822,-2.4989,6.0518,4.1544,12.814,-3.7639,-2.4353,3.9949,7.5252,-0.97118,5.129,0.0093447,8.7639,-0.85452,3.0466,-1.6787,1.6465,-4.4651,-7.5742,-2.1902,-0.30263,4.6461,5.5109,-9.8792,2.1737,3.0213,1.482,-2.2266,0.060876,0.15452,8.4063,-0.976,-2.4098,-0.087133,6.3961,3.3261,-1.6221,4.4917,-1.7326,5.1229,-2.9408,-4.0147,-1.4973,0.78831,4.2643,2.0439,-1.241,0.88533,-0.43245,1.6249,-2.8827,2.8227,-0.29632,4.0424,1.6787,-1.9657,-1.9353,0.36026,1.8537,2.1004,-0.45372,2.5568,-0.60934,8.0149,0.41331,5.3768,8.5621,5.3833,-2.3444,-1.7194,-3.4319,5.9204,0.53421,-1.5316,5.3565,-0.7376,0.11678,-4.2254,-2.9643,-3.1072
-1.009,-1.414,0.23706,3.1061,-2.5555,0.67212,1.2291,2.7878,2.6816,-0.023245,3.0271,0.58579,2.9713,-0.54918,3.3158,-11.636,4.7361,-1.7695,-0.5309,1.7856,2.0001,-2.8181,5.628,4.5908,12.794,-3.548,-2.2266,4.1492,7.2231,-0.98627,4.8719,-0.24054,8.3734,-0.85505,3.387,-1.6094,1.4386,-4.6317,-7.5203,-1.7639,-0.30078,4.3509,5.2652,-9.9148,2.1349,3.2402,1.8294,-2.4673,-0.11709,0.28786,8.2473,-0.89719,-2.3111,-0.12944,6.4806,3.0019,-1.5308,4.14,-1.5027,4.8304,-3.3449,-3.9716,-1.3242,0.79249,4.1466,2.0061,-1.4415,1.2442,-0.54842,1.4433,-3.2366,2.8177,-0.56031,4.3873,1.5462,-2.0126,-2.3345,0.15066,2.0818,2.1819,-0.45289,2.3991,-0.67676,8.0884,0.6353,5.4923,8.4348,5.359,-2.119,-2.0666,-3.4744,6.0225,0.45493,-1.5676,5.2537,-0.9881,-0.025665,-3.9628,-3.228,-3.4226
-0.8117,-1.5109,0.21441,3.335,-2.626,0.70798,1.111,3.2471,3.0491,0.05779,3.0497,0.45447,2.6143,-0.6676,3.2153,-11.985,4.4891,-1.6877,-0.52357,1.7467,1.6999,-2.6756,6.0055,4.5694,12.54,-3.5924,-2.1731,3.7622,7.3381,-0.69745,5.0143,-0.24602,8.4267,-1.0593,3.5503,-1.8032,1.4499,-4.4248,-7.3377,-1.7862,-0.25409,3.9739,5.4142,-9.8032,2.1075,3.6062,1.4329,-2.2743,0.24493,0.29699,8.8091,-1.0345,-2.2674,0.17867,6.5528,2.5262,-1.441,4.2935,-1.954,4.5683,-3.0254,-4.3777,-1.3295,0.77005,4.2278,2.3524,-1.2603,1.0989,-0.13305,1.4584,-3.1352,2.7942,-0.57009,4.3702,2.0427,-2.083,-1.9733,-0.3182,2.558,2.3472,-0.38828,2.3517,-1.0459,8.2984,0.49501,5.2168,8.2263,5.2349,-1.9373,-2.064,-3.5605,5.9394,0.55682,-2.1173,5.1105,-1.3797,0.1882,-4.2164,-2.7851,-3.6189
-0.75559,-1.3298,-0.094207,3.6171,-2.3716,1.1205,1.2873,3.3747,2.6941,0.35612,3.2885,0.12904,2.5645,-0.83616,3.1093,-12.051,4.3661,-1.5009,-0.8291,1.6565,1.4757,-2.9878,6.1163,4.3061,12.457,-3.5766,-2.2433,3.949,7.2914,-0.41434,4.8424,-0.26506,8.404,-1.2921,3.4499,-1.8046,1.4351,-4.2901,-7.7468,-1.3971,-0.50445,4.44,5.0673,-9.6958,2.5194,3.5851,1.4481,-2.6805,0.46685,0.2728,8.8064,-1.0329,-2.332,0.24093,6.2095,1.9554,-1.1435,4.2677,-2.0737,4.7617,-3.434,-4.3588,-1.2493,0.93008,4.0489,2.6629,-1.2013,0.82957,-0.3556,1.412,-3.272,2.8592,-0.72389,4.6644,1.7285,-2.2137,-2.0868,-0.36442,2.6659,2.5955,-0.15796,1.9842,-1.0532,8.1957,0.67223,4.9818,7.9214,5.2612,-2.3489,-1.8074,-3.6849,6.0149,0.57384,-2.2979,5.2067,-1.2448,0.25381,-4.1903,-2.8707,-3.6476
-0.7624,-1.3443,-0.11493,3.6495,-2.2345,1.4477,1.0649,3.2971,2.996,0.15876,3.0674,0.23209,2.8731,-0.47715,2.6488,-11.639,4.5717,-1.7821,-0.78863,1.7792,1.265,-3.0285,5.8927,3.9702,12.162,-3.6869,-1.8996,4.3099,7.4988,-0.064401,4.5674,0.041643,7.9549,-1.2042,3.0668,-1.3492,1.2728,-4.1491,-7.8978,-1.5235,-0.3922,4.132,5.1411,-9.8648,2.3589,3.8711,0.98302,-2.8002,0.59638,0.15817,9.0729,-0.90892,-1.9559,0.27744,6.585,1.7484,-1.0738,3.9938,-2.3853,4.8443,-3.3098,-4.2229,-1.3189,0.75911,4.104,2.9975,-1.1583,0.75891,-0.33252,1.3359,-3.6345,2.9299,-0.52765,4.6845,1.5616,-2.5044,-2.3108,-0.31664,2.4967,2.6891,-0.64734,1.9321,-0.94288,8.5034,0.67521,5.1119,8.0469,4.8168,-2.4154,-1.934,-3.2914,6.1279,0.4912,-2.2947,4.812,-1.4425,0.064032,-3.8268,-2.8366,-3.4724
-0.89626,-1.6135,-0.25296,3.793,-2.0109,1.7679,0.61522,3.7125,3.093,0.54807,3.3419,0.057271,2.4513,-0.25196,2.7167,-11.843,4.8632,-1.655,-0.7829,1.5089,1.1905,-3.2373,5.89,4.2259,11.96,-3.4383,-1.905,4.3656,7.6984,-0.30743,4.5846,0.038017,7.7343,-1.1005,2.908,-1.2063,1.2045,-4.1164,-8.2121,-1.5343,-0.57384,4.3419,5.0686,-10.327,2.6964,4.3065,0.70864,-2.713,0.5209,0.10218,9.3924,-0.54638,-1.8643,0.68914,7.0497,2.0154,-0.54063,3.4864,-2.4165,5.1954,-3.3153,-4.0742,-1.5978,0.94725,4.0639,2.5755,-1.1174,0.32288,0.00092257,0.9332,-3.7535,3.0352,-0.6434,4.4411,1.6608,-2.8991,-1.9292,-0.56419,2.7024,2.972,-0.90717,1.8181,-0.73142,8.683,0.91899,5.0126,7.7525,4.5256,-2.4357,-1.8104,-2.9522,6.3498,0.44945,-2.2727,4.9648,-1.5829,-0.27468,-3.9955,-3.1875,-3.3845
-1.2128,-1.9529,-0.32313,4.2471,-2.0702,1.554,0.26174,3.8234,3.2914,0.6147,3.0553,0.0032825,2.2813,-0.54497,2.8911,-11.837,4.4549,-1.9612,-0.46687,1.5829,1.2865,-2.9673,6.107,4.0787,11.818,-3.2374,-1.7844,4.0586,8.0452,-0.29918,4.4452,-0.22774,8.1215,-1.1104,2.7933,-1.1188,1.0275,-3.7366,-7.9712,-1.3821,-0.57825,4.8435,4.9202,-10.628,2.6393,4.6962,0.65986,-2.5339,0.56348,-0.060493,9.6424,-0.11063,-1.4027,0.98446,7.0962,1.9425,-0.52168,3.3783,-2.3672,5.1797,-3.5029,-3.8008,-1.443,0.88172,3.8953,2.4394,-0.88645,-0.070788,0.22707,1.0916,-3.4738,3.2742,-0.25982,4.5042,1.4996,-2.9391,-1.5323,-0.65639,2.7816,3.2597,-0.66556,1.8613,-0.78606,8.4643,0.93324,5.1263,7.3018,4.4763,-2.3709,-1.6735,-2.8661,6.3699,0.41068,-2.193,4.9349,-1.4087,-0.56538,-4.0589,-3.167,-3.711
-1.2156,-1.9482,-0.31334,4.1791,-1.997,1.9223,-0.10297,4.2171,3.3416,0.20149,2.732,-0.37148,2.2137,-0.78036,3.0202,-11.576,4.4416,-1.9171,-0.15606,1.7306,0.74902,-2.9375,6.0808,3.9276,11.848,-2.9736,-1.7413,3.7506,7.8103,-0.5167,4.2589,-0.40971,8.0748,-1.1653,3.0883,-1.0945,0.90879,-3.7422,-8.2307,-1.3955,-0.58231,4.6255,5.0422,-10.247,2.5564,4.8095,0.6269,-2.6565,0.25555,-0.30911,10.231,-0.1071,-1.3006,1.0653,7.085,2.091,-0.62944,3.691,-2.3935,4.8211,-3.8733,-3.7134,-1.3272,0.61681,3.5902,2.1847,-1.1581,-0.33149,0.56923,0.80514,-3.5263,3.5641,-0.3067,4.8304,1.3409,-2.6393,-1.5245,-0.88505,2.8604,3.419,-0.83043,2.0001,-1.1005,8.3744,1.3031,5.3228,7.2452,4.4505,-2.4942,-1.6509,-2.8205,6.7014,0.32987,-2.5699,4.7299,-1.2288,-0.42608,-3.5578,-3.0706,-4.0671
-0.89184,-1.6375,-0.44344,4.3633,-1.6786,1.9983,-0.41361,4.5361,3.151,0.20272,2.4647,-0.88238,2.1639,-0.39564,3.2797,-11.638,4.6939,-1.7939,-0.065302,1.3839,0.22259,-2.8204,6.2097,3.6792,12.145,-2.8343,-2.0518,3.5055,7.4953,-0.40119,3.9739,-0.40638,7.85,-1.5097,3.2279,-0.76733,0.92557,-3.9428,-8.2169,-1.3319,-0.26064,5.1528,5.2122,-10.004,2.4449,4.5591,0.52381,-2.4073,0.46071,-0.39809,10.262,-0.45042,-1.1388,1.4993,7.0343,1.6884,-0.48366,3.26,-2.3871,4.6311,-3.7452,-4.012,-1.3055,0.81389,3.3023,2.4628,-1.0917,-0.57691,0.88541,0.45152,-3.0962,3.3233,-0.24566,5.2604,1.6116,-2.7586,-1.6789,-1.0843,2.5378,3.2676,-1.1729,1.6383,-0.72096,8.0233,1.0254,5.2305,7.5044,4.419,-2.2503,-1.885,-2.897,6.9739,0.64404,-2.8092,5.0236,-1.2694,-0.37519,-3.4511,-3.0254,-3.652
-0.58504,-2.0419,-0.45699,4.8589,-2.1878,2.0042,-0.37246,4.5008,2.9792,0.20222,2.1059,-1.0288,2.1386,-0.16402,3.5193,-11.653,4.7878,-2.0403,0.15819,1.3067,0.28911,-3.1163,6.5902,3.7572,12.342,-2.7152,-2.2014,3.5466,7.3591,-0.64912,3.8042,-0.44211,7.8043,-1.587,2.8286,-0.86382,0.79674,-3.7854,-7.9881,-1.5741,-0.26436,5.3696,5.3142,-10.058,2.2647,4.232,0.87414,-2.5979,0.25563,-0.67574,10.227,-0.18673,-0.65602,1.5292,7.0103,1.1244,-0.34101,3.1824,-2.3684,4.6912,-3.445,-4.0012,-1.2368,0.84367,3.0314,2.2024,-1.3041,-0.12843,1.2286,0.08071,-3.5006,3.1924,0.108,5.3911,1.3815,-2.7977,-1.7764,-0.87234,2.503,2.9065,-1.2809,1.569,-0.65666,7.6999,0.97435,4.9401,7.1771,4.7817,-2.5039,-2.0383,-2.9314,7.0643,0.60344,-2.8544,5.0073,-1.0549,-0.29465,-3.6181,-3.0214,-3.7327
-0.36682,-2.1054,-0.61453,4.8394,-2.1254,2.2546,-0.44041,4.4626,2.6204,-0.21838,1.7083,-1.097,2.5591,-0.10246,3.8244,-11.618,4.7982,-1.6063,0.2308,1.2353,0.058038,-3.135,6.7173,3.5815,12.363,-2.6032,-2.4083,3.5582,7.3381,-0.42108,3.6832,-0.37625,7.7495,-1.5156,2.6869,-0.55161,0.24743,-3.3382,-7.5735,-1.4809,-0.33966,5.056,5.2446,-10.237,2.1565,4.2665,0.84963,-2.2158,0.3586,-0.36172,10.179,-0.59647,-0.30336,1.872,7.3567,0.66407,-0.65218,2.8394,-2.2474,5.0864,-3.566,-4.099,-1.5038,0.62264,3.1036,2.1181,-1.22,-0.092999,1.2403,0.30862,-3.4595,2.8242,0.18055,5.3456,1.3785,-2.6437,-1.6095,-0.97893,2.7311,2.8662,-1.0467,1.2156,-0.79958,7.5899,0.60002,4.5866,6.8852,4.7899,-2.9011,-1.9096,-2.7015,6.8543,0.97505,-3.1361,4.9847,-0.61308,-0.23702,-3.2677,-2.951,-3.6677
-0.57067,-2.2512,-1.0032,4.7833,-2.1438,2.1871,-0.40253,4.5102,2.8264,-0.44517,1.5397,-1.0716,2.4302,0.13195,3.6458,-11.43,5.0384,-1.5341,0.11654,1.1274,-0.42418,-2.9942,6.6881,3.4725,12.438,-2.6814,-2.6858,3.9634,7.3514,-0.36839,3.6837,-0.17945,7.4802,-1.4778,2.6027,-0.72713,-0.036355,-3.2227,-7.615,-1.6029,-0.4927,5.0383,5.5266,-10.33,1.9194,4.3353,0.40398,-2.4734,0.42052,-0.35653,10.34,-0.8153,-0.35797,2.1229,7.1202,0.62208,-0.94672,2.7624,-2.377,5.3883,-3.3786,-4.1108,-1.2701,0.60197,2.8893,1.6981,-1.3159,-0.093453,0.97289,0.044801,-3.4908,3.1195,0.53789,5.2869,1.6388,-2.3039,-1.668,-0.99269,3.0885,2.7187,-1.2138,1.2718,-0.71392,7.5113,0.24402,4.4542,6.9128,4.7701,-2.9343,-1.7503,-2.3989,6.4616,0.95227,-2.9258,4.7865,-0.47766,-0.14075,-2.7651,-2.9409,-3.4535
-0.99593,-2.5973,-1.1432,4.7506,-2.3077,2.283,-0.050037,4.2812,2.7471,-0.40484,1.4699,-1.4304,2.2294,0.27067,3.6174,-11.14,5.0021,-1.747,-0.136,0.8242,-0.4136,-3.1011,6.9482,3.9298,12.334,-2.8798,-2.8281,4.0652,7.3705,-0.029793,3.514,0.048924,7.3605,-1.4883,2.6539,-0.55127,0.26271,-3.3171,-7.9445,-1.4588,-0.52016,4.9624,5.9833,-10.128,1.6646,4.582,0.76888,-2.6387,0.35732,-0.81683,10.655,-0.67738,0.0025648,1.8524,6.967,0.38374,-1.0616,2.6949,-2.8124,5.2005,-3.3647,-3.8125,-1.5275,0.23128,2.914,2.0677,-1.1939,-0.0071774,1.1212,0.068625,-3.537,2.9103,0.39334,5.4046,1.4605,-1.8772,-2.0134,-0.83444,3.3617,3.0078,-1.0299,1.1713,-0.71881,7.8866,-0.11682,4.1159,6.95,4.4698,-3.2147,-1.1725,-2.1401,6.0515,0.74825,-3.1095,4.6052,-0.56132,-0.40335,-2.7648,-2.9341,-3.2356
-0.97095,-2.4951,-1.2972,4.8939,-2.0804,2.278,-0.23994,4.5182,2.7054,-0.28738,1.831,-1.7504,2.2373,0.15906,3.4999,-11.298,5.2875,-1.3265,-0.050031,0.90677,-0.49812,-2.7008,7.4095,3.6647,12.588,-2.862,-2.4602,4.5048,7.1812,-0.097779,3.1754,0.056734,7.3987,-1.3021,2.1701,-0.8804,0.015878,-3.5445,-7.8992,-1.6635,-0.53047,4.633,6.262,-10.158,1.6613,4.9956,0.49437,-2.5964,-0.041055,-0.8375,10.885,-0.50593,0.33108,1.6294,6.8008,0.2172,-0.7618,2.6777,-3.2386,5.1571,-3.6964,-3.3657,-1.5448,0.028286,3.2528,1.9826,-1.1946,0.3111,1.2351,0.46234,-3.8675,3.144,0.32005,5.6721,1.4925,-2.067,-1.6772,-1.2487,3.6205,3.2123,-1.0702,1.2182,-0.25562,7.9275,-0.087242,3.576,6.8446,4.3242,-3.5228,-0.67311,-2.1544,6.132,0.41111,-2.7329,4.486,-0.90374,-0.66455,-3.1293,-2.9407,-3.0116
-1.169,-2.6963,-1.0174,5.0981,-2.582,2.5716,-0.44798,4.4149,3.1008,0.090443,1.8354,-2.1234,2.1449,0.67658,3.8009,-11.657,5.1865,-1.0081,-0.035517,0.86036,-0.41073,-2.5267,7.4347,3.3408,12.595,-2.9608,-2.2773,4.252,7.5319,-0.10118,2.757,0.14811,7.2572,-1.3879,1.9485,-0.50553,-0.038638,-3.3242,-7.7315,-1.6615,-0.54615,4.4965,6.0066,-10.122,1.5055,4.7985,0.51014,-2.8009,-0.23325,-1.3048,11.296,-0.46528,0.071466,1.6101,6.7721,0.10644,-0.38265,2.3585,-3.1734,4.9843,-3.8554,-3.1169,-1.6413,-0.18772,2.9374,1.9445,-1.1071,0.21994,1.317,0.66681,-3.9449,3.2289,0.62257,5.706,1.718,-1.8289,-1.7032,-1.5578,3.774,3.3979,-1.023,0.86432,-0.46549,8.3118,0.036641,3.399,7.0958,4.6225,-3.5084,-0.65388,-2.2704,6.3508,0.37885,-2.9412,4.2491,-1.1369,-0.62479,-2.8384,-3.301,-3.3479
-1.0128,-2.7673,-0.97939,5.1887,-3.0541,2.1523,-0.59213,4.0633,3.3603,0.081802,2.1384,-2.2503,1.968,0.44601,3.5854,-11.377,4.9921,-0.85401,0.045206,0.62369,-0.55073,-2.6187,7.1823,3.4948,12.291,-3.169,-2.2323,4.537,7.5229,-0.19714,2.5817,0.34161,7.1473,-1.077,1.6986,-0.41507,-0.4618,-3.4326,-7.7697,-1.7383,-0.33469,4.8785,6.0913,-10.38,1.3987,5.1177,0.53069,-2.8487,-0.35714,-1.2887,11.189,-0.51973,0.14551,1.613,6.6787,0.14318,-0.57737,2.491,-3.5956,5.2077,-3.7884,-3.2183,-2.0718,-0.35172,2.5958,1.7434,-1.004,-0.060519,1.4646,0.78854,-3.7884,3.0672,0.57082,5.6114,2.0708,-1.9512,-1.6443,-1.6504,3.6548,3.7487,-1.0857,0.64657,-0.24532,8.2973,-0.21745,3.063,7.0357,4.3447,-3.1479,-0.050365,-2.1934,6.2888,0.28554,-2.6159,3.7588,-0.83112,-0.96689,-2.5494,-3.4053,-3.2138
-1.0215,-2.9978,-1.0442,5.4446,-3.4775,2.1153,-0.61757,3.7504,3.2698,0.3382,2.056,-2.2296,1.8918,0.54951,3.4432,-11.554,5.1011,-0.6404,0.11724,0.7941,-0.92146,-2.6388,7.4682,3.4941,12.031,-2.7777,-2.2759,4.6818,7.6336,-0.09831,2.4597,0.36632,6.9963,-1.1028,1.2425,-0.029941,-0.31971,-3.4019,-7.6961,-1.8068,-0.051807,4.4595,6.2708,-10.515,1.3697,5.1914,0.31337,-2.9581,-0.49774,-1.5112,11.031,-0.16827,0.17974,1.6043,7.0358,0.13284,-0.74977,2.81,-3.8767,5.522,-3.8344,-2.9995,-2.0813,-0.81276,2.8054,1.4538,-0.79951,-0.10346,1.0054,1.0479,-3.7356,3.0978,0.88417,5.4231,1.8531,-1.6724,-1.5477,-1.6816,3.7907,3.7839,-0.98561,0.64584,-0.32877,7.899,-0.11674,2.7482,7.2689,4.5804,-3.2077,0.17812,-2.2191,6.298,-0.0047413,-2.9785,3.4877,-0.39426,-1.0717,-2.7149,-3.2994,-3.1154
-1.2906,-2.7676,-1.1354,5.2645,-3.2559,1.9542,-0.85099,3.7732,3.0285,0.13522,2.0168,-2.0784,1.6298,1.0246,3.7013,-11.162,4.885,-0.17288,0.18687,0.8499,-1.1127,-2.8782,7.5155,3.5021,11.805,-2.9544,-2.2794,4.8,7.5694,-0.27158,2.2757,0.055103,6.5743,-1.5718,1.3637,0.40119,-0.10312,-3.4008,-7.4536,-1.4568,0.102,4.8832,6.5975,-10.5,1.4926,5.2232,0.48353,-2.5714,-0.69055,-1.4786,10.689,-0.53795,0.24286,1.9349,6.8739,-0.17129,-0.96203,2.6652,-3.7655,5.4276,-3.6122,-3.2831,-2.3056,-0.56586,2.5028,1.5113,-0.42011,-0.05597,0.8796,1.0234,-3.7015,3.2581,1.2015,5.621,2.1045,-1.6289,-1.5138,-1.4625,3.7631,3.8273,-1.4946,0.5367,-0.5962,7.7598,0.29069,2.9507,7.4209,4.996,-3.2188,0.46538,-1.7748,5.9475,-0.034983,-2.9692,3.7048,-0.32809,-0.70248,-2.7541,-2.9681,-2.6691
-1.3906,-2.7864,-1.4299,5.6186,-3.1106,1.5698,-0.56697,4.0779,2.9157,-0.14201,2.3834,-1.9647,1.5361,1.1478,3.9621,-10.864,4.7772,-0.041286,0.20696,1.0359,-0.96504,-2.7323,7.4477,3.3485,12.189,-2.6859,-2.7175,5.1159,7.3421,-0.35655,2.1534,0.12584,6.7657,-1.49,1.0573,0.73621,-0.2431,-3.3044,-7.7118,-1.9243,-0.29358,4.4624,6.8988,-10.473,1.2958,5.099,0.1302,-2.4167,-0.93402,-1.7275,10.638,-0.33922,0.51642,1.6814,7.0624,-0.67898,-0.56393,2.4453,-4.094,5.3955,-3.592,-3.2974,-2.5622,-0.97443,2.6684,1.4324,-0.62353,-0.079491,0.67076,1.1661,-3.7373,3.0614,1.3508,6.0321,2.469,-1.5832,-1.5511,-1.41,3.7212,3.7978,-1.3929,0.42133,-0.626,7.8203,0.6562,2.8705,7.2097,5.0578,-2.988,0.42918,-1.9371,5.8199,-0.090587,-2.5105,3.6863,-0.0839,-0.57622,-2.5941,-2.6439,-2.7296
-1.0264,-2.571,-1.3981,5.4657,-3.4711,1.6296,-0.98367,3.883,3.0343,-0.389,2.4327,-1.5107,1.4955,1.466,3.9963,-10.42,4.5128,0.17058,0.49931,1.1824,-0.87009,-2.4239,7.4097,3.5776,11.725,-2.3622,-2.8259,4.8728,7.6281,-0.80567,1.9913,-0.089518,6.8664,-1.5725,1.3112,0.42116,-0.22581,-3.036,-7.6554,-2.3132,-0.4922,4.9152,6.6472,-10.331,1.0473,5.2741,-0.22153,-2.0261,-0.97431,-1.7073,10.459,-0.46471,0.56049,1.4472,7.1634,-0.79982,-0.39491,2.4904,-4.096,5.7397,-3.8328,-3.326,-2.6425,-1.4374,2.6793,1.3175,-0.29397,-0.053751,0.46044,0.96351,-4.0753,2.842,1.1653,6.3758,2.6839,-1.63,-1.4069,-1.2104,3.7419,3.9144,-1.4326,0.54219,-0.38661,8.0849,0.60504,2.9541,7.2337,4.8841,-2.9978,0.59493,-1.5376,5.4962,-0.081035,-2.4749,3.9424,0.24581,-0.2436,-2.8032,-2.5862,-2.4172
-0.97068,-2.9384,-1.4131,5.4694,-3.6425,1.8023,-0.99755,3.5762,3.0035,-0.18184,2.4011,-1.4433,1.3851,1.278,3.6771,-10.761,3.9411,-0.14912,0.25077,1.1898,-0.95023,-2.2211,7.5099,3.6041,11.383,-2.3345,-2.8635,4.615,7.6593,-0.99474,1.6698,-0.36611,7.2388,-1.977,1.5492,0.50634,-0.47398,-3.2964,-7.8892,-2.5054,-0.7817,4.456,6.5545,-10.418,0.71524,5.2702,-0.37131,-1.7745,-1.136,-1.6577,10.538,-0.71657,0.14786,1.3634,7.4756,-1.0006,-0.26202,2.1579,-3.844,6.0652,-3.4282,-3.6419,-3.0068,-1.6927,2.7609,0.9115,-0.73448,0.096337,0.46619,0.57579,-4.177,2.899,0.75227,6.4434,2.8082,-1.6231,-1.2064,-1.5001,3.747,3.7499,-1.4933,0.55984,-0.45617,7.8496,0.60178,2.5336,7.0357,4.9361,-3.2191,1.1902,-1.7783,5.514,0.016933,-2.1397,3.9586,0.10079,0.074009,-2.4078,-2.5326,-2.3052
-1.2973,-2.8695,-1.1664,5.2751,-3.2892,1.6959,-1.2486,4.0296,3.2401,-0.34435,2.6086,-1.7861,1.1027,1.1492,3.8046,-10.41,3.7958,-0.18871,0.56207,1.3201,-0.896,-2.3446,7.6783,3.8895,11.117,-2.3052,-3.0021,4.4561,7.4811,-0.88052,1.9832,-0.78295,7.1987,-1.9628,1.752,0.32799,-0.36198,-3.5884,-7.8732,-2.6263,-0.78648,4.6757,6.7422,-10.578,0.51862,5.0466,-0.41719,-1.6098,-1.224,-1.9086,10.352,-0.80541,0.44149,1.328,7.7267,-1.6483,-0.19886,2.0733,-3.7441,6.1457,-3.3227,-3.2473,-2.9407,-1.386,2.6751,0.71753,-0.82296,0.060552,0.52728,0.52214,-3.8394,3.0442,0.53573,6.0541,3.0378,-1.4643,-1.341,-1.1778,3.6027,3.5817,-1.8289,0.58015,-0.78821,7.4465,0.64955,2.3627,6.9128,5.1781,-3.4422,1.6354,-1.9042,5.7706,0.0019453,-2.1034,3.9893,-0.16583,0.39051,-2.2319,-2.877,-1.9794
-1.3675,-2.8438,-1.5492,5.1491,-2.9284,1.7305,-1.6843,4.0632,3.5796,0.091432,2.9047,-1.4641,0.95313,1.4786,3.3245,-10.011,3.606,-0.032641,0.95147,0.9074,-0.69767,-2.4034,7.6307,3.7197,10.954,-2.4578,-3.1316,4.9669,7.774,-0.96525,2.246,-1.0532,6.7357,-1.7758,1.865,0.027817,-0.6474,-3.5483,-8.0696,-2.7052,-0.79311,4.7691,6.8394,-10.551,1.0173,4.9774,-0.51147,-1.6968,-1.3973,-1.7982,10.313,-0.74641,0.16101,1.7127,8.0873,-1.4944,0.31664,1.951,-4.0813,6.1473,-3.174,-2.9629,-2.9632,-1.5106,2.4067,0.79598,-0.63729,0.063342,0.14918,0.41982,-3.5724,3.441,0.14527,6.3984,3.3206,-1.3336,-1.1047,-1.0308,3.447,3.7621,-1.7972,0.47669,-0.93785,7.6225,0.61352,1.9666,6.8325,5.2661,-3.3087,1.7808,-2.0391,5.6431,0.0037335,-2.1638,3.8177,-0.48214,0.58202,-1.7112,-3.0783,-2.1099
-1.2997,-2.7185,-1.6813,5.3609,-2.9749,1.8883,-1.8635,4.3239,3.82,0.085416,2.9992,-1.349,0.83143,1.246,3.6676,-10.144,3.7449,-0.010724,1.0222,0.98094,-1.1872,-2.5813,7.6971,3.921,10.747,-2.507,-3.281,4.7661,7.6111,-1.3331,1.8557,-1.1572,6.7023,-1.8311,1.7938,0.4296,-1.1012,-3.567,-7.8298,-2.693,-0.4645,4.7879,6.4947,-10.56,1.5224,5.2745,-0.67867,-1.9446,-1.2289,-1.529,10.295,-0.68391,-0.22365,1.5245,8.1114,-1.3868,0.091391,1.9857,-3.627,6.4624,-3.3207,-3.2679,-3.14,-1.8365,2.7136,0.92591,-0.5925,0.2756,0.41571,0.41225,-3.2027,3.6877,-0.086218,6.1283,3.3474,-1.4059,-1.0039,-1.0629,3.5377,3.4811,-1.4368,0.69864,-0.51811,7.851,0.79423,2.2102,6.8216,5.3887,-3.5201,2.2844,-2.3448,6.0334,0.039186,-2.1336,4.0114,-0.55128,0.89791,-1.5302,-3.0091,-2.2501
-1.0348,-2.6478,-1.5822,5.2755,-2.9229,1.9659,-1.7438,3.9013,3.5784,0.28661,2.7624,-1.0528,0.81111,1.0004,3.4028,-9.7792,3.4531,0.14931,0.88394,0.96735,-1.2296,-2.5337,7.497,4.0739,10.715,-2.5886,-3.4261,5.1829,7.5787,-1.1357,1.4536,-0.96058,6.6535,-1.6161,1.4845,0.41061,-1.256,-3.7142,-8.0574,-2.2399,-0.76906,4.7149,6.69,-10.654,1.8283,5.2088,-0.71766,-2.1772,-1.2148,-1.3358,10.443,-0.9328,-0.53019,1.1601,8.0688,-1.5864,0.1217,2.1391,-3.2003,6.5992,-3.37,-3.0875,-3.3926,-1.9384,2.5831,0.84371,-0.3475,-0.1923,0.17381,0.70012,-3.2987,3.6916,-0.28291,6.0025,3.5065,-0.96392,-0.86626,-0.86403,3.5359,3.4863,-1.689,0.86116,-0.55831,7.3801,1.1939,2.094,6.8821,5.3822,-3.773,2.7712,-2.4212,6.0899,-0.19372,-2.4129,3.6681,-0.93143,1.1554,-1.594,-3.1192,-2.2726
-1.1644,-2.9076,-1.6733,5.7417,-2.5581,1.762,-1.4627,3.9657,3.7317,0.612,2.753,-0.77117,0.96079,0.78919,3.6967,-9.7175,3.3366,0.13163,1.1286,1.3173,-1.2614,-2.2522,7.2378,4.1803,10.607,-2.4226,-3.1782,5.2927,7.8316,-1.5405,0.95904,-0.9282,6.913,-1.4462,1.4029,0.53256,-1.3925,-3.6107,-8.0492,-1.9856,-1.036,4.7414,6.9099,-11.027,2.1732,5.4541,-0.62145,-1.8328,-1.4716,-1.4666,10.168,-0.78844,-0.38513,1.5712,8.3114,-1.7452,0.14558,2.1636,-3.2189,6.7203,-3.5871,-3.1558,-3.2182,-2.0256,2.6503,0.5062,-0.38266,-0.50046,0.16878,0.5421,-3.4859,4.1623,-0.18379,5.9279,3.3777,-0.9565,-0.36177,-1.2284,3.3015,3.6112,-1.7977,0.76851,-0.40705,7.4349,1.4964,2.0217,7.2655,5.1053,-3.7804,2.9408,-2.3323,5.93,-0.23938,-2.2755,3.4716,-0.94082,1.2394,-1.493,-3.2357,-2.2058
-1.4026,-2.8011,-2.0605,6.1521,-2.6996,1.925,-1.484,4.1698,3.4116,0.8934,2.4535,-0.731,1.1543,0.90715,3.8143,-9.7393,3.0187,0.30249,1.225,1.2365,-1.5449,-2.1837,7.3994,4.3156,10.189,-2.2556,-3.1837,5.3517,7.8838,-1.67,1.0441,-0.87047,6.9076,-1.6522,1.3062,1.0094,-1.0439,-4.0448,-7.9168,-1.6328,-1.2212,4.7669,7.0308,-10.951,2.2261,5.2999,-0.71503,-2.0612,-1.4985,-1.4583,10.106,-0.63503,-0.2884,1.8768,8.6444,-1.5389,0.18028,1.958,-3.2169,6.897,-3.5692,-3.2553,-3.4481,-2.0918,2.1899,0.72469,0.012276,-0.51102,0.27393,0.92111,-3.5546,3.8911,0.11932,6.1638,3.6604,-0.59771,-0.014149,-1.2253,3.4581,3.9302,-1.8369,1.0838,-0.51955,7.4044,1.5893,1.9681,7.167,5.1047,-3.6186,3.1614,-2.2866,5.8059,-0.46137,-2.2426,3.7338,-1.0931,1.4919,-1.6763,-3.3381,-2.297
-1.161,-2.5752,-2.5583,6.3962,-3.0727,1.7514,-1.3589,4.1986,3.2955,0.61467,2.1348,-0.67705,1.3241,0.57501,3.7066,-9.6631,2.7189,0.5013,1.673,1.3486,-1.8624,-2.5854,7.5647,4.605,10.065,-2.0672,-3.3455,5.4581,7.9079,-1.6343,1.1988,-0.85686,6.5235,-1.3935,0.81375,1.1426,-0.87433,-4.1877,-7.6844,-1.6563,-1.0188,5.1313,6.9999,-11.077,2.5936,5.4001,-1.1344,-1.9209,-1.2603,-1.0139,10.307,-0.1694,-0.20418,2.2738,8.377,-1.5121,0.27697,1.6768,-3.4019,7.2185,-3.325,-3.2004,-3.5762,-2.2581,2.235,1.1229,-0.26052,-0.51505,-0.1143,0.78363,-3.6261,4.0972,0.19061,5.7751,3.7991,-0.82517,0.0086805,-1.3231,3.255,3.9974,-2.0232,1.0724,-0.59505,7.6803,1.7164,1.981,7.0514,5.1896,-3.7681,3.5135,-2.219,6.0115,-0.35859,-2.2205,3.2939,-1.2174,1.4869,-1.5754,-3.1858,-2.5573
-0.78988,-2.4631,-2.8793,6.5413,-2.7971,1.8807,-1.0874,4.2069,3.0624,0.63227,2.031,-0.78015,1.1526,0.65738,3.7463,-9.5379,2.6944,0.39107,1.6777,1.6911,-1.9283,-2.7476,7.8197,4.7358,10.044,-2.0587,-3.6144,5.7115,8.0769,-1.4137,0.73051,-1.1118,6.8991,-1.1076,0.47186,1.1026,-1.2008,-4.0572,-7.9018,-2.059,-1.0555,4.9955,6.6597,-11.205,3.0115,5.5494,-0.89985,-1.6312,-0.90643,-1.0135,10.174,0.18108,-0.11454,2.478,8.3727,-1.7996,-0.10403,1.5044,-3.4104,7.1805,-3.6005,-3.1782,-3.446,-1.9748,2.5988,1.0258,-0.18847,-0.44097,0.074714,0.87318,-3.5573,4.1679,0.54902,5.9969,3.7766,-0.8057,0.24045,-1.454,3.7404,3.7733,-2.371,0.91689,-0.40328,7.3329,1.4996,2.1171,7.3174,5.4101,-3.5434,3.7219,-2.1409,5.788,0.056066,-2.2733,3.2858,-1.1671,1.1463,-1.2948,-2.9096,-2.8991
-0.84118,-2.6154,-3.1754,6.5647,-2.6533,1.9754,-0.98449,3.7715,2.9229,0.9074,2.1015,-0.73016,0.97048,0.65665,3.4621,-9.5355,2.3338,0.30913,1.6782,1.4461,-1.7963,-2.4631,7.571,5.0575,10.222,-2.0472,-3.6225,5.8933,7.8453,-1.8505,0.58166,-1.1595,7.1675,-1.1878,0.36972,0.82636,-1.2987,-4.1066,-7.5456,-1.9306,-0.65919,5.3526,6.4165,-11.261,3.0382,5.5916,-0.91097,-1.783,-0.92561,-0.85584,10.159,0.03895,-0.27023,2.4033,8.291,-1.9219,-0.10362,1.5838,-3.6267,7.1114,-3.2997,-3.4922,-3.4173,-2.429,2.5074,1.0046,0.16996,-0.56678,-0.2831,0.85166,-3.5266,4.1923,0.42247,5.8187,3.7279,-0.66652,0.22538,-1.4896,3.8695,4.0382,-2.1631,1.2276,-0.6299,7.0441,1.4258,1.7568,7.2647,5.2092,-3.5783,3.9317,-2.0533,5.7063,-0.085288,-2.3345,3.1345,-1.1185,0.6145,-1.0076,-2.7975,-2.9597
-1.079,-2.6207,-3.2607,6.4888,-3.0575,2.2683,-0.77073,3.9388,3.1533,0.86343,1.6181,-0.72244,0.8705,0.81084,3.7344,-9.317,2.2031,0.61544,1.5798,1.4681,-1.8076,-2.6299,7.274,5.1064,10.384,-1.6582,-3.7805,5.7652,7.7065,-1.9071,0.29836,-1.1358,6.8122,-1.126,0.60956,0.49091,-0.97748,-3.7699,-7.0845,-1.8468,-0.91792,5.6149,6.7358,-11.614,3.3683,5.7006,-0.62031,-2.004,-0.90111,-0.94191,9.9271,0.11609,-0.051713,2.7095,8.1753,-2.2397,-0.19127,1.448,-3.8284,6.981,-3.1252,-3.6398,-3.3913,-2.7237,2.4372,0.91051,0.0074841,-0.74085,-0.40847,0.60575,-3.5673,4.5163,0.041776,5.9515,3.3546,-0.58345,0.3808,-1.9107,3.9626,4.1472,-1.9739,1.2425,-0.4471,6.9633,1.8158,1.5433,7.1354,5.4819,-3.5487,4.0599,-2.2208,5.6168,-0.064605,-2.3686,2.6586,-1.3316,0.45446,-0.48396,-2.7787,-3.3684
-1.2079,-2.4898,-2.9808,6.5676,-3.2668,2.2804,-0.55263,3.68,3.1339,0.8734,1.3034,-0.59171,1.1236,1.2153,3.8139,-9.4012,2.3484,0.28735,1.7496,1.3238,-1.789,-2.2863,7.3509,5.3335,9.9959,-1.7994,-4.0349,6.1426,7.7286,-2.0778,-0.29984,-1.538,6.5641,-1.3577,0.54587,0.4481,-0.83451,-3.707,-7.0917,-2.0825,-1.0143,5.6603,6.4335,-11.491,3.2073,5.5957,-0.67642,-1.8679,-1.0857,-0.96132,9.812,0.58399,0.46107,2.6705,7.8655,-2.4296,-0.38013,1.4952,-3.7421,7.0604,-2.7823,-3.6826,-3.3746,-2.8029,2.0395,1.096,-0.35212,-0.80186,-0.14185,0.7467,-3.0472,4.5269,-0.18206,5.9471,3.5785,-0.21301,0.77624,-1.9636,4.3937,4.2868,-2.0303,1.3026,-0.50894,7.1525,1.9394,1.457,6.6705,5.72,-3.2599,4.029,-2.5025,5.616,0.10839,-2.2701,2.8191,-1.4481,0.37089,-0.35216,-2.5239,-3.2849
-1.1306,-2.4557,-3.298,6.4882,-3.5652,2.6088,-0.50442,3.9743,3.5974,1.1094,1.1261,-0.5123,0.79439,1.5807,3.8329,-9.4242,2.0525,-0.10353,1.6709,1.5628,-1.9863,-2.6413,7.3332,4.9989,9.7852,-1.7751,-3.9795,6.1939,7.9845,-1.8068,-0.74295,-1.2019,6.6379,-1.0572,0.40174,0.56134,-0.80798,-3.9957,-6.8597,-1.9646,-0.8949,5.4034,6.5556,-11.729,2.8814,5.6427,-0.73141,-2.0513,-0.68643,-1.1317,10.035,0.52413,0.21695,2.9804,7.8998,-2.4123,-0.43584,1.1683,-3.9409,7.3131,-2.5091,-4.0746,-3.2054,-3.0937,1.6164,0.68006,-0.34527,-1.0642,0.094922,0.60058,-2.9477,4.9504,-0.09597,6.1513,3.5328,-0.032515,1.0836,-1.8113,4.6622,4.3746,-1.6069,1.1695,-0.47413,7.2986,2.4083,1.0222,6.6129,5.9217,-3.1568,3.853,-2.3382,5.6413,-0.14079,-2.2687,2.6733,-1.729,-0.063014,-0.33874,-2.4425,-3.4869
-1.4409,-2.344,-3.3714,6.5388,-3.9394,2.642,-0.57178,3.942,3.7233,0.74479,0.8247,-0.59707,0.53931,1.7415,3.9855,-9.7677,1.6968,-0.047207,1.5665,1.7517,-1.8859,-2.3297,7.0969,5.2008,9.6183,-1.7411,-3.556,6.2805,8.0102,-2.1188,-1.193,-1.2277,6.8881,-1.1017,0.20782,0.16186,-1.2243,-3.8143,-7.2471,-2.2032,-1.1886,5.3179,6.9306,-11.718,2.6176,5.7353,-0.69143,-2.1906,-0.45533,-1.3975,9.9566,0.57866,0.31355,2.7263,7.6661,-2.3787,-0.054672,1.3949,-3.9559,7.1459,-2.663,-4.1312,-3.3213,-2.8116,1.8418,0.83188,-0.84553,-1.338,0.12755,0.50809,-2.7697,4.7074,0.095091,6.2351,3.3081,-0.18596,1.3384,-1.5149,5.1726,4.2377,-1.3551,1.1601,-0.53377,7.5097,2.4853,1.1548,6.3855,5.5001,-2.631,3.4784,-2.6404,5.3696,0.21724,-2.2161,2.4454,-1.4853,0.1304,-0.5246,-2.7727,-3.2304
-1.7368,-2.4948,-3.251,6.9558,-4.359,2.5716,-0.61278,3.685,3.9071,0.69969,0.4121,-0.57148,0.93871,1.8267,3.5932,-10.178,1.8928,0.10876,1.4363,1.8102,-2.1197,-2.0683,7.2018,5.3623,9.4041,-1.7726,-3.2696,5.8964,8.2929,-2.0234,-1.5335,-1.0959,6.9481,-1.0304,0.32962,0.053625,-1.1156,-3.9394,-7.174,-2.1117,-0.83626,5.601,6.8036,-11.571,2.6916,6.1557,-0.80431,-1.9331,-0.32434,-1.3503,9.8644,0.35087,0.31157,2.7446,7.5403,-2.3472,-0.036506,1.3904,-3.5828,7.0497,-2.6413,-3.5958,-3.0421,-2.8413,1.6822,1.0784,-1.0737,-1.1031,0.40898,0.35559,-2.7114,5.0214,0.43967,6.4754,3.3384,-0.020325,1.4686,-1.6848,5.1395,4.216,-1.4239,1.1398,-0.60059,7.428,2.6337,0.83024,6.4295,5.2915,-2.7418,3.6517,-2.6213,5.3975,-0.19387,-2.2988,2.2169,-1.6524,-0.12107,-0.3118,-3.1113,-3.0282
-1.442,-2.348,-3.3185,6.9815,-4.4466,2.3692,-0.80018,3.8759,4.0559,0.96516,0.50359,-0.70846,1.2528,1.7876,3.8535,-10.034,2.2397,-0.074259,1.419,1.8076,-1.8282,-1.7702,7.2235,5.0601,9.1181,-1.8405,-3.6936,5.8633,8.2011,-1.7801,-2.0337,-1.3392,6.9172,-1.2941,-0.0295,-0.036447,-1.302,-3.9214,-6.8636,-2.0962,-1.111,5.5232,6.6668,-11.787,2.7009,6.0743,-1.253,-1.9338,-0.33768,-1.4978,9.7151,0.52781,0.36411,2.9361,7.3879,-2.8614,-0.070837,1.2923,-3.8023,7.1503,-2.7325,-3.476,-2.8458,-2.6911,1.4011,0.74907,-1.4285,-0.82854,0.40022,0.54259,-2.5911,5.2079,0.48019,6.3735,3.4555,-0.47089,1.7018,-1.9479,5.51,4.4117,-0.97881,0.99153,-0.72183,7.0753,2.4463,0.92559,6.2295,5.5615,-2.66,3.4761,-2.5458,5.4276,-0.0080095,-2.2859,1.6145,-1.6914,0.25056,-0.34047,-3.2945,-3.1081
-1.5705,-2.236,-3.3023,7.0812,-4.4555,2.1734,-0.83239,3.8225,3.9447,1.1735,0.2954,-0.8699,1.2314,1.7782,4.0252,-10.472,2.2762,0.10555,1.8283,1.501,-1.9947,-1.7227,7.5022,4.6765,9.1282,-2.0841,-3.4495,5.7878,8.2477,-1.8966,-2.1096,-1.5765,7.0356,-1.6063,-0.4996,-0.12369,-1.448,-3.8447,-6.4492,-2.5956,-0.67351,5.0945,6.3488,-11.739,3.0996,5.8554,-1.4943,-1.7198,-0.59064,-1.009,9.8581,0.66703,0.40189,2.8455,7.6394,-2.8505,-0.30842,1.4439,-3.7957,6.7764,-2.9948,-3.3659,-2.9551,-2.8524,1.3195,1.0094,-1.3693,-1.1394,0.58053,0.28717,-2.1397,5.4018,0.41218,6.3974,3.5512,-0.57408,2.0047,-2.1036,5.6208,4.3795,-0.6804,0.67705,-1.0807,6.9912,2.2013,0.95778,5.8409,5.7832,-2.524,3.4364,-2.2053,5.6681,0.19523,-2.1392,1.5571,-1.7226,0.15737,0.22125,-3.4497,-3.0737
-1.7495,-2.6619,-3.0795,6.997,-4.1069,2.1497,-0.92003,3.4814,3.9911,0.88758,-0.1387,-1.1855,0.86711,1.9032,4.1661,-10.507,2.5686,0.12461,2.2902,1.5328,-2.3956,-1.6739,7.766,4.777,8.9139,-1.9737,-3.2658,5.4644,7.9743,-1.739,-2.2488,-1.8483,6.9878,-1.5973,-0.65271,-0.21538,-1.4041,-3.99,-6.16,-2.3112,-0.41425,4.9503,6.7491,-11.886,2.7245,5.649,-1.8416,-1.6072,-0.24352,-1.1968,10.056,0.73915,0.57288,3.1572,7.3585,-2.8655,-0.26496,1.5986,-3.7689,6.4298,-2.9452,-3.515,-3.2656,-2.8181,1.2514,1.2295,-1.4366,-1.257,0.47933,0.0079797,-2.3246,5.402,0.45228,6.5594,3.7278,-0.59103,1.9893,-1.8236,5.7987,4.0522,-0.77146,0.63073,-1.3433,6.9005,1.9978,0.81867,6.0035,5.8243,-2.1375,3.424,-2.1208,5.6417,0.35597,-1.823,1.6358,-2.0149,-0.05874,0.45881,-3.517,-2.9189
-1.3384,-2.4851,-2.7729,6.9338,-4.3387,2.113,-0.90733,3.7972,4.3913,1.0761,0.18956,-1.023,1.0108,1.6495,4.1734,-10.371,2.5193,0.1243,2.5855,1.3869,-2.3436,-1.767,8.0791,4.7397,9.278,-1.7549,-3.2234,5.1657,8.1018,-1.5033,-2.3649,-1.9211,7.2401,-1.2746,-0.93947,-0.15686,-1.355,-4.0771,-5.6897,-2.4852,-0.33074,4.6077,6.5175,-11.825,2.7928,5.6235,-1.8526,-1.2077,0.12037,-1.2961,9.7799,0.50045,0.24551,3.0447,7.0047,-3.4362,-0.47433,1.8635,-3.6993,6.8163,-2.8242,-3.468,-3.3911,-3.0043,1.0927,0.87531,-1.4998,-1.3536,0.35942,-0.053074,-2.4565,5.3289,0.86525,6.9747,3.953,-0.66897,2.2294,-1.9932,6.1631,3.9194,-0.69455,0.56475,-1.4179,7.2006,1.7949,0.8146,6.2759,5.7169,-2.2819,3.8348,-2.3099,5.8283,0.63781,-1.4366,1.4928,-2.1956,-0.45043,0.384,-3.7533,-2.6455
-1.2312,-2.5789,-2.6893,6.9472,-4.1185,2.0846,-1.0287,3.9882,4.666,1.1734,-0.25304,-0.83427,1.2338,1.736,4.0851,-10.224,2.3152,0.19665,2.4882,1.4133,-2.512,-1.5851,7.8753,4.3819,9.078,-1.9138,-3.3461,5.1105,8.5173,-1.1902,-2.5035,-2.1775,7.1726,-1.5657,-0.93377,0.084479,-1.4107,-4.2499,-5.8047,-2.8879,-0.302,4.4828,6.5396,-11.737,2.5212,5.6284,-1.7276,-0.85739,0.14895,-1.1041,9.7604,0.31972,0.080516,3.2369,6.8692,-3.9814,-0.34781,1.827,-3.6241,6.8272,-2.389,-3.3977,-3.5413,-2.8502,1.2667,1.2209,-1.7101,-1.1858,0.40481,-0.51227,-2.5817,5.3063,1.1612,6.9975,4.2475,-0.8612,2.3126,-1.9376,6.2652,3.7118,-0.5446,0.51225,-1.1729,7.2839,1.6934,0.29904,5.9997,5.5007,-2.3156,4.0752,-2.0824,5.9531,0.86025,-1.5951,0.9397,-2.6784,-0.2524,0.6217,-3.6558,-2.5366
-1.1777,-2.6955,-3.0013,6.9246,-4.4492,1.7321,-1.0033,3.864,4.7631,0.97324,-0.48839,-0.8038,1.5701,1.8616,3.7059,-10.212,2.7585,0.25342,2.2091,1.0735,-2.5373,-1.2238,8.2273,4.5286,9.0507,-1.8549,-3.2629,5.0302,8.4637,-1.3438,-2.7638,-2.0466,7.2079,-1.5808,-0.80663,0.19332,-1.1569,-4.3035,-6.166,-2.9532,-0.61615,4.1832,6.5424,-11.883,2.5323,5.9644,-1.49,-1.1897,0.15122,-1.076,9.7252,0.14987,0.18287,3.2631,6.68,-3.7409,-0.28877,2.0215,-3.4355,6.9198,-2.1616,-3.4211,-3.2463,-2.8765,0.97111,1.3474,-1.2752,-0.8324,0.074512,-0.9304,-2.6628,5.537,1.3572,6.7857,4.1926,-0.85965,2.3529,-1.9187,6.0479,3.4032,-0.47885,0.43077,-0.84642,7.0582,1.7331,0.15099,5.9854,5.3109,-2.4744,3.9789,-2.0544,6.0926,0.55094,-1.7477,0.95096,-2.8123,-0.30501,0.77099,-3.658,-2.4975
-0.91209,-2.5387,-3.2024,7.0153,-4.5699,1.7447,-0.70908,3.9188,4.634,1.2519,-0.32233,-1.031,1.4137,1.984,3.5042,-9.938,2.7863,0.078529,2.017,0.80292,-2.7625,-1.2342,8.1786,4.4466,9.2258,-1.4776,-3.1105,5.037,8.5487,-1.1693,-3.0698,-2.0295,7.0493,-1.7081,-0.70433,0.028136,-1.095,-4.5018,-6.0659,-3.3229,-0.31201,3.8966,6.5748,-12.051,2.7406,5.9283,-1.9323,-1.3884,0.23555,-0.85851,9.7701,-0.189,0.29669,3.4797,6.5246,-3.4752,-0.034269,1.7107,-3.1804,6.9168,-1.9772,-3.0799,-3.1004,-2.7701,0.86315,1.5134,-1.0367,-0.75352,0.074213,-0.48316,-2.4394,5.6736,1.2567,6.7554,4.0617,-0.7392,2.0246,-1.9862,6.1167,3.6631,-0.43657,0.49163,-1.2421,7.2102,1.5784,0.12804,5.6537,5.3802,-2.3504,3.9305,-2.0678,5.8569,0.53239,-1.5156,0.82531,-2.8514,-0.034534,0.80852,-3.5179,-2.6331
-0.93362,-2.4646,-2.9434,6.7272,-4.4829,1.8644,-0.83215,3.8748,5.0036,0.99163,-0.81287,-1.0052,1.2045,2.4136,3.7354,-10.143,2.5422,-0.28009,2.2504,0.70087,-2.4519,-0.91357,8.0688,4.5335,9.3342,-1.1633,-3.0534,4.8297,8.555,-0.98591,-3.2145,-1.7522,6.9436,-1.857,-0.31256,0.45349,-1.3421,-4.2022,-5.9695,-3.676,-0.54268,3.7272,6.8009,-11.784,2.7186,5.9087,-1.9075,-1.2788,0.25659,-0.70571,9.8488,-0.34826,0.4218,3.5621,6.6546,-3.1855,-0.27171,1.6527,-3.0658,7.1237,-1.8915,-2.9297,-3.1127,-2.7547,0.419,1.8757,-0.94741,-0.67935,0.37182,-0.40951,-2.336,5.7126,1.0547,6.3671,4.4889,-0.92652,1.6811,-2.0225,6.0035,3.1507,-0.3666,0.72836,-1.1246,7.0041,1.7721,-0.079898,5.5713,5.3951,-2.2059,3.6745,-1.7589,5.6673,0.36128,-1.2822,0.31665,-2.4645,0.24338,1.3529,-3.0286,-2.7236
-1.1789,-2.2704,-3.0468,7.0807,-4.5104,2.1826,-0.72877,4.0739,5.3335,1.1262,-1.0396,-1.2965,1.2111,2.5829,3.2699,-10.447,3.0174,0.0080524,2.2377,0.96625,-2.2999,-0.52514,8.1071,4.7244,9.1764,-1.1587,-3.4394,4.5736,8.4375,-0.96062,-3.2549,-2.0109,7.1856,-1.5298,-0.41077,0.10687,-1.3171,-4.0096,-6.0336,-3.6436,-0.52702,3.8974,6.8715,-12.072,2.5349,5.5535,-2.358,-1.1578,0.28253,-0.32812,9.8961,-0.23318,0.85165,3.3166,6.4505,-3.4673,-0.35316,1.701,-3.1168,6.8124,-1.8647,-2.634,-3.0435,-3.0462,0.22638,1.9114,-0.96747,-0.72307,0.5133,-0.39385,-2.3225,5.592,1.1512,6.3443,4.4495,-0.74999,1.4565,-2.5218,5.7762,3.1189,-0.31301,0.89053,-1.2482,7.4667,2.0393,0.20972,5.2204,5.566,-2.3384,3.9669,-1.6058,5.2174,0.47464,-1.2038,0.30283,-2.6071,0.61222,1.2938,-2.8759,-3.0014
-1.1059,-2.4236,-2.7865,6.8966,-4.484,1.9341,-0.77346,3.8424,5.5313,1.4045,-1.0645,-1.3211,1.4544,3.1487,3.5187,-10.856,2.6315,-0.12723,2.4914,0.95326,-2.3609,-0.42034,8.0773,4.7781,9.3587,-1.0877,-3.3075,4.6314,8.6084,-1.1577,-3.3449,-1.9721,7.0549,-1.4203,-0.4819,0.1917,-0.97753,-3.6607,-5.9648,-3.9739,-0.5676,3.8631,6.9111,-11.802,2.5924,5.2975,-2.1061,-0.68929,0.12373,-0.21434,9.8454,-0.096209,0.81371,3.1658,6.0576,-3.5118,-0.20827,1.932,-2.9693,7.2734,-2.0745,-3.017,-3.4369,-2.9888,0.22076,2.2368,-1.3475,-0.56328,0.2506,-0.091062,-2.4125,5.6437,1.1819,6.1407,4.4118,-0.51444,1.4949,-2.7206,5.3784,3.3875,-0.27282,0.61334,-1.5017,7.5164,2.2951,-0.15762,5.0392,5.8806,-2.438,3.9544,-1.5798,5.4555,0.53685,-1.1918,-0.11426,-2.5452,0.41856,1.3543,-2.5871,-3.063
-0.90971,-2.4773,-2.9249,7.1138,-4.3895,1.7998,-0.75887,3.5181,5.513,1.1181,-1.2886,-1.5773,1.3433,2.9889,3.4133,-10.967,2.5953,-0.11397,2.7891,0.97855,-2.7572,-0.39951,8.1121,4.7799,9.0958,-1.0722,-3.2951,4.5664,8.6665,-1.2571,-3.439,-1.9543,7.1596,-1.7874,-0.26475,0.66899,-0.69716,-3.3198,-6.1133,-4.0616,-0.54686,3.899,7.223,-11.469,2.4864,5.4174,-2.0318,-0.68625,-0.063876,-0.39407,9.8587,0.32338,0.52814,3.4504,6.2402,-3.6151,-0.41793,1.953,-2.9935,7.6302,-2.0193,-3.3751,-3.3305,-3.1872,0.24513,2.0661,-1.1219,-0.3474,0.31552,-0.29891,-2.7794,5.3787,1.036,6.3146,4.8409,-0.59183,1.9975,-2.9172,5.2197,3.2016,-0.46622,0.5578,-1.6516,7.7019,2.4633,-0.39203,4.4814,5.8421,-2.5098,4.3997,-1.1359,5.3599,0.65337,-1.1965,-0.31737,-2.3469,0.65319,1.5233,-2.706,-3.4933
-1.0997,-2.2911,-3.0041,7.3937,-4.3762,2.1475,-0.76163,3.5495,5.5908,1.2725,-1.361,-1.7181,0.99757,2.9266,3.4904,-10.94,2.5858,0.34644,2.573,1.0446,-2.6328,-0.49295,7.8589,4.7587,8.9048,-1.1523,-2.924,4.8714,8.3649,-1.3733,-3.8462,-1.7727,7.1469,-1.8072,-0.33317,0.27083,-0.81381,-2.9876,-6.0326,-3.8215,-0.95285,4.0062,7.7104,-11.269,2.7412,5.2232,-1.9258,-0.89708,-0.066754,-0.14174,9.6878,0.34157,0.27642,3.5197,5.8699,-3.6562,0.11666,2.3088,-3.2685,7.3373,-2.0821,-3.085,-3.3368,-3.2487,0.4858,2.1995,-1.0913,-0.3162,0.22661,0.018924,-2.7854,5.3974,0.95889,6.1381,4.7052,-1.0115,2.0966,-3.256,5.3499,3.276,-0.22764,0.65103,-1.6787,7.6084,2.4439,-0.18233,4.2604,5.6045,-2.4362,4.341,-1.1647,5.1942,0.7494,-1.5006,-0.53387,-2.1243,0.47727,1.335,-2.5604,-3.4882
-1.0942,-1.9949,-2.8308,7.3065,-4.1704,2.471,-0.47212,3.8304,5.9977,1.3771,-1.7823,-1.8209,0.90377,3.4641,3.5231,-11.025,2.4355,0.63267,2.5831,1.0223,-2.73,-0.32728,7.998,4.8763,8.9417,-1.1468,-2.9625,4.6696,8.3814,-1.7971,-3.5469,-1.6207,7.1139,-1.6211,-0.30315,0.67693,-1.13,-2.7778,-5.8153,-4.14,-1.0308,4.147,7.4184,-11.557,2.9516,4.9276,-1.8693,-0.88573,-0.34875,-0.20289,10.012,0.32672,0.27126,3.5672,5.5596,-3.8806,0.24803,2.242,-3.0979,7.7574,-1.8742,-2.8206,-3.4,-2.9605,0.49787,2.4501,-0.84457,-0.40317,0.046516,0.27585,-2.7398,5.0956,0.98397,6.1496,4.338,-1.2389,2.2491,-3.6794,5.3312,3.509,-0.39915,0.37293,-1.7689,7.605,2.7238,-0.62591,4.0904,5.8503,-1.8521,4.1659,-0.81689,5.2662,0.45083,-1.3244,-0.73919,-2.2272,0.30514,1.2109,-2.796,-3.4007
-0.88089,-1.5999,-3.0599,7.6895,-4.2481,2.7247,-0.78582,3.4648,6.1231,1.3848,-1.7348,-1.8261,0.7644,3.6216,3.3369,-11.103,2.2417,1.0347,2.4952,1.0935,-2.9256,-0.20426,8.1888,4.8018,8.9374,-1.2835,-2.5829,4.8488,8.1143,-1.592,-3.4474,-1.8105,6.6161,-1.5467,-0.27449,0.46373,-1.1527,-3.006,-5.6093,-4.4673,-1.1292,4.0288,7.2802,-11.136,3.19,4.8984,-1.9664,-0.72472,-0.35783,0.019428,9.9167,0.007111,0.47879,3.6474,5.5689,-3.8006,0.62324,2.495,-3.1746,7.474,-1.4585,-3.0171,-3.2318,-3.1485,0.71595,2.2207,-1.0378,-0.55556,0.22872,0.23273,-2.4055,5.2334,0.82506,6.2073,4.0932,-1.4548,2.4294,-3.6033,5.6917,3.2711,-0.017708,0.39016,-1.8299,7.4537,2.4279,-0.43014,3.8628,5.4865,-1.4202,3.8187,-1.1026,5.3792,0.40573,-1.4777,-0.6007,-2.0023,0.18084,1.4218,-2.6772,-3.5536
-0.89749,-1.9961,-3.1286,7.9911,-4.2974,3.1254,-0.78016,3.6605,6.2254,1.5101,-1.7747,-2.1191,0.99022,3.9478,3.0697,-11.176,1.9858,0.69641,2.3662,1.5421,-3.2111,-0.35617,8.2609,4.4762,8.878,-1.3292,-2.8612,5.1811,7.8348,-1.5752,-3.2521,-1.7568,6.9265,-1.9664,-0.31305,0.56054,-1.3803,-3.0646,-5.3992,-4.2889,-1.096,3.8333,7.1241,-11.108,3.2576,4.6062,-2.0928,-0.83824,-0.50123,-0.45389,9.8461,-0.16863,0.84052,3.5546,5.4202,-4.0734,0.79248,2.1056,-3.2865,7.5001,-1.0196,-3.2813,-3.036,-2.8395,0.36078,2.5891,-0.67807,-0.59361,0.067578,0.42543,-2.3765,5.5646,0.90284,6.2851,4.4512,-1.5365,2.6656,-3.4678,5.3959,3.1992,-0.080513,0.75184,-1.8489,7.0578,2.2449,-0.51807,3.8913,5.7325,-1.3855,3.6799,-1.1174,4.9897,0.43703,-1.5159,-0.46639,-2.2418,0.57114,1.55,-2.7625,-3.1358
-1.2536,-2.3502,-3.093,8.0494,-4.0775,2.6964,-1.1998,3.7618,6.4966,1.8719,-1.9865,-2.5279,0.89893,3.6069,3.143,-11.271,1.9037,0.62032,2.7657,1.5416,-3.018,-0.3936,7.9471,4.4743,8.7721,-1.3015,-2.718,5.6561,7.8884,-1.7914,-3.4195,-1.7449,6.7779,-2.1415,-0.071604,0.76143,-1.344,-2.9387,-5.1531,-3.9212,-0.83434,3.4534,7.3407,-10.845,3.272,4.6902,-2.1211,-0.60928,-0.6459,-0.18776,9.7705,0.31194,0.82549,3.3049,5.2923,-4.0663,0.72434,2.1289,-3.2517,7.4275,-0.96714,-3.0074,-3.2799,-3.2378,0.30809,2.6098,-0.40443,-0.87664,0.27699,0.084457,-2.1623,5.6489,1.1917,6.3318,4.7365,-1.9147,2.8034,-3.5069,5.3186,3.2517,-0.19968,0.5824,-2.1315,6.9643,2.1275,-0.5561,4.0669,5.6139,-1.1883,4.1237,-1.5002,4.6691,0.3079,-1.5598,-0.97682,-2.2054,0.66523,1.6123,-2.3658,-3.3553
-0.99781,-2.7225,-3.414,8.2152,-4.2241,2.8046,-1.2329,3.7364,6.3432,1.5865,-1.9885,-2.5133,0.94918,3.4069,3.1424,-10.979,1.914,0.67641,2.6342,1.5843,-2.6291,-0.23721,7.726,4.4467,8.5305,-1.2206,-2.7175,5.7419,7.8933,-1.8356,-3.6233,-1.957,6.6436,-1.8173,-0.31648,0.75794,-1.4385,-3.0667,-5.3968,-4.0623,-1.0045,3.7013,7.2848,-10.805,3.6191,4.5119,-2.4889,-0.4409,-0.66181,-0.36089,9.3474,0.44801,0.69594,3.3023,5.4568,-4.5251,0.71729,2.3558,-3.3814,7.383,-0.49153,-2.8302,-2.8123,-3.0841,-0.032348,2.7418,-0.40922,-0.81659,0.14041,0.12941,-1.9773,5.6297,0.72985,6.5384,4.8729,-2.4116,2.8482,-3.1986,5.2718,3.1429,-0.51204,0.93982,-2.0894,7.3006,2.0697,-0.78205,3.8679,5.37,-1.0492,4.3783,-1.8552,4.5343,0.27093,-1.6069,-1.2619,-2.0864,0.57713,1.8576,-2.3941,-3.0426
-0.92952,-2.6038,-3.1905,8.2199,-3.8949,2.785,-1.1298,3.4449,6.0777,1.8375,-1.9676,-2.1957,1.086,3.4891,2.9074,-10.818,1.7553,0.653,2.8356,1.2793,-2.5966,-0.43067,7.9259,4.6199,8.6822,-1.4942,-2.7666,6.0098,7.6418,-2.2241,-3.5586,-1.984,6.5268,-2.1816,-0.36467,0.7665,-1.6803,-2.574,-5.0605,-4.1713,-0.77138,3.4546,7.1649,-10.616,3.7425,4.3285,-2.5541,-0.2134,-0.40553,-0.68058,9.2641,0.19018,0.8048,3.3012,5.4105,-4.6702,0.66218,2.5537,-3.0812,7.7912,-0.079992,-3.2303,-2.6453,-3.0318,0.014386,2.6075,-0.45696,-0.91377,-0.04646,0.12701,-2.0191,5.3302,0.7436,6.4997,4.9264,-2.2078,2.8716,-3.2747,5.1456,2.7723,-0.68539,1.0369,-2.0791,7.3434,1.8184,-0.7288,4.1199,5.429,-1.0044,4.6478,-1.7074,4.2741,0.66125,-1.7665,-1.4048,-1.7805,0.4475,2.1856,-2.4229,-2.7546
-1.0042,-2.7272,-3.1727,7.9763,-3.5602,2.6644,-1.5444,3.4801,6.6029,2.0077,-2.3531,-2.1479,0.90905,3.5563,3.0947,-10.748,1.5886,0.90747,2.9841,1.1205,-2.6888,-0.51736,7.9458,4.9285,8.8312,-1.4639,-3.0657,5.919,7.9738,-2.2177,-3.7171,-2.0054,6.7219,-2.0281,-0.5318,0.59926,-1.745,-2.3428,-5.0436,-4.2093,-0.83371,3.3999,7.6794,-10.546,4.1234,4.4663,-3.0377,-0.058054,-0.46189,-0.70736,8.9278,0.24558,0.56351,3.3117,5.5681,-4.5872,0.84644,2.5329,-2.495,7.5956,0.18386,-3.5121,-2.5241,-3.0661,0.086934,2.8058,-0.44604,-0.50109,-0.20998,0.49342,-2.3841,5.3734,0.46252,6.5069,5.2024,-2.2637,3.0184,-3.3435,4.9676,2.4447,-0.95168,0.72624,-1.9286,7.3258,1.7279,-0.79081,3.9432,5.2921,-0.96838,4.6541,-1.45,4.1518,0.86515,-2.1644,-1.6583,-1.9059,0.23882,2.1245,-2.6517,-2.7054
-1.3914,-2.9847,-3.0012,7.7181,-3.6378,2.5304,-1.5023,3.2624,6.991,2.3286,-2.2056,-2.0767,1.0242,3.7331,3.2752,-11.188,1.52,0.93112,2.6699,1.0647,-2.6884,-0.74736,7.7016,5.213,8.758,-1.3925,-2.9299,5.8632,8.2513,-2.4469,-4.2956,-1.7533,6.3796,-2.0638,-0.65045,0.58754,-1.7187,-2.2698,-4.8919,-4.2602,-1.3258,3.3947,7.607,-10.519,4.0817,4.2543,-3.0474,0.18369,-0.43488,-0.77752,8.7392,-0.12329,0.24605,3.5767,5.6732,-4.627,0.78245,2.5974,-2.3927,7.2859,0.061206,-3.6562,-2.4221,-2.8515,-0.29771,2.9254,-0.67468,-0.52536,-0.47778,0.52477,-2.3122,5.4541,0.30313,6.2297,5.1445,-2.0707,2.9298,-3.0344,4.856,2.7001,-0.98128,0.67126,-2.0382,7.3425,1.4866,-0.60588,3.9905,5.1114,-0.90232,4.6591,-1.2686,4.5947,0.90649,-2.2631,-2.0994,-1.7835,0.072395,2.2925,-2.4781,-2.8291
-1.5442,-2.8628,-3.3935,7.3631,-3.6749,2.1612,-1.8099,3.0673,6.6932,2.4239,-2.0399,-2.2185,1.0284,3.6198,3.3786,-11.155,1.769,1.2638,2.5561,1.0111,-2.8252,-1.0084,7.7792,4.9188,8.33,-1.3645,-2.6503,5.8958,8.031,-2.0697,-4.199,-1.8014,6.5586,-2.1818,-0.86249,0.47024,-1.524,-2.2721,-4.802,-4.5663,-1.8304,3.2368,7.3592,-10.335,3.968,4.003,-3.0741,0.086087,-0.23574,-0.7619,9.0294,-0.41198,0.52422,3.8714,5.7805,-5.071,0.8176,2.5993,-2.5159,7.5303,0.34547,-3.4861,-2.3622,-3.014,-0.29792,2.8567,-0.75923,-0.42475,-0.66658,0.92705,-2.2988,5.0902,0.12154,6.2427,5.3664,-2.5421,3.151,-2.5549,4.5148,2.5187,-0.87762,0.66417,-1.8308,7.1681,1.8617,-0.74607,3.602,4.9092,-0.75655,4.2719,-1.0969,4.726,1.0557,-2.2296,-2.0144,-1.803,0.058166,2.5636,-2.606,-2.7063
-1.6672,-2.7135,-3.2619,7.1985,-3.8267,2.3822,-2.0912,3.1766,6.8657,2.5004,-2.4761,-2.0561,1.0712,3.7468,3.3061,-11.546,1.6029,1.6681,2.2172,1.1035,-2.77,-0.82106,8.0333,4.9167,8.0889,-1.2432,-2.7124,5.8248,8.0003,-2.1587,-4.3759,-1.8469,6.7395,-2.0905,-0.63605,0.23106,-1.0137,-2.0528,-4.4315,-4.7332,-2.1149,3.217,7.7018,-10.307,3.841,4.5446,-3.3038,-0.083072,-0.13674,-0.53432,8.6416,-0.45192,0.57744,3.8792,6.1399,-5.004,0.8442,2.4004,-1.9806,7.5151,0.69279,-3.2231,-2.6335,-3.1251,-0.27455,2.7085,-0.72375,-0.52229,-0.50952,1.096,-2.2498,5.3659,0.17883,6.2371,5.3245,-2.6357,2.9069,-2.8644,4.2638,2.4275,-0.90577,0.42455,-1.9643,7.1828,1.9332,-0.60252,3.6318,5.3007,-0.21865,4.1056,-0.89425,4.7405,1.1174,-2.0239,-2.4898,-1.371,-0.19153,2.989,-2.3325,-2.7636
-1.8885,-2.6473,-3.0062,7.3091,-3.6346,2.5268,-1.7804,3.1503,6.8184,2.2856,-2.3219,-2.2443,1.2249,3.7668,3.6584,-11.69,1.1567,1.2814,2.139,0.70485,-2.5197,-0.53932,7.9626,5.155,7.6617,-1.197,-3.0475,5.84,8.2173,-2.056,-4.7554,-2.2322,6.6881,-2.1443,-0.5212,0.18296,-0.79762,-1.9038,-4.7937,-4.6544,-2.1554,3.2979,7.8253,-10.248,4.0523,4.8695,-3.055,-0.14799,-0.07309,-0.32475,8.7791,-0.50409,0.38981,3.9306,6.2663,-4.9379,0.89133,2.6733,-1.8905,7.6057,1.0358,-2.9124,-2.4264,-3.1192,0.0056973,2.277,-0.78648,-0.54809,-0.47164,1.2606,-2.1513,5.687,0.15728,6.2457,5.4712,-2.6495,2.8309,-2.4158,4.1515,2.7187,-0.93021,0.13031,-2.2085,7.4128,2.2424,-0.78973,3.2431,4.8535,-0.055232,4.1327,-0.8494,4.6667,1.1307,-1.7381,-2.7386,-1.2571,-0.24345,3.2143,-2.3915,-2.7812
-2.0614,-2.855,-3.2822,7.218,-3.9262,2.4967,-1.4357,3.2736,6.8209,1.9008,-2.696,-2.1135,1.2552,3.6187,4.0723,-11.719,0.82126,0.9939,1.9227,0.88485,-2.766,-0.62486,7.9162,4.9343,7.2136,-1.1574,-3.0797,5.7813,8.5368,-1.8875,-4.782,-2.4435,6.2405,-1.8089,-0.76652,0.13838,-0.52984,-1.7182,-5.0379,-4.4143,-2.1642,3.0871,7.9625,-10.452,3.8399,4.848,-3.0032,-0.2858,0.13505,-0.60465,8.768,-0.86263,0.41808,3.6764,6.2382,-4.7636,1.0845,2.8024,-2.0745,7.2469,1.2163,-2.6034,-2.2173,-2.996,-0.19661,2.0746,-0.96107,-0.61257,-0.83021,1.024,-2.0633,5.7033,-0.074295,6.0443,5.4368,-2.8749,2.9933,-2.4668,4.4998,2.9168,-0.93681,0.52076,-2.237,7.0487,2.5824,-0.59236,2.8757,4.6097,-0.079123,4.1557,-1.092,5.0519,1.2872,-1.7609,-2.9898,-1.1441,-0.16106,3.2417,-2.2619,-2.7694
-2.5482,-3.0775,-3.5522,7.3605,-4.0559,2.4818,-1.7621,3.2235,6.8366,1.957,-2.6448,-2.1224,1.3445,4.0608,4.0825,-12.124,0.29068,1.1242,1.5562,0.92998,-2.9344,-0.6015,7.7673,4.9606,7.3852,-0.81392,-3.4243,5.8678,8.8834,-1.8653,-4.5496,-2.5653,5.8899,-1.4768,-0.33566,-0.092032,-0.71148,-1.7949,-5.0573,-4.2233,-2.234,3.018,7.9924,-10.554,3.6865,5.2713,-2.8488,-0.45452,0.10237,-0.57664,8.5153,-0.77393,0.44254,4.1,6.338,-4.8337,1.0721,2.9788,-2.2499,7.2638,1.3014,-2.6017,-2.391,-3.0106,-0.16646,1.8628,-1.1903,-0.54613,-1.1288,0.92454,-1.9877,5.8794,-0.45599,5.92,5.7203,-2.6529,3.4677,-2.0782,4.757,2.9928,-0.89159,0.43019,-2.1687,7.172,3.0774,-0.55153,2.6717,4.2732,-0.20014,4.5599,-1.1803,5.0986,1.5418,-2.0144,-3.0865,-1.0314,-0.38595,2.9326,-2.022,-2.9978
-2.2384,-3.092,-3.4926,7.0988,-4.4057,2.5055,-1.8806,2.8894,6.853,2.0112,-2.8267,-1.9884,0.96263,4.1385,4.1406,-12.345,0.31703,1.1755,1.6234,0.93665,-3.1218,-0.49419,7.3977,5.0782,7.4273,-0.76527,-3.4024,5.5983,8.9197,-1.8394,-4.5803,-2.8628,5.9108,-1.6496,-0.52966,0.014637,-0.47251,-1.9484,-5.1117,-4.0414,-2.1567,3.0833,8.0728,-10.457,3.6882,5.6998,-2.7148,-0.64996,0.46976,-0.55028,8.3756,-0.60579,0.26261,4.3719,6.793,-4.9244,1.0782,2.9556,-2.0911,7.0988,1.1786,-3.0169,-2.4652,-2.9832,0.094529,2.0575,-0.91911,-0.25669,-0.77083,0.81954,-2.1333,5.9801,-0.22295,5.934,6.1412,-2.5267,3.7135,-2.2999,4.6813,3.1651,-1.017,0.36219,-2.1615,7.1918,3.6062,-0.52924,2.5815,4.316,-0.45937,4.7852,-1.123,5.421,1.5563,-2.159,-2.8851,-0.72476,-0.37233,2.9222,-2.2621,-3.1842
-2.1769,-2.9692,-3.6892,7.1288,-4.487,2.6566,-2.2046,2.7579,6.9664,1.611,-2.9842,-1.6712,0.92047,3.8712,4.0602,-12.152,0.11838,1.0852,1.6811,0.86989,-3.4559,-0.51609,7.4215,4.8609,7.0279,-0.78316,-3.5634,5.7317,8.7541,-1.9648,-4.5502,-3.0737,5.8209,-1.7679,-0.13554,-0.061424,-0.2773,-1.6326,-4.5732,-3.9236,-2.1347,3.2843,7.8667,-10.485,3.526,5.7571,-2.7354,-0.79551,0.81758,-0.28969,8.1663,-0.431,0.16978,4.3494,6.4197,-5.3243,1.0998,2.6381,-1.9556,7.0009,1.3084,-2.9611,-2.4842,-2.7835,-0.16078,1.6072,-0.90775,-0.042391,-1.1541,0.89931,-2.0502,5.9336,0.12911,6.0431,6.1128,-2.8975,3.5437,-2.0826,4.356,3.1171,-1.0979,0.23075,-2.3177,6.9273,3.5449,-0.44033,2.4994,4.3931,-0.37934,4.6318,-1.5003,5.3689,1.6503,-1.7769,-3.0602,-0.84651,-0.41183,2.9451,-2.4344,-3.0149
-2.3099,-2.839,-3.9544,7.2429,-4.5361,3.28,-2.1748,2.9056,7.0611,1.6295,-3.3795,-1.4262,0.92804,3.6762,4.0518,-12.074,0.34526,1.3378,1.7194,0.84186,-3.7911,-0.29446,7.6639,4.8986,6.94,-0.96529,-3.7041,5.6302,8.7727,-2.13,-4.2928,-2.9461,5.6311,-1.8995,-0.27664,-0.50254,-0.24233,-1.239,-4.137,-4.0518,-2.1902,2.9585,8.1796,-10.687,3.6777,6.0887,-3.005,-0.70515,1.2137,-0.69471,8.0021,-0.75779,0.23082,4.2004,6.7139,-5.143,0.86621,2.5067,-1.8494,7.0269,1.4269,-2.7714,-2.5352,-2.5815,0.061148,1.4417,-1.3495,-0.15065,-1.0774,0.79542,-1.6208,6.0038,-0.05286,6.0136,5.9718,-2.8043,3.8394,-1.8705,4.4071,3.217,-1.2749,0.18852,-2.2903,7.2201,3.5819,-0.27194,2.451,4.5288,-0.13183,4.4214,-1.2009,5.5687,2.1798,-1.7508,-3.0682,-1.0843,-0.059262,2.9484,-2.2907,-3.0953
-2.1144,-3.1106,-4.1188,7.2917,-4.7586,3.3708,-2.5297,2.9784,6.5277,1.6104,-3.1762,-1.5209,0.70491,3.8872,4.3166,-12.087,0.32824,1.0489,1.6526,0.54769,-3.7345,-0.39658,7.7177,4.6962,6.5141,-0.74503,-3.4814,5.87,8.6847,-1.749,-4.0395,-2.6192,5.4588,-2.2351,0.024126,-0.38333,-0.041975,-1.0144,-3.9642,-4.0496,-2.2115,3.1189,8.0808,-10.463,3.825,6.2049,-2.7769,-0.3607,1.4861,-0.43941,7.8723,-0.67159,-0.12942,3.982,6.6965,-5.4966,1.1271,2.5199,-1.4973,6.9975,1.6281,-2.6751,-2.9237,-2.8883,0.31099,1.6339,-1.3543,-0.69573,-0.70137,0.85305,-1.8685,6.2011,-0.10913,5.8867,6.2364,-2.5874,4.2491,-1.4279,3.9391,2.9538,-0.87263,-0.075828,-2.3142,7.5643,3.5767,-0.16862,2.2013,4.2469,-0.31677,4.4384,-1.3242,5.3826,1.8664,-1.8975,-3.186,-1.312,-0.28029,3.2581,-2.4193,-2.8549
-1.9324,-2.623,-4.1479,7.0592,-4.9884,3.4635,-2.7496,2.854,6.3976,1.9185,-3.317,-1.3796,0.6216,3.974,4.8676,-12.218,0.45172,1.3505,1.4743,0.52345,-3.7839,-0.35139,7.809,4.6511,6.0644,-0.53348,-3.6933,6.2156,8.484,-1.7707,-4.0638,-2.3593,5.0384,-2.0596,-0.23867,-0.35927,0.086909,-1.121,-3.8877,-3.6603,-2.1584,3.0156,8.1956,-10.602,4.292,6.0499,-2.7847,-0.069187,1.1968,-0.23407,8.1462,-0.52144,0.046716,4.0684,6.811,-5.268,1.174,2.9139,-1.4057,7.0326,1.5074,-2.3374,-2.9984,-2.7789,0.59142,1.5931,-1.5204,-1.0892,-0.94238,1.1019,-1.606,5.9722,0.12843,5.6666,6.3323,-2.2263,4.3888,-1.1209,4.163,2.5616,-0.95252,0.079975,-2.3079,7.3848,3.4973,0.080686,1.9101,3.8548,-0.24099,4.421,-0.87344,5.4312,2.1587,-2.2544,-3.5944,-1.3156,-0.51943,3.6675,-2.2588,-2.6938
-2.0741,-2.6041,-3.6861,7.0116,-5.0651,3.8074,-2.8389,2.6514,6.1579,2.1743,-3.6188,-0.99877,0.1998,3.7582,4.7972,-12.204,-0.039537,1.4311,1.2384,0.46079,-3.4121,-0.21434,7.8606,4.7872,6.1343,-0.34613,-3.3632,6.6201,8.7721,-1.8908,-4.453,-2.1096,5.3289,-1.9551,0.015353,-0.38351,-0.064158,-1.085,-3.7643,-3.6204,-2.2667,3.2122,8.2308,-10.92,4.5107,5.9964,-2.7219,0.18617,1.1791,0.0028272,8.3611,-0.17118,0.25455,4.1463,6.8463,-5.2956,1.3999,3.0939,-1.3341,6.9828,1.4221,-2.4701,-3.3262,-2.6449,0.57554,1.4194,-1.3842,-1.1388,-1.2876,1.1356,-1.4689,6.1617,0.024096,5.5146,6.335,-2.1991,4.656,-0.88734,3.9021,2.1432,-1.0322,0.095892,-2.2447,7.236,3.3824,-0.072268,2.2521,3.5064,-0.41332,4.5314,-0.77289,5.4303,2.5179,-2.5365,-3.7473,-1.6733,-0.52731,3.7664,-2.3394,-2.5657
-2.006,-2.0333,-3.7924,7.2447,-4.681,3.6481,-2.6284,2.4316,6.1552,1.9831,-3.7108,-0.74232,0.18847,4.0527,4.8181,-12.422,0.19893,1.395,1.364,0.16074,-3.7084,-0.16937,7.8234,4.4421,5.9541,-0.094231,-3.1837,6.4171,8.9429,-2.0106,-4.5163,-1.9086,5.4419,-2.2916,0.035185,-0.46988,-0.19785,-0.82793,-3.8024,-3.5577,-2.712,3.2901,8.7923,-10.74,4.5134,6.0077,-2.6233,0.13327,1.2415,-0.27252,8.5396,-0.098888,0.66485,4.6631,7.2533,-5.6871,1.1476,3.3917,-1.1865,6.8397,1.6463,-2.8324,-3.4422,-2.7985,0.2788,1.6967,-1.3443,-1.6091,-1.2429,0.90407,-1.2872,6.1102,0.41614,5.4767,5.957,-2.2289,4.2927,-0.58569,4.1176,2.2584,-1.2961,0.13087,-2.5924,7.103,3.1374,-0.31134,2.3234,3.3213,-0.38013,4.3978,-0.72806,5.2482,2.3838,-2.606,-3.9506,-1.6768,-0.8291,4.2519,-2.4905,-2.5266
-1.8735,-1.8213,-3.4647,6.9916,-4.7261,3.637,-2.3772,2.8151,6.1674,2.3529,-3.7746,-0.74734,-0.15684,4.15,4.5776,-12.514,0.040857,1.4135,1.4602,0.46806,-3.6913,-0.13941,8.0687,4.6365,6.0959,0.0021942,-3.1496,6.2363,8.9349,-1.8092,-4.6321,-1.5804,5.2209,-2.4318,-0.032479,-0.41518,-0.50406,-1.0455,-3.7183,-3.5438,-2.5376,3.4554,8.9751,-10.926,4.7537,5.883,-2.3102,-0.19245,1.4852,-0.54544,8.5103,-0.058504,0.39251,4.4465,6.8783,-5.6556,1.3969,3.4518,-0.80478,6.9398,1.4107,-2.7458,-3.4257,-3.0245,0.13837,1.8674,-1.2243,-1.8399,-1.4493,1.22,-1.061,5.733,0.41778,5.5059,5.7922,-1.7752,4.3613,-0.34481,4.4329,2.0499,-1.7027,0.13322,-2.3926,7.0317,2.8315,-0.18235,2.215,2.9438,-0.32443,4.2707,-0.89596,5.1202,2.432,-2.5383,-4.0477,-1.5668,-0.61899,4.2038,-2.3179,-2.2764
-1.598,-1.8204,-3.4532,7.2391,-4.6798,3.7321,-2.1505,2.8098,5.8922,2.3713,-3.6361,-0.99587,-0.31653,4.3932,4.6925,-12.435,-0.08878,1.4053,1.084,0.64496,-3.3831,-0.30089,8.2528,4.4151,6.0626,-0.027027,-3.4283,5.8955,8.824,-1.5561,-4.4146,-2.0339,5.3858,-2.0485,0.14437,-0.050134,-0.72837,-1.396,-3.9282,-3.6167,-2.8787,3.4676,9.1553,-11.141,4.9004,5.7176,-2.2246,-0.012306,1.673,-0.57726,8.4539,-0.19983,0.52571,4.4613,6.6711,-5.7963,1.329,3.5113,-1.1792,6.6716,1.6006,-2.5206,-3.0326,-2.8333,-0.015396,1.8949,-1.1737,-2.0738,-1.4574,0.99693,-1.1533,5.8512,0.19181,5.7696,6.0914,-2.1421,4.2979,-0.36526,4.3505,1.8769,-1.4614,0.51464,-2.2426,6.5873,2.8991,-0.1328,2.5297,2.6058,-0.168,4.1342,-1.055,5.2489,2.3425,-2.468,-4.6873,-1.8321,-0.29266,4.327,-2.7265,-2.3778
-1.8098,-1.988,-3.0194,6.9704,-4.6118,4.1076,-2.284,3.083,5.5514,2.3591,-3.5888,-0.90545,-0.31631,4.3347,4.7592,-12.334,-0.46709,1.7466,0.93507,0.45219,-3.0276,-0.23833,8.1345,4.3831,6.2791,-0.33312,-2.9122,5.9857,8.5175,-1.4563,-4.8969,-2.1879,5.2392,-1.7435,0.18086,-0.21005,-0.65748,-1.2446,-3.7092,-3.6531,-2.4724,3.1937,8.8891,-11.654,4.7931,5.9125,-2.376,-0.2782,1.7542,-0.61086,7.9245,-0.4927,0.36554,4.6817,6.3834,-6.2181,1.4345,3.2817,-1.0547,6.6049,1.9393,-2.6745,-3.4853,-2.6228,-0.22684,2.1876,-1.1745,-2.1816,-1.1724,0.61551,-1.4166,5.9111,-0.0038976,5.8429,5.7746,-2.3779,4.7412,-0.047827,4.3409,1.885,-1.4684,0.35935,-2.0108,6.6251,3.1764,0.072914,2.4901,2.5607,0.2542,4.3233,-0.95163,5.1798,2.5718,-2.0489,-4.6607,-1.8175,-0.40762,4.6602,-2.6681,-2.6831
-1.8915,-2.1232,-2.9364,6.944,-4.8782,3.8839,-1.9679,2.9253,5.5272,2.2047,-3.6006,-0.57278,-0.30762,4.3336,4.8289,-12.212,-0.49085,2.1575,0.94338,0.65457,-3.0747,-0.5509,8.1442,4.5849,5.9807,-0.25005,-3.1309,5.8393,8.854,-1.1436,-5.2924,-2.5696,4.8282,-1.8069,0.29366,0.086794,-0.30297,-0.9238,-3.4358,-3.6662,-2.3175,3.192,8.6798,-11.439,4.53,5.5424,-2.5101,-0.053876,1.3433,-0.54742,7.7664,-0.54433,0.50999,5.1476,6.7836,-6.0153,1.8263,3.4622,-0.78451,6.7275,2.0569,-2.397,-3.788,-2.5511,-0.16524,2.0552,-1.2098,-2.3612,-0.706,0.6623,-1.6783,5.8841,0.11048,5.7761,5.9691,-2.5459,5.0022,-0.26217,4.6412,1.5511,-1.4564,0.59313,-2.3899,6.1973,3.11,-0.20971,2.076,2.1406,0.48052,4.4673,-0.72479,4.9873,2.8436,-1.9736,-5.2382,-2.0308,-0.088907,4.6076,-2.6716,-2.7032
-1.9816,-2.3192,-2.5492,6.7049,-5.1758,3.8799,-1.9729,3.0896,5.6666,2.1346,-3.303,-0.43674,-0.084917,4.2965,4.7167,-12.016,-0.34977,1.8163,0.94739,0.67558,-3.2197,-0.35222,8.0455,4.9004,5.793,0.010374,-3.1099,6.11,8.9398,-1.0391,-4.9634,-2.5866,4.5564,-1.9848,0.22008,0.41505,-0.3249,-0.96712,-3.1094,-3.7346,-2.7343,2.8499,8.6001,-11.526,4.8514,5.6108,-2.309,0.16049,1.0217,-0.66036,8.0501,-0.43699,0.54178,5.2958,6.5104,-6.122,1.6723,3.4456,-0.81261,6.8691,2.0311,-2.4064,-3.8159,-2.6472,-0.50278,1.7877,-1.2636,-2.6758,-0.6008,0.54906,-1.2753,5.9444,-0.097935,5.5257,5.5906,-2.3992,5.3868,-0.35141,4.8993,1.8491,-0.97686,0.88832,-2.3987,6.2053,3.3808,-0.32823,1.9622,1.8391,0.70779,4.8929,-0.99459,5.2623,2.8907,-2.2259,-5.687,-1.9962,0.30355,4.7545,-2.7041,-2.6656
-1.865,-2.4364,-2.744,6.7676,-5.0165,3.9084,-1.9662,2.8071,5.7577,2.0878,-3.2996,-0.41443,-0.01956,4.2999,4.4389,-12.32,-0.2149,1.8826,0.59461,1.0449,-2.8383,-0.36248,7.8391,5.0037,5.6586,0.22424,-2.9899,6.0382,8.9617,-1.0531,-4.7277,-2.2076,4.5453,-2.4366,0.22053,0.37935,-0.27592,-0.77584,-3.0656,-3.7054,-2.4276,2.4603,8.518,-11.508,4.7351,5.6298,-2.3057,0.11564,1.0037,-0.60047,7.9335,-0.52596,0.56083,5.2817,6.3341,-6.1578,1.8875,3.4472,-0.79386,6.9928,2.194,-2.4979,-4.0943,-2.5319,-0.25852,1.8069,-1.0096,-2.7515,-0.78286,0.35099,-1.1124,5.9847,0.1238,5.4134,5.8196,-2.3753,5.1273,-0.67176,4.4269,1.4077,-1.3771,0.97332,-2.466,5.9106,3.8963,-0.28565,1.9416,1.6693,0.86029,4.4786,-0.96927,5.2402,2.7304,-1.8621,-5.7973,-2.1179,0.60052,4.5257,-2.2621,-2.3443
-1.6136,-2.6438,-2.5302,6.6775,-4.962,3.8707,-1.9021,2.531,5.7282,1.8612,-3.5206,-0.2455,-0.37386,4.7694,4.0994,-11.897,-0.058833,1.8755,0.73564,0.71506,-2.8763,-0.36331,7.7817,5.1239,5.5034,0.19731,-3.2014,5.7006,9.0705,-1.1211,-4.8128,-2.7106,4.1077,-2.4645,0.21027,0.12244,-0.63555,-0.66147,-3.0163,-3.8193,-2.7906,2.2075,8.7014,-11.736,4.7617,5.5312,-2.2098,0.26887,1.2999,-1.0255,7.9944,-0.56942,0.48059,5.1008,6.2785,-6.5627,1.8581,3.1143,-0.76946,7.2087,2.235,-2.455,-4.2335,-2.1596,-0.28472,1.8715,-1.1851,-2.7985,-0.90088,-0.0011904,-0.89243,6.0024,0.02281,5.4144,5.9839,-1.9973,5.4258,-1.0304,4.1228,1.1822,-1.3959,0.98778,-2.5342,6.3807,3.9334,0.18341,1.6992,1.7538,1.1593,4.5228,-0.97978,5.3276,2.3949,-1.9429,-5.8976,-2.6047,0.40224,4.1456,-1.9013,-2.5285
-1.3443,-2.3139,-2.5522,7.1315,-4.5825,3.9177,-1.8238,2.5511,5.2105,1.9644,-3.1362,-0.22221,-0.0081031,5.1483,4.0761,-11.655,-0.19189,1.8196,0.69303,0.74185,-2.6678,-0.077271,7.9243,5.3344,5.8695,0.28565,-3.1676,5.6098,8.8055,-1.2517,-4.8233,-2.6658,4.0293,-2.1829,-0.11186,-0.20373,-0.69592,-0.60549,-2.9405,-3.6952,-2.6577,2.1659,8.9466,-11.395,4.8595,5.7189,-1.9901,0.20333,1.5269,-1.3355,8.1236,-0.36492,0.5786,5.251,6.7005,-6.2359,1.8911,3.4606,-0.86304,7.2762,2.2509,-2.5335,-3.8162,-2.0012,-0.29187,1.9638,-0.77784,-2.8078,-0.88418,-0.083294,-0.90243,5.7717,0.22884,5.2106,6.3582,-2.3105,5.5416,-1.1017,4.4738,0.82252,-1.4937,0.86534,-2.6304,6.7437,4.1526,0.11715,1.4711,1.3879,1.0757,4.5884,-1.2106,5.4769,2.2316,-2.1238,-6.4955,-2.8056,0.306,4.3255,-1.4713,-2.6656
-1.2696,-2.3925,-2.2046,7.1942,-4.759,3.5135,-1.6344,2.2075,4.739,2.2472,-3.1049,-0.025726,-0.0066836,5.0164,4.1255,-11.719,-0.28074,1.8831,0.39688,1.0555,-2.9899,-0.2522,8.1046,5.1484,5.7022,0.46625,-2.7484,5.6411,8.9385,-0.74369,-4.8513,-2.6777,3.9203,-2.5543,-0.46822,-0.32688,-0.41221,-0.80164,-2.7715,-3.9098,-2.6309,1.9821,9.202,-11.508,5.1632,5.6941,-1.567,0.31726,1.3234,-1.2916,8.1076,-0.27971,0.55571,5.6823,6.8357,-6.1677,1.5583,3.5046,-0.59996,7.3612,2.1122,-2.6739,-3.3775,-1.8526,-0.50882,1.9151,-0.6749,-3.0092,-0.71001,0.14869,-0.83227,5.4229,-0.0078929,5.4436,6.1959,-2.3378,5.3847,-0.91384,4.7615,0.49189,-1.8819,0.97337,-2.4394,6.7375,4.0006,0.44984,1.0485,1.1868,1.1699,4.6854,-1.3668,5.5291,1.975,-2.2473,-6.6023,-3.0707,0.24876,4.5901,-1.5577,-3.0603
-1.4208,-2.6446,-2.4972,7.1602,-4.897,3.1738,-1.4683,1.8944,4.4503,2.0707,-2.8895,0.033664,-0.042967,5.1504,4.3113,-11.512,-0.50992,2.1257,0.55732,1.3565,-3.1686,-0.13424,8.2227,4.9522,5.8835,0.46227,-2.6448,5.3866,8.8638,-0.68444,-4.6999,-2.7463,3.8958,-2.7445,-0.79512,-0.16644,-0.42566,-1.0495,-2.6826,-4.2664,-2.8588,2.0649,9.7624,-11.849,4.845,5.6983,-1.2675,0.57612,1.1457,-1.3539,7.8589,-0.040948,0.65812,5.4472,6.6099,-6.0943,1.5505,3.7805,-0.53349,7.1839,1.9793,-2.717,-3.3628,-1.6088,-0.6322,1.6218,-0.30165,-2.9379,-0.53845,0.45691,-0.91535,5.6409,0.18985,5.405,5.979,-2.4537,5.0593,-0.87035,4.6449,0.40752,-1.4897,0.77729,-2.1992,6.8267,4.4952,0.46197,1.1317,1.1908,1.6773,5.0123,-0.87201,5.7218,2.0539,-2.1997,-6.7728,-2.6875,0.26932,4.5261,-1.3945,-3.2368
-1.5683,-2.4055,-2.5112,7.1356,-4.8944,3.1989,-1.477,1.6529,4.1187,2.3196,-2.9182,-0.33088,-0.11596,4.9475,4.4596,-11.729,-0.16513,2.1722,0.60747,1.3131,-3.4946,-0.1518,8.0431,5.312,5.726,0.41554,-2.579,5.6695,8.9284,-0.52918,-4.4943,-2.7991,3.8245,-3.0512,-0.87791,-0.066544,-0.14196,-0.90715,-2.8582,-4.1014,-2.5103,1.9836,9.7925,-11.905,4.7322,6.0591,-1.1906,0.41035,1.1813,-1.1748,7.7118,-0.3661,0.3635,5.4355,6.7697,-6.0466,1.9091,3.5466,-0.69998,7.2666,2.0475,-2.926,-3.6746,-1.6355,-1.028,1.493,-0.40261,-2.8081,-0.1377,0.67793,-0.82074,5.7035,0.14445,5.1305,5.7841,-2.2635,5.3635,-1.0241,4.6325,0.56831,-1.2317,0.84163,-1.7983,6.5017,4.6517,0.44435,1.0614,0.82825,1.3952,5.3118,-1.1087,5.6526,2.3987,-1.7358,-7.218,-2.9799,0.22421,4.8996,-1.2059,-3.2693
-1.2894,-2.2665,-2.4199,7.525,-4.7459,3.0451,-1.8149,1.259,4.1908,1.9647,-2.9595,-0.33836,-0.078304,5.1761,4.6099,-11.321,-0.41973,2.0624,0.5242,1.2989,-3.1026,0.13322,8.4514,5.5437,6.1624,0.5043,-2.509,5.5169,8.7703,-0.43414,-4.479,-2.4939,3.757,-2.879,-1.1177,-0.38835,-0.04661,-0.80793,-2.7608,-3.7031,-2.4051,1.5485,9.551,-11.483,5.0552,5.8578,-1.0169,0.28169,1.5533,-0.90452,7.3394,-0.80017,0.58706,5.558,6.8043,-5.9546,1.5228,3.7959,-0.37913,7.1207,2.3293,-2.8234,-3.7268,-1.5692,-0.98921,1.5835,-0.33199,-2.6286,-0.09737,0.6639,-0.86301,5.776,0.2157,5.5649,6.0605,-2.2295,5.4549,-1.2257,4.483,0.45404,-1.2288,1.0521,-1.6942,6.3178,4.6597,0.023173,0.72984,0.56063,1.5278,5.3372,-0.90823,5.8854,2.5899,-1.715,-7.6761,-2.8597,0.13266,4.9316,-1.4695,-2.871
-1.7417,-2.6338,-2.2103,7.2046,-4.8694,2.7573,-1.7857,1.2248,4.3217,1.6341,-2.8902,-0.25903,-0.12788,5.1307,4.693,-11.332,-0.20395,1.9057,0.3353,1.455,-3.1801,-0.089974,8.7321,5.4178,6.3315,0.69606,-2.2248,5.3377,8.6449,-0.63613,-4.6429,-2.4026,3.7141,-2.7541,-0.98331,-0.44598,-0.072937,-0.41924,-2.7825,-3.7771,-1.9623,1.7069,9.8546,-11.535,5.1214,5.4933,-1.1316,-0.19603,1.3921,-0.7871,6.9632,-0.93686,0.59369,5.8929,6.8496,-6.1515,1.9121,3.973,-0.28976,7.0832,2.2012,-2.5972,-3.6904,-1.726,-0.59808,1.7571,-0.36638,-2.4332,-0.38758,0.82552,-0.82844,5.7715,0.23386,5.3564,6.0896,-1.8051,5.7126,-1.0534,4.2875,0.68839,-1.2615,1.1384,-1.8612,6.3315,4.6002,0.40545,1.0732,0.21651,1.5574,5.2274,-1.0196,6.1414,2.8433,-1.6283,-7.5232,-3.1746,-0.2763,4.6338,-1.8128,-2.7123
-1.9372,-2.7383,-2.1866,7.3632,-4.6048,2.6245,-1.7256,1.33,4.6525,1.6506,-3.1264,-0.43021,-0.11714,5.1211,4.8847,-11.177,-0.084785,2.4258,0.13819,1.7903,-2.7121,-0.2713,8.4955,5.3556,6.3983,0.74637,-1.7693,5.2721,9.0968,-0.84748,-4.7474,-2.4603,3.1771,-2.772,-0.81461,-0.1928,-0.078529,-0.28315,-2.774,-3.8877,-1.5717,1.5819,10.108,-11.388,5.1312,5.3449,-1.0661,-0.21745,1.3009,-0.3173,6.6495,-0.83919,0.88794,6.2915,7.0425,-5.9107,1.6282,3.6585,-0.40795,6.9949,2.0425,-2.4185,-3.2604,-1.6074,-0.73635,1.6212,-0.3595,-2.2122,-0.14595,0.77843,-0.74124,5.9402,0.34415,5.3824,6.4297,-2.0927,5.7405,-0.72319,4.4373,0.60378,-0.88719,1.2133,-1.797,6.6181,4.8206,0.34121,1.0788,0.047066,1.6908,5.1085,-0.7175,6.045,3.2911,-1.667,-7.3074,-3.3554,-0.26324,4.6372,-2.099,-2.7067
-2.1572,-2.8628,-2.0492,7.4771,-4.9971,3.0519,-1.9859,1.1216,4.5558,1.9641,-3.1664,-0.16513,-0.15211,5.1114,4.9619,-11.218,0.0041548,2.1904,0.26103,1.7457,-2.3078,-0.29261,8.4999,5.7738,6.525,0.54197,-2.0835,5.4376,9.1641,-0.57327,-4.7078,-2.8305,2.9691,-2.8569,-0.52457,-0.31741,0.044334,0.050546,-2.7325,-4.2563,-1.9307,1.5879,9.9958,-11.227,5.3002,4.981,-0.69439,-0.53373,1.1444,-0.1913,6.9595,-0.86353,1.3472,6.3033,6.9317,-6.4403,1.5031,3.6978,-0.53025,6.5681,1.7709,-2.3874,-3.2211,-1.7149,-0.5326,1.6085,-0.6396,-2.3882,-0.2411,0.46507,-0.61236,5.7408,0.4904,5.1955,6.7616,-2.0207,5.9762,-0.34383,4.4025,0.57476,-0.49968,1.4703,-1.3864,6.2339,4.5489,0.48247,1.0103,0.040359,1.5078,5.1419,-0.5379,6.2673,3.5261,-1.9413,-7.6785,-3.2864,-0.51457,4.903,-2.0453,-2.6525
-2.4358,-2.5219,-1.9179,7.4715,-5.0413,3.1801,-2.0708,1.0381,4.5945,1.8898,-3.3589,0.05362,0.17278,4.9957,5.0803,-11.496,0.28632,2.219,0.64553,1.7395,-2.3793,-0.3118,8.4103,5.8251,6.9964,0.72148,-1.7265,5.5196,8.8146,-0.55129,-4.4425,-3.2214,2.7757,-3.1611,-0.56006,-0.48628,0.31153,0.32285,-3.0327,-4.2746,-1.4701,1.2902,9.9205,-10.853,5.3994,4.7006,-0.61267,-0.83129,1.3673,-0.41452,6.959,-0.82725,1.2807,6.1209,7.3637,-6.2666,1.6585,3.2342,-0.49041,6.3243,1.5324,-2.5378,-3.5227,-1.5361,-0.8418,1.6672,-0.62449,-2.379,-0.224,0.39013,-0.89977,5.7833,0.49984,5.3384,6.5612,-1.5738,6.3344,-0.68562,4.4147,0.39204,-0.56801,1.6933,-0.94338,6.3025,4.5724,0.5644,1.2132,0.0999,1.9395,5.1707,-0.84632,6.716,3.6675,-2.0217,-7.3726,-3.3737,-0.76602,5.2039,-1.8906,-2.4741
-2.5622,-2.5341,-2.0111,7.4424,-5.0202,3.3159,-1.5522,1.148,4.2094,1.8709,-3.4562,-0.26283,0.1276,4.9532,5.105,-11.374,0.39614,2.4876,0.78412,1.3311,-2.6457,-0.3458,8.4697,5.5947,7.2203,0.90177,-1.3943,5.4206,8.8916,-0.90807,-4.2362,-3.279,2.3823,-3.0267,-0.49604,-0.39236,0.34716,0.37317,-3.3299,-4.247,-1.1778,1.2066,10.303,-11.155,5.2481,4.5605,-0.28567,-0.96202,1.2056,-0.69687,7.077,-0.94423,1.031,5.7889,7.3485,-6.1731,1.4562,3.4196,-0.78251,6.5231,1.5708,-2.5185,-3.206,-1.7256,-0.87873,1.737,-0.95856,-2.2679,0.10244,0.23955,-0.73768,5.4736,0.79342,5.2577,6.1139,-1.7943,6.0994,-0.81599,4.3231,-0.14235,-0.66849,1.805,-0.91147,6.4442,4.5415,0.5805,1.0099,0.35875,1.6915,4.9124,-0.70303,6.9893,3.8265,-1.8704,-7.3069,-3.7865,-0.84931,5.5212,-1.9077,-2.4197
-2.5018,-2.8521,-1.9307,7.6372,-4.903,3.41,-1.6449,0.74166,3.6499,2.2472,-3.5959,-0.19375,0.31904,4.8721,4.7456,-11.154,0.19464,2.46,0.63685,1.2828,-2.9661,-0.52149,8.1364,5.5722,7.2905,0.87046,-1.6469,5.5682,8.7767,-0.74754,-4.2815,-3.465,2.0951,-3.0832,-0.71523,-0.48644,0.56378,0.24589,-3.3459,-4.164,-1.5214,1.1492,10.381,-11.226,5.0474,4.8922,-0.16554,-1.0628,1.1742,-0.60266,7.0874,-0.91357,0.81802,6.2486,7.4543,-6.4392,1.8122,3.5207,-0.8195,6.2331,1.9,-2.3853,-3.1292,-1.1984,-0.97885,1.5422,-1.1339,-2.112,0.050154,0.53904,-0.91353,5.3799,0.75737,5.4278,6.002,-1.7584,5.9925,-0.54345,4.3473,-0.47518,-0.87147,1.6936,-1.0159,6.4854,4.4761,0.86802,1.0945,0.36553,2.0347,4.76,-1.016,6.9698,3.7384,-2.1018,-7.0397,-3.9078,-1.1049,5.5751,-1.9097,-2.4376
-2.5254,-2.8383,-1.9062,7.6036,-4.733,3.8102,-1.5484,0.77811,3.6789,1.793,-3.3083,-0.14857,0.60386,4.9245,4.6214,-11.33,-0.069915,2.8151,0.34408,1.2208,-3.0041,-0.070833,8.5293,5.2583,7.5373,1.0258,-1.3846,5.4965,8.7581,-0.86294,-4.3547,-3.447,1.8724,-3.1086,-0.65234,-0.23712,0.53527,0.20916,-2.8515,-4.0581,-1.2485,1.2271,10.318,-10.948,5.259,4.543,0.081413,-1.2382,0.7914,-0.86942,6.7544,-1.1212,0.73345,5.9357,7.4412,-6.7617,1.5605,3.9014,-1.2935,5.9564,2.5521,-2.3115,-3.1501,-1.0163,-0.79433,1.5024,-1.0746,-1.9164,-0.241,0.56691,-1.1137,5.3207,0.47881,5.286,5.8966,-1.8682,5.6879,-0.48782,4.5727,-0.34126,-0.54585,1.9076,-1.0776,6.8734,4.1061,1.1621,1.516,0.31752,2.0834,4.7417,-0.91421,7.0301,3.6646,-1.882,-7.2305,-3.8609,-0.88458,5.6886,-1.9724,-2.7148
-2.4947,-2.9919,-1.9337,7.5272,-4.7214,3.5716,-1.4964,0.67875,3.2023,2.0103,-3.5812,0.010079,0.8287,4.9138,4.2438,-11.562,-0.21085,2.5922,0.77036,1.4492,-2.6813,-0.29604,8.5539,5.2636,7.2209,0.94765,-1.6586,5.4814,8.9336,-0.51944,-4.3149,-3.815,1.664,-3.0762,-0.60322,-0.28342,0.88505,0.41779,-2.8063,-4.0981,-0.93243,0.93063,10.103,-11.33,5.5415,4.3654,-0.23136,-1.014,0.72937,-0.93476,6.8219,-1.2196,0.82463,6.2918,7.5117,-6.5507,1.4486,4.0284,-1.3767,6.3702,3.0463,-2.1763,-3.2803,-0.90816,-0.92844,1.7422,-0.95595,-2.3156,0.064342,0.30789,-0.97611,5.2519,0.54804,4.9736,6.161,-1.5909,5.7305,-0.40582,4.3439,-0.37551,-0.27117,1.9137,-1.4464,7.1065,3.8773,1.1193,1.4923,0.61205,2.2798,4.6077,-1.1468,7.1722,3.7072,-1.3236,-7.5433,-3.7014,-0.9173,5.3295,-1.8968,-3.1826
-2.4479,-2.9623,-2.1804,7.3891,-4.9202,3.7046,-1.1592,0.37633,3.0735,2.2584,-4.092,0.23663,0.83137,4.8424,4.4781,-11.958,-0.050027,2.9225,0.6061,1.4753,-3.0525,-0.25863,8.8985,5.1141,7.4147,1.199,-1.6776,5.1648,8.7297,-0.53045,-4.3632,-3.8066,1.9887,-3.2952,-0.69013,-0.042675,0.9679,0.45435,-2.8325,-4.1439,-0.73503,1.0819,10.323,-11.496,5.5146,4.2239,-0.032162,-0.84117,0.30478,-1.287,7.1615,-1.4528,0.31323,6.1958,7.3711,-6.4246,1.4771,4.1776,-1.177,6.2999,3.1189,-2.3598,-3.1309,-0.73629,-0.81963,1.8216,-0.64171,-2.1871,0.19958,0.35468,-1.0774,5.293,0.69062,4.6221,6.2378,-1.8593,5.5263,-0.65157,4.2727,-0.51851,-0.19678,1.8281,-1.481,7.6899,4.0173,1.1442,1.4496,0.60552,2.4092,4.6033,-0.73764,6.8604,3.8704,-0.82306,-7.6104,-3.552,-1.1841,4.9454,-1.8738,-2.8133
-2.5645,-3.2715,-1.9376,7.4879,-5.1727,4.2002,-1.1872,0.20301,2.598,2.5142,-4.5266,-0.19829,0.75237,4.9262,4.2187,-11.615,-0.058667,2.7822,0.48571,1.3281,-2.9334,-0.30366,8.6181,5.0789,7.2651,1.111,-1.2193,5.307,8.6599,-0.48152,-4.7296,-3.688,1.9145,-3.6062,-0.35934,-0.011887,0.96654,0.24154,-2.8288,-4.2787,-0.94017,1.339,10.02,-11.553,5.4785,3.9217,0.41375,-0.70654,-0.14886,-1.3563,6.811,-1.3782,0.64406,6.4312,7.3753,-6.8165,1.7548,4.3065,-1.0977,6.6189,3.4822,-2.4595,-3.2246,-0.80047,-0.50999,1.884,-0.87444,-1.77,-0.10839,0.29091,-0.94343,5.6923,0.60284,4.6372,6.5836,-1.7966,5.4213,-0.86182,4.3404,-0.10932,-0.063286,1.9434,-1.5484,7.8549,3.639,1.0069,1.094,0.22643,2.6425,4.7613,-0.9073,6.7805,3.6671,-1.019,-7.8238,-3.0834,-1.3131,5.0886,-1.5527,-2.5961
-2.5258,-3.2335,-1.8572,7.7821,-4.9407,4.4645,-1.0579,0.22465,2.2156,2.3425,-4.8992,-0.52275,0.51886,4.6859,4.6569,-11.608,-0.15288,2.7976,0.5016,1.6338,-2.902,-0.18167,8.6704,5.2797,7.5265,1.3301,-1.0819,5.0907,8.6755,-0.44885,-4.6355,-3.851,1.484,-3.9344,-0.26806,-0.15519,0.89182,0.041163,-2.5467,-4.2837,-0.55453,1.2268,9.9902,-11.954,5.7008,3.6324,0.42687,-0.93708,-0.3066,-1.747,6.8646,-1.5314,0.5908,6.7787,7.2558,-6.6043,1.6076,4.2772,-1.1655,6.5341,3.3062,-2.2756,-3.4361,-0.71027,-0.81453,2.2518,-0.79479,-1.7931,-0.057661,0.27434,-0.83388,6.0347,0.70903,4.743,6.2743,-1.7499,5.737,-0.6782,4.1751,0.20372,0.034785,1.9605,-1.5732,7.7361,3.8389,0.94549,0.70809,0.29906,2.5656,4.4615,-0.67097,6.7898,3.9131,-0.81511,-7.4748,-2.6521,-1.446,4.997,-1.6142,-2.3696
-2.8759,-3.5739,-2.0207,7.8903,-5.022,4.3107,-1.1634,0.22842,2.1161,2.0369,-4.9403,-0.16891,0.59272,4.609,4.8066,-11.321,-0.056989,2.5363,0.92971,1.6971,-2.8008,-0.058272,9.0899,5.4033,7.2569,1.5738,-1.1713,4.9325,8.8632,-0.22732,-5.0281,-3.9037,1.1259,-4.0166,0.1298,-0.11102,1.0747,0.359,-2.4554,-4.2931,-0.1251,1.2314,10.157,-11.627,5.8116,4.0374,0.43365,-0.53423,-0.44706,-1.7061,6.5606,-1.3787,0.87445,6.7999,7.0017,-6.9789,1.5386,4.1664,-1.0114,6.8915,3.7902,-2.4301,-3.4514,-0.74282,-0.9306,2.3288,-0.70857,-1.9259,-0.076206,0.28124,-0.42243,5.8319,0.78606,5.0269,6.1878,-1.6564,5.7931,-0.7574,4.5484,0.12019,-0.0037129,1.9989,-1.4844,7.7353,3.506,1.0943,1.0306,0.45935,2.6686,4.5146,-0.58094,6.8826,3.9553,-1.0231,-7.8106,-2.2629,-1.4721,4.7975,-1.808,-2.1194
-3.2681,-3.8675,-2.063,7.9497,-5.034,4.5229,-1.2641,-0.035987,2.016,2.0111,-5.1905,-0.34518,0.50343,4.6282,4.6819,-11.625,-0.44075,2.4906,0.97356,1.7798,-2.5397,-0.46789,9.3165,5.002,7.024,1.3856,-1.515,5.1761,9.0526,-0.14416,-4.8813,-3.7682,1.1621,-3.9177,0.59565,-0.48063,1.2465,0.52047,-2.138,-4.2659,-0.43216,1.4189,9.985,-11.377,6.0749,4.0584,0.56063,-0.44888,-0.78893,-1.6023,6.5956,-1.3597,0.97177,6.9149,6.6318,-7.0604,1.6633,4.5129,-1.1702,6.8088,3.9249,-2.1552,-3.3215,-1.1727,-1.0547,2.7033,-0.73301,-1.7646,-0.18047,0.039616,-0.52773,5.8671,0.63001,5.0829,6.0481,-1.658,6.0135,-0.91996,4.828,0.027488,0.24113,1.9263,-1.8574,8.2021,3.5891,0.80031,1.2731,0.60769,2.496,4.2729,-0.28283,6.6638,3.8171,-1.2495,-7.9357,-2.1618,-1.495,4.7087,-2.1564,-2.1608
-2.8134,-3.827,-2.1638,8.3958,-4.9754,4.2731,-1.5158,0.15716,2.0812,1.9727,-5.5164,-0.087695,0.85685,4.4868,4.6624,-11.631,-0.83199,2.3873,1.0937,2.2384,-2.3719,-0.81067,8.978,4.7336,7.1365,1.4698,-1.524,5.5069,8.6662,-0.14174,-5.2945,-3.8573,0.78794,-3.821,0.5437,-0.8158,1.4582,0.50908,-1.907,-4.4164,-0.67917,0.99717,10.316,-11.208,6.2894,4.1371,0.51249,-0.80948,-0.86439,-1.7455,6.3125,-1.3181,1.1075,7.0856,6.3273,-6.9204,1.5323,4.5766,-1.5353,6.5338,4.4008,-2.2584,-3.3571,-1.1684,-1.3779,2.8312,-0.63885,-2.2479,-0.072094,0.16803,-0.15996,5.8931,0.28957,5.5168,6.0777,-1.9416,6.1502,-1.1184,4.7358,0.20339,0.1303,1.8871,-2.0351,8.4308,3.6606,0.98066,1.3301,0.89391,2.4847,4.1453,-0.2985,6.861,4.3115,-1.0219,-8.1048,-2.422,-1.4169,4.8077,-2.3466,-2.2545
-3.1037,-4.2199,-2.5239,8.3352,-5.013,4.67,-1.4689,-0.28265,2.0064,2.1868,-5.6106,-0.13949,0.86883,4.8157,4.282,-11.837,-0.84832,2.526,0.93916,2.1238,-2.3933,-0.80251,9.2522,4.7282,7.2058,1.1621,-1.3338,5.8942,8.218,0.21493,-5.1742,-3.8234,0.72093,-3.8801,0.62548,-0.57991,1.5231,0.57328,-1.8039,-4.7244,-0.74323,1.1082,9.9631,-11.247,6.2529,4.1786,0.26664,-0.79545,-0.63234,-1.7042,6.4369,-1.5424,0.88353,6.7146,6.5972,-6.875,1.1291,4.5901,-1.5538,6.2961,4.732,-1.8372,-3.4296,-1.0316,-1.8245,2.8581,-0.4938,-2.576,0.051468,-0.15962,-0.12457,6.0158,-0.0075567,5.3718,6.1319,-1.6182,6.6002,-1.193,4.9942,-0.22503,-0.078737,1.9365,-2.4504,8.0496,3.5207,1.4854,0.8854,1.2052,2.4701,3.8488,-0.52342,7.2214,4.7936,-0.92955,-7.897,-2.2331,-1.5895,4.9866,-1.9991,-2.4291
-2.9175,-4.0834,-2.0713,8.1121,-5.1189,4.4132,-1.3011,-0.17665,1.795,2.1377,-5.9522,0.080666,0.99178,4.8945,4.4174,-11.816,-0.53954,2.5116,0.72038,2.0722,-2.3565,-0.80996,8.8624,4.5194,7.3751,1.2196,-1.4434,6.0979,8.509,0.10374,-5.2349,-3.5166,0.36214,-3.782,0.88946,-0.65127,1.6388,0.60858,-1.9909,-4.7043,-0.80669,1.3136,9.7859,-11.629,6.3425,3.9241,0.45512,-0.9042,-0.8274,-1.6512,6.8608,-1.4946,1.0501,6.731,6.6457,-6.8855,1.1722,4.9143,-1.803,6.5408,4.3844,-1.9205,-3.3859,-0.98008,-2.0967,2.628,-0.82854,-2.6476,0.48591,-0.17911,0.078898,5.9165,0.18477,5.2161,6.0527,-1.7003,6.3203,-1.1819,5.0817,-0.27098,-0.49124,2.1219,-2.5889,7.883,3.2419,1.3195,0.47461,1.2559,2.6721,3.5426,-0.42446,6.9417,4.8994,-0.63646,-7.8706,-1.9956,-1.6098,5.1543,-1.8714,-2.5137
-2.6422,-4.1615,-2.1873,8.2263,-5.2205,4.0948,-1.4304,-0.23189,1.3606,2.2924,-6.1157,-0.027893,1.3503,5.2832,4.2499,-11.913,-0.40576,2.6031,0.37756,2.1654,-2.1268,-0.87727,8.7061,4.3935,7.583,1.3733,-1.5684,6.3873,8.8338,0.42516,-4.9184,-3.4857,0.27995,-4.1215,1.1201,-0.4392,1.3364,0.58438,-1.6879,-4.3344,-0.82476,1.1628,9.6055,-11.21,6.4629,3.8923,0.52367,-0.51714,-0.61719,-1.8768,6.9136,-1.4631,0.86106,6.6893,6.8043,-6.7499,0.76072,4.8334,-2.2561,6.6345,4.4594,-2.082,-3.1315,-1.1676,-2.0545,2.6187,-0.70341,-2.8171,0.42315,0.044619,0.58268,6.0062,-0.1208,5.2833,6.2607,-2.0232,5.9668,-1.2139,4.8205,-0.47938,-0.56569,2.1683,-2.9395,7.8821,3.3818,1.3469,0.17692,1.6199,2.4499,3.2372,-0.32858,6.8283,5.0832,-0.35649,-7.6469,-2.0176,-1.7244,5.0167,-1.9576,-2.5165
-2.9367,-4.1543,-2.5845,8.5737,-5.1208,4.2123,-1.2268,0.085459,1.4354,2.028,-5.9889,0.050234,1.695,5.5952,4.6193,-11.748,-0.13808,2.3205,0.41648,2.2452,-2.1063,-0.95087,8.4546,4.5524,7.3988,1.568,-1.424,6.5856,8.9531,0.21219,-4.899,-3.4581,0.38373,-4.0575,1.0651,-0.8754,1.0807,0.64418,-1.7098,-4.2742,-0.96069,1.4257,9.6243,-11.13,6.7517,3.8472,0.83981,-0.3572,-0.93417,-1.7351,6.8138,-1.2749,1.0222,6.4571,6.3938,-7.0644,0.65412,4.8996,-2.101,6.5847,4.2928,-2.0975,-3.5846,-1.407,-2.1996,2.4793,-0.81338,-2.7128,0.60488,0.39331,0.68186,5.9707,0.18144,5.2147,6.2133,-2.0464,6.1431,-1.029,4.8607,-0.72496,-0.84342,2.3732,-3.1192,7.776,3.2434,0.9614,0.13525,1.7399,2.5966,3.1238,-0.16452,6.8249,5.6425,-0.42716,-7.8259,-2.4424,-1.582,5.3005,-1.8811,-2.6991
-3.1094,-4.297,-2.4952,8.8263,-5.0728,4.0456,-1.1317,0.026158,1.5245,2.0266,-6.067,-0.21934,1.6582,5.5344,4.5778,-11.323,-0.18274,2.0318,0.093895,2.1298,-2.0821,-0.82938,8.2943,4.4385,7.5151,1.5961,-1.0912,6.9199,9.1491,0.73032,-4.9637,-3.3722,0.073154,-4.0697,1.1055,-0.95024,0.82392,0.85555,-2.0294,-4.5611,-0.80878,1.0583,9.7067,-10.797,6.3894,3.8198,0.87696,-0.7176,-1.1564,-1.9923,7.1748,-1.0563,0.68722,6.074,6.3284,-7.1459,0.29126,5.0661,-2.3925,6.2923,4.4029,-2.0371,-3.4107,-1.0807,-2.2887,2.5015,-0.78525,-2.3552,0.70114,0.68561,0.62608,6.0733,0.28144,5.4133,5.8636,-2.1539,6.1165,-1.31,5.169,-0.77798,-1.0331,2.3107,-2.9522,7.3414,3.4895,1.2699,0.25924,1.8709,3.0452,3.3914,0.15222,7.0101,5.3089,-0.016245,-8.0886,-2.4461,-1.3391,5.3284,-1.8922,-3.1875
-3.0411,-4.3973,-2.1737,8.468,-4.758,4.3633,-1.1446,0.051341,1.183,2.0293,-6.2731,-0.35712,1.445,5.1833,4.9043,-11.033,0.076741,2.0308,0.1901,2.4435,-2.5996,-0.70926,8.2669,4.3663,7.9443,1.656,-1.1739,7.2448,9.1086,0.96999,-5.1421,-2.9582,-0.092541,-3.917,0.70548,-0.90351,0.55982,0.83268,-2.0621,-4.4893,-0.77761,1.0642,9.3714,-10.552,6.0163,3.9517,1.0057,-0.46935,-1.3408,-2.0277,6.7281,-1.3925,0.66582,6.1786,6.6448,-7.3562,0.53204,5.2758,-2.0903,6.4127,4.1128,-2.0402,-3.618,-0.83624,-1.9165,2.2707,-0.82632,-2.4922,0.92613,0.55587,0.73732,6.2833,0.12671,5.5823,5.8227,-2.4902,5.9955,-1.5754,5.2913,-0.56204,-0.86685,2.2582,-2.6212,7.0843,3.089,1.3756,0.20328,2.3966,3.1108,3.235,0.70953,7.2414,5.4135,0.26625,-8.3869,-2.4127,-1.2109,5.3923,-1.8987,-3.1768
-2.586,-4.5282,-2.2106,8.416,-4.8852,4.3795,-1.3694,0.1562,1.4809,2.2726,-6.3005,-0.57453,1.4918,5.576,5.0649,-11.036,-0.17233,1.8037,0.35197,2.7173,-2.4477,-0.70911,8.0593,4.5943,7.9234,2.0442,-1.2892,7.3463,8.9571,1.028,-5.0233,-3.1593,0.14784,-3.7776,0.50496,-0.96532,0.73027,0.84826,-1.8618,-4.8046,-0.96304,1.4678,9.1727,-10.565,5.9772,3.9069,0.83829,-0.65861,-1.2777,-1.9027,6.5576,-1.3536,0.65627,6.1155,6.801,-7.3234,0.45716,5.6543,-2.1978,6.5951,4.2013,-1.7654,-3.7624,-1.0149,-1.6017,2.2799,-0.6107,-2.27,1.0553,0.91212,0.50611,6.5839,-0.032574,5.5859,5.6838,-2.031,5.9515,-1.386,5.6664,-0.92972,-0.90385,2.0885,-2.6647,7.1278,3.2973,1.3431,-0.16768,2.5209,3.1368,3.304,0.69094,7.2482,5.3154,0.35133,-8.4682,-2.1385,-0.92235,5.2851,-1.9457,-3.1592
-2.4563,-4.1571,-2.0259,8.4367,-4.9211,4.8326,-1.3719,0.40927,1.3608,2.3182,-6.4211,-0.74764,1.6474,5.7538,5.4064,-10.825,-0.12098,1.881,0.61319,2.8567,-2.3473,-1.105,7.914,4.7826,7.9914,1.7041,-1.3019,7.2135,8.9242,1.4277,-5.0349,-2.9203,-0.062916,-3.7521,0.33353,-1.1352,0.98738,0.65568,-2.1316,-4.9935,-1.0378,1.6573,9.5212,-10.654,5.7155,3.9491,0.97378,-0.96132,-1.2747,-1.8857,6.3294,-1.5704,0.34236,6.0139,6.8165,-7.6544,0.63073,5.7733,-2.5228,6.3771,4.2512,-1.6278,-3.9128,-1.0817,-1.6222,2.2462,-0.26996,-2.2993,1.1619,0.89008,0.39014,6.3204,-0.53982,5.6608,5.4674,-2.1668,6.2681,-1.4243,5.6166,-0.9648,-1.0936,2.0328,-2.5936,6.889,3.2642,1.5759,-0.33354,2.4988,2.9147,3.5957,1.0982,7.3373,5.7041,0.32435,-8.4916,-1.8093,-0.81421,5.1379,-1.8958,-2.9051
-2.5461,-3.8783,-1.9215,8.5329,-5.0296,4.734,-1.455,0.4026,1.4123,2.4535,-6.5119,-0.73334,1.6363,5.9251,5.7581,-10.548,-0.39483,1.5591,0.6728,2.8094,-2.2686,-0.81009,8.065,4.5301,7.7706,1.9824,-1.4091,7.1821,9.0135,1.24,-5.1162,-2.9487,-0.4198,-3.6163,0.36815,-1.1239,1.0648,0.72314,-2.1466,-4.8874,-1.0123,1.2996,9.5302,-10.798,5.711,4.0001,0.55616,-0.55624,-1.3133,-1.7405,6.5328,-1.333,0.056781,6.0878,7.0907,-7.7309,0.80396,5.7321,-2.5573,6.6914,4.3413,-1.6361,-3.4782,-1.3044,-2.037,2.6808,-0.41983,-2.4055,1.3309,0.9347,0.69372,6.3499,-0.82871,5.3753,5.8495,-2.0701,6.6984,-1.3342,5.3852,-0.73943,-1.1808,2.0121,-2.3212,7.3377,3.3709,1.4233,-0.71398,2.8768,2.5052,3.8282,1.0152,7.3553,5.6816,0.5211,-8.8927,-1.7473,-1.1512,4.8347,-1.9814,-2.7414
-2.6952,-3.9929,-2.0027,8.8149,-5.155,4.9134,-1.3405,0.086727,1.2807,2.4618,-6.2645,-0.38055,1.4718,5.8763,5.7849,-10.197,-0.34893,1.7112,1.0381,2.6881,-2.1108,-0.95842,8.5446,4.3903,7.8016,1.7348,-1.4609,6.9233,9.0463,1.1561,-5.1124,-3.2224,-0.28463,-4.0373,0.36259,-1.2942,0.91451,0.41266,-2.0237,-4.573,-1.3523,1.3833,9.5585,-10.829,5.6637,3.7556,0.42497,-0.89172,-1.1127,-1.6542,6.3548,-1.2508,-0.042126,6.0542,7.0983,-8.1749,0.81236,6.0572,-2.9521,6.6161,4.7615,-1.5753,-3.7561,-1.6344,-1.9505,2.6776,-0.15234,-2.2061,1.5768,0.99856,0.79605,6.0822,-0.84802,5.2572,5.3857,-2.0409,6.7089,-1.1749,5.3731,-0.75118,-0.92934,2.0304,-2.3276,7.6811,3.3693,1.705,-0.6585,2.597,2.3964,4.2023,1.2135,7.4665,5.8168,1.0753,-9.0409,-1.4548,-1.5612,4.7708,-1.558,-2.6553
-2.7301,-3.9394,-2.0193,8.58,-5.4562,4.8527,-1.159,-0.25607,1.08,2.4133,-6.0114,-0.31638,1.5022,5.9459,5.9826,-9.9764,-0.019025,1.8212,1.3541,2.6613,-2.2413,-0.84422,8.54,4.4267,8.0129,2.1051,-1.1553,6.8786,8.9463,1.5626,-4.8088,-2.9395,-0.22687,-4.1366,0.6045,-1.313,0.90991,0.2055,-2.262,-4.523,-1.2756,1.1594,9.8841,-10.61,5.4105,3.5737,0.093107,-1.2056,-1.1297,-1.5704,6.0571,-1.3779,-0.3365,5.9736,7.1557,-8.2939,1.1094,6.0239,-3.2986,6.2315,4.8255,-1.4819,-3.5709,-1.7328,-2.382,2.6928,-0.27761,-2.234,1.2194,1.2783,1.2726,6.3111,-1.183,5.5013,5.2746,-1.8697,6.5387,-1.3703,5.3411,-0.92432,-0.75214,1.7634,-2.1536,7.8635,3.4316,1.7068,-0.51771,2.7727,2.5884,4.2012,1.3137,7.1202,5.8894,1.0925,-9.0933,-1.2429,-1.5657,4.5758,-1.416,-2.949
-2.4685,-3.9058,-1.9808,8.486,-5.6618,5.0412,-1.5539,-0.385,0.51666,2.4118,-6.1035,-0.11298,1.4942,6.2802,6.1338,-9.6659,0.078414,1.588,1.4157,2.3691,-1.8741,-0.68465,8.3998,4.7083,7.9044,1.715,-0.9151,6.7563,8.7792,1.8106,-5.0434,-3.303,-0.64231,-4.5285,0.60747,-1.3328,0.62759,0.27355,-2.5808,-4.7583,-1.3824,0.88465,9.7386,-10.649,5.1032,3.5211,0.18028,-0.82067,-0.68031,-1.4867,6.0357,-1.561,-0.51978,6.1417,6.8509,-8.4236,1.3318,5.9475,-3.329,6.3714,5.2484,-1.4315,-3.9004,-1.8933,-2.3263,2.956,-0.30477,-2.3125,0.72929,1.4401,1.3783,6.0426,-1.4994,5.5483,5.0843,-1.5388,6.5385,-1.6891,5.1788,-0.53751,-0.74642,1.5762,-1.9874,8.1269,3.1595,1.6467,-0.588,2.7713,2.3394,4.2702,1.1773,6.8982,5.7175,0.92053,-9.2556,-1.6494,-1.6083,4.2556,-1.1648,-3.3482
-2.2411,-3.8684,-1.6472,8.7934,-5.5671,4.9115,-1.2009,-0.12618,-0.01262,2.0763,-6.1695,-0.23953,1.571,6.1684,6.0675,-9.7434,0.20594,1.9551,1.2254,2.1815,-1.5963,-0.26303,8.3029,4.4585,7.9492,1.3768,-0.9332,6.5563,8.7416,2.0812,-5.5121,-3.2964,-0.87802,-4.4776,0.78925,-1.1724,0.49547,0.48007,-2.5091,-4.8533,-0.96995,1.1539,9.5553,-10.93,5.2313,3.6221,0.53682,-0.4822,-0.60427,-1.2115,5.9332,-1.5511,-0.57289,6.1285,6.8573,-8.3887,1.7055,6.0716,-3.2778,6.3641,5.5062,-1.8257,-3.7787,-1.7443,-2.0515,3.2768,-0.34114,-2.27,0.20255,1.5058,1.1223,6.2741,-1.643,5.3485,4.9515,-1.4499,6.3587,-1.5023,5.2801,-0.32435,-0.68947,1.6357,-1.7535,7.9338,3.001,1.5971,-0.81823,2.7906,2.6383,4.2088,1.3055,6.8848,6.2134,1.4406,-9.1183,-1.6256,-1.6035,4.4303,-1.0622,-3.5966
-2.3804,-3.8939,-1.3451,8.9877,-5.4862,5.2624,-1.491,-0.012258,0.16387,2.0098,-6.1538,0.12122,1.8732,6.5527,6.0875,-9.6289,-0.086626,1.9369,1.1769,1.7131,-1.9922,-0.26843,8.2384,4.4734,7.9973,1.0629,-1.1482,6.381,8.9256,2.4148,-5.612,-3.2535,-0.45401,-4.5999,0.71781,-1.3196,0.048485,0.18482,-2.7797,-4.5361,-1.1862,1.2792,9.832,-10.78,5.2654,3.705,0.3889,-0.46199,-0.19214,-1.2482,5.5432,-1.4349,-0.36279,6.1526,6.7532,-8.6354,1.7799,5.9279,-3.3216,6.0537,5.509,-1.6777,-3.7218,-1.6841,-1.9411,3.2307,-0.1259,-2.2748,0.4738,1.3656,0.73049,6.0851,-2.122,5.2077,4.9117,-1.7676,6.2758,-1.3684,5.4392,0.078412,-1.0072,1.6919,-2.1356,7.8698,3.0622,1.3435,-0.56348,2.7135,2.7564,4.4158,1.245,6.8285,6.6409,1.564,-9.4443,-1.6359,-1.2652,4.2477,-1.0466,-3.7023
-2.097,-4.2205,-1.2039,8.8777,-5.0134,5.6641,-1.2051,0.13799,0.052383,1.7039,-6.2253,0.4057,1.9325,7.0171,6.1314,-9.5665,0.071592,2.0522,0.97401,1.368,-1.6764,0.029392,8.3084,4.4989,8.0175,0.83683,-1.1674,6.1944,8.5355,2.4677,-5.6731,-3.2412,-0.35402,-5.0073,0.74715,-1.6435,0.046877,0.21721,-2.6402,-4.1142,-1.4955,1.2845,9.9455,-10.738,5.0021,4.1416,0.045635,-0.60427,-0.081754,-1.1263,5.5761,-1.6474,-0.57856,6.5494,6.5944,-8.6502,1.3733,5.8562,-3.6006,6.0212,5.8443,-1.8455,-3.6934,-1.8878,-1.9403,2.7905,-0.1045,-2.0641,0.49208,1.0873,0.75225,6.4432,-2.1293,4.8538,4.7591,-1.7581,5.9748,-1.1851,5.3344,-0.088031,-1.1706,1.6036,-2.066,8.1181,2.722,1.4499,-0.56085,3.0515,2.6437,4.4733,1.6165,6.8011,6.4311,1.933,-9.5155,-1.1993,-1.1101,4.2826,-1.0724,-3.6892
-2.0594,-4.0007,-1.2206,8.4514,-4.8241,5.7058,-1.1828,0.17831,0.047076,1.6907,-6.1431,0.31157,2.0913,7.0162,6.0684,-9.2776,-0.1848,2.2834,0.94923,1.3858,-1.7319,0.11419,8.5355,4.6194,7.8827,1.1198,-1.1966,5.7673,8.5586,2.8287,-5.5764,-2.9508,-0.12993,-5.0343,0.39136,-1.3707,0.44643,0.59799,-2.4649,-4.5062,-1.3706,1.3402,10.013,-10.653,5.3672,4.5617,-0.022185,-0.3664,-0.4788,-1.1225,5.6867,-1.6446,-0.65934,6.3316,6.493,-8.2649,1.6875,5.5751,-3.3804,6.2319,5.7011,-2.0364,-3.6679,-1.5571,-1.7343,2.6761,0.093229,-2.0557,0.53661,1.004,0.78556,6.4159,-2.3636,5.2239,5.1059,-1.8191,6.1693,-0.87292,5.4648,0.0096043,-1.3093,1.441,-2.1896,8.1379,2.8694,1.4929,-0.50314,3.0414,2.4464,4.5986,1.7098,6.6807,6.6911,2.4409,-9.705,-1.1309,-0.9364,4.2983,-1.3908,-4.0287
-1.5857,-3.9233,-1.3258,8.7018,-4.7694,5.9451,-1.3182,0.20198,0.047018,1.9221,-5.6705,0.26546,1.9503,7.3834,6.0902,-9.1615,0.13169,2.5633,0.96247,1.2335,-2.1188,-0.032389,8.6021,4.6531,7.6371,1.1044,-1.2091,5.4731,8.7445,2.9544,-5.5764,-3.3521,-0.10653,-5.1143,0.27098,-1.1546,0.23764,0.60552,-2.7152,-4.8945,-1.5704,1.5191,10.02,-10.513,5.1854,4.269,-0.065305,-0.51187,-0.58693,-0.71412,5.4507,-1.3505,-0.75281,6.5662,6.5361,-8.1115,1.9539,5.5327,-3.0584,6.5424,5.5539,-2.1561,-3.9563,-1.6521,-1.4294,2.9548,0.29276,-1.9527,0.76354,1.4279,0.90284,6.2694,-2.0459,5.201,5.1439,-1.7657,6.1049,-1.2521,5.5217,-0.092678,-1.1862,1.6333,-1.9783,7.8424,2.8997,1.9133,-0.64535,3.1506,2.5081,4.7581,1.6605,6.3984,6.8222,2.5727,-9.6286,-0.92648,-0.90781,3.8997,-1.5741,-3.8785
-1.3932,-3.784,-1.2346,8.2288,-4.8596,5.8126,-1.5326,0.24578,0.26742,2.1744,-5.5397,0.11044,1.9649,7.0026,5.9935,-9.0935,0.48123,2.5634,0.83638,1.0782,-2.4439,-0.13026,8.8685,4.703,7.4619,0.98612,-1.3412,5.462,8.5567,2.6547,-5.338,-3.5222,-0.041668,-5.1738,0.427,-1.2157,0.49459,0.77414,-2.7492,-4.5239,-1.5857,1.585,9.9966,-10.481,5.2046,4.2451,-0.30958,-0.48985,-0.54607,-0.34307,5.4024,-1.4661,-0.40698,6.6932,6.2289,-7.9482,1.8675,5.6251,-3.0981,6.6037,5.7933,-1.9262,-3.7673,-1.3484,-1.8885,3.0178,0.15448,-1.7868,0.59519,1.1779,0.99813,6.3321,-2.3008,5.6238,5.2003,-1.6867,6.1076,-1.3338,5.421,0.14664,-1.5799,1.306,-2.037,7.6777,2.9967,1.9316,-0.88578,3.3812,2.9416,4.9707,1.8071,6.6544,6.5034,2.9586,-9.9487,-0.74092,-1.248,3.6975,-1.3068,-3.8981
-1.1504,-3.9886,-1.2739,7.7606,-4.4884,5.429,-1.5197,0.40051,-0.044453,1.8412,-5.9529,-0.072604,2.0558,6.9287,6.4414,-9.1384,0.53721,2.5279,0.51849,0.73252,-2.416,-0.017179,8.9289,4.8158,7.1966,1.4093,-1.2155,5.4971,8.7043,2.5873,-5.7637,-3.1648,-0.05205,-5.2664,-0.030113,-1.2331,0.27088,0.81102,-2.2783,-4.6931,-1.5072,1.2349,10.467,-10.297,5.3336,4.3574,-0.080703,-0.22878,-0.10864,-0.59774,5.0892,-1.6467,-0.27288,6.54,6.0386,-8.0957,2.0928,5.282,-3.0303,6.9237,5.562,-1.9745,-3.697,-1.2874,-1.761,2.9811,0.24482,-1.61,0.5674,1.3458,1.469,6.3427,-2.1703,5.2774,4.6993,-1.378,5.8633,-1.6675,5.1063,0.27973,-1.5127,1.4125,-2.0063,7.905,3.4724,1.8609,-0.7612,3.3325,2.9183,4.824,1.9478,6.7186,6.9373,2.7989,-9.9069,-0.73482,-1.6075,3.3972,-1.5398,-3.6892
-0.82744,-4.0371,-1.3361,7.329,-4.0615,5.7722,-1.9528,0.41137,0.095199,1.464,-5.7208,-0.034543,1.98,6.7575,6.5381,-9.1384,0.57611,2.809,0.66655,1.0957,-2.4194,0.095192,8.9105,4.4546,7.5774,1.3885,-1.4655,5.6257,8.6935,2.3571,-6.0534,-3.0709,0.0091157,-5.2372,0.054579,-1.2531,-0.055833,0.68787,-1.9269,-5.0803,-1.3352,1.2846,10.572,-10.269,5.1341,4.8409,0.18641,-0.18474,-0.50617,-0.58886,5.1041,-1.5561,-0.41377,6.1115,5.8878,-8.0367,1.7967,5.7663,-2.9889,6.993,5.3549,-1.7376,-3.5494,-1.4075,-1.6556,3.215,0.10229,-1.6546,0.42399,1.8245,1.4455,6.6376,-2.2152,4.9232,4.8964,-0.92272,5.6989,-1.5838,5.1453,0.38523,-1.6235,1.8252,-1.8781,7.6832,3.9361,1.6219,-0.44223,3.3697,3.0421,5.1591,2.3808,6.7255,7.1382,2.6883,-10.239,-0.50255,-1.9567,3.2899,-1.4077,-3.2863
-0.7003,-3.9341,-1.2504,7.2846,-4.2169,5.5767,-2.1679,0.60964,-0.11005,1.3964,-5.493,-0.54449,2.3253,6.5361,6.603,-8.9484,0.69905,2.8212,0.62321,1.1473,-2.4846,0.041694,8.9736,4.5081,7.8451,0.98565,-1.2741,5.7291,8.9453,2.4186,-6.08,-2.8373,-0.05147,-5.1366,0.34531,-1.0108,-0.24569,0.5059,-1.8301,-4.8597,-1.6977,1.2085,10.708,-10.553,4.9548,4.5058,0.054323,-0.60311,-0.85079,-0.87423,5.4466,-1.776,-0.41831,6.091,5.4761,-7.8589,1.9985,5.8567,-2.8751,7.4037,5.1804,-1.3839,-3.354,-1.6259,-1.4764,3.2361,0.077,-1.6764,0.0043001,1.7981,1.4739,6.3962,-2.2791,4.7436,4.4475,-1.3179,5.6354,-1.2809,5.5295,0.73768,-1.545,1.7891,-1.6274,7.5326,4.4115,1.9365,-0.14583,3.3134,3.0793,4.8967,2.4721,6.4102,7.1285,3.2255,-9.9431,-0.44814,-2.0119,3.2459,-1.2868,-2.9414
-0.40694,-4.2201,-1.5679,7.4961,-4.3652,5.3154,-2.0916,0.52889,-0.41744,1.0344,-5.209,-0.44757,2.3693,6.2812,6.9081,-8.4991,1.052,3.0212,0.54254,1.163,-2.2061,0.20837,9.106,4.3042,7.7039,1.1387,-1.163,5.716,8.8875,2.6156,-6.5182,-3.1885,-0.33944,-5.4764,0.13356,-1.0036,-0.59441,0.54061,-2.2105,-5.0281,-2.0645,1.4338,10.845,-10.443,5.2098,4.5538,0.14414,-0.49218,-0.5951,-0.96751,5.2594,-1.7796,-0.62708,5.7361,5.1943,-7.9026,2.1999,5.8396,-2.4522,7.4564,5.2632,-1.0481,-3.051,-1.8281,-1.6275,3.0349,0.12331,-1.8252,0.14349,2.0778,1.645,6.1458,-2.6271,4.7014,4.1133,-1.0737,5.3317,-1.4085,5.3491,1.0172,-1.3864,2.3339,-1.3112,7.764,4.1305,1.6952,-0.17937,3.3234,3.1463,5.0284,2.894,6.4732,7.4051,3.2757,-9.667,-0.63069,-2.0314,3.0807,-1.3478,-2.7843
-0.18848,-4.3773,-1.2962,7.4349,-3.9933,5.3371,-2.4826,0.4142,-0.8672,1.4506,-4.8038,-0.21003,2.0852,6.4614,7.2072,-8.3644,0.70742,3.1675,0.53038,1.2173,-2.5423,0.20766,9.1632,4.1583,8.1429,1.2424,-1.224,5.7337,8.4394,2.9317,-6.518,-3.568,-0.64566,-5.309,0.062203,-1.3494,-0.48622,0.64559,-1.8059,-5.0735,-1.8851,1.1825,10.911,-10.137,5.1529,4.2984,0.42514,-0.16598,-0.89253,-1.2313,5.4851,-1.5309,-0.62682,5.8395,4.7066,-7.798,2.551,5.974,-2.5703,7.3092,5.0294,-1.1156,-3.1718,-1.8222,-2.0217,2.9924,-0.28311,-1.6942,0.008172,1.9139,1.8129,6.4747,-2.874,4.473,4.4589,-1.2612,5.4649,-0.99007,5.4276,0.97566,-1.1594,2.7925,-1.5875,7.8323,4.3934,1.5843,0.11163,3.2762,3.4109,5.0849,3.233,6.5744,7.2301,3.3889,-9.4598,-0.39133,-1.978,3.0492,-1.6316,-3.1319
-0.62127,-4.4204,-1.2842,7.4057,-4.2311,5.2803,-2.5123,0.17976,-1.2952,1.3485,-4.8968,-0.35413,2.2017,6.268,7.3107,-8.4482,0.21669,3.0338,0.59319,1.0188,-2.4561,0.2167,9.3529,4.0879,8.0533,1.1421,-1.1809,5.2139,8.5726,3.2764,-6.5615,-3.3133,-0.50839,-5.539,0.09146,-1.4607,-0.36397,0.35698,-1.7354,-5.0162,-1.5014,1.601,10.627,-10.228,5.1518,4.7078,0.64847,-0.23271,-0.71284,-1.2692,5.682,-1.1663,-0.98183,5.8158,4.6476,-7.5429,2.6604,6.2503,-2.6133,7.5367,5.5095,-1.072,-2.9374,-1.8413,-2.0102,2.7946,0.1138,-1.6303,0.070979,1.8596,2.1626,6.4622,-2.6743,4.3579,4.3848,-1.11,5.4204,-0.88208,5.764,0.82636,-1.1204,2.494,-1.5269,7.7303,4.5686,1.6263,0.081383,3.0899,3.23,5.5434,3.3276,6.3962,7.2056,3.4902,-9.2585,-0.54911,-1.5698,2.604,-1.6726,-2.9872
-0.68367,-4.0662,-1.0886,7.6979,-4.4405,5.1373,-2.5074,0.37915,-1.2984,1.4398,-4.6695,-0.6301,2.5828,6.5611,7.2257,-8.3934,0.31039,3.0915,0.94687,0.98803,-2.758,0.2455,9.5089,4.4812,7.8036,0.71487,-1.139,5.0024,8.1903,3.1395,-6.7664,-3.343,-0.54797,-5.6562,-0.22113,-1.4911,-0.15827,0.38383,-1.8829,-4.7479,-1.1564,1.6228,10.988,-10.631,5.2206,4.3105,0.64048,-0.4788,-0.927,-1.1558,5.3973,-1.1993,-1.001,6.2363,4.4691,-7.6719,2.9116,6.0064,-2.239,7.6826,5.8739,-1.2181,-2.7491,-1.8445,-2.3576,2.8143,0.01706,-2.1067,-0.0617,1.8034,1.9536,6.1253,-3.1112,4.1814,4.0951,-1.0164,5.3598,-1.0486,5.8771,0.64097,-1.3454,2.477,-1.5487,7.6429,4.482,1.4483,0.18536,2.9551,3.529,5.2395,3.4171,6.3408,6.8564,3.9657,-9.1771,-0.53482,-1.4491,2.6317,-1.4068,-3.3516
-0.67527,-3.8983,-0.99137,7.5073,-4.7933,5.166,-2.5003,0.099641,-0.96785,1.498,-4.5476,-0.83422,2.7841,6.5547,6.9828,-8.3942,0.28885,2.7798,0.94281,0.81945,-2.5886,0.14117,9.144,4.1674,7.679,0.58612,-1.1839,5.156,8.1273,3.3059,-7.1167,-3.28,-0.51365,-5.7089,-0.34732,-1.3878,-0.24953,0.053228,-2.249,-4.5289,-1.2328,1.5742,11.058,-10.58,5.3905,4.5981,0.4189,-0.83132,-0.95106,-0.70161,5.7185,-0.94834,-0.85569,6.1914,4.611,-8.0563,2.5768,5.9642,-2.3491,7.9552,5.9851,-1.353,-2.6589,-1.4311,-2.0991,2.6739,-0.10586,-2.4373,0.38569,1.9261,1.7635,6.4148,-3.2561,4.4943,4.3063,-0.84713,5.4187,-1.4289,6.128,1.0788,-1.6388,2.7781,-1.2527,7.7564,4.6259,1.039,0.18955,2.8351,3.4674,5.5716,3.099,6.2071,7.011,4.4406,-9.0242,-0.20009,-1.8615,2.4193,-1.4291,-3.3593
-0.69902,-3.761,-0.73681,7.5096,-4.7254,4.7409,-2.7951,0.0026922,-1.1134,1.2986,-4.7735,-0.98888,3.1727,6.4248,7.4158,-8.7476,0.50804,2.7827,0.70916,0.65744,-2.195,0.013149,9.4275,3.962,7.7429,0.75908,-1.2467,4.906,8.0676,3.1336,-7.2108,-3.4965,-0.47193,-5.6784,-0.00076475,-1.4952,-0.007055,0.29611,-2.2064,-4.468,-1.2223,1.4112,10.808,-10.52,5.7507,4.7365,0.41221,-0.81524,-0.97881,-0.66401,5.7918,-0.82328,-1.0742,6.2758,4.5032,-7.8006,2.7602,5.694,-2.2166,8.1308,6.1799,-1.1628,-2.6271,-1.8438,-2.1864,2.6658,-0.085901,-2.5523,0.35288,2.0053,2.033,6.6401,-3.2633,4.7821,4.0204,-0.53561,5.467,-1.4414,6.5618,1.0754,-1.6719,2.4735,-1.3908,7.7321,4.8735,0.97749,0.12032,2.7402,3.7586,5.7395,3.1145,6.3019,7.091,4.8307,-8.6535,-0.22502,-2.0954,2.532,-1.0774,-3.6694
-0.80861,-3.822,-1.1186,7.2251,-4.4253,4.8671,-2.3587,0.072864,-1.2529,1.682,-4.7082,-0.65171,3.0621,6.0461,7.2545,-8.2992,0.1045,2.618,1.006,0.8421,-2.2624,0.14538,9.2053,3.7542,7.9817,0.62036,-1.2735,4.6256,7.7186,3.0183,-6.9485,-3.5832,-0.34095,-5.6096,0.052659,-1.5759,0.26147,0.094434,-2.3356,-4.2947,-1.0705,1.3273,10.782,-10.685,5.7483,4.5438,0.31235,-0.79305,-0.76831,-0.55783,5.7295,-1.091,-1.3104,6.3772,4.4728,-7.7823,2.8376,5.6367,-1.941,7.8354,6.0671,-1.2675,-2.5637,-1.9612,-2.6614,2.261,0.14639,-2.6385,0.48905,2.443,1.7416,6.2501,-2.9383,4.6738,4.0969,-0.90937,5.5745,-1.7444,6.4149,1.3722,-1.828,2.759,-1.3965,7.7757,4.7845,0.82314,-0.14732,2.8214,3.7591,6.0507,3.0045,6.6304,7.0235,4.9921,-8.3626,-0.52308,-2.0924,2.5083,-0.75961,-3.4397
-0.86692,-3.4411,-0.81853,7.0785,-4.2937,5.1662,-2.7533,0.35503,-1.6532,1.5211,-4.692,-0.77758,3.3207,6.1291,7.4643,-8.1724,0.28218,2.7352,1.383,1.1147,-2.5528,-0.22455,9.1096,3.7599,7.8003,0.58319,-1.2605,4.7899,7.6289,3.157,-6.9626,-3.5116,-0.18164,-5.3532,0.43791,-1.3567,0.057285,0.48724,-2.4857,-4.187,-1.2343,1.5468,10.667,-10.717,5.7185,4.6619,0.0019869,-0.71353,-0.51291,-0.23282,5.6201,-1.0073,-1.5751,6.4984,4.0548,-8.0015,2.5707,5.8308,-1.7843,7.7436,6.3504,-0.85624,-2.6499,-2.2139,-3.0564,1.9951,0.11789,-2.9864,0.68957,2.4839,2.0586,6.322,-3.2457,4.8629,3.8816,-0.93159,5.2017,-1.7211,6.5836,1.4367,-2.3636,2.6816,-1.4154,7.7031,5.2305,0.49437,0.10675,2.8034,3.8046,5.8889,2.9774,6.7304,6.5544,4.773,-8.5543,-0.24315,-2.3148,2.208,-1.0011,-3.2945
-0.66974,-3.2232,-0.80937,6.8959,-3.9943,5.4149,-2.5965,0.36847,-1.6995,1.617,-4.506,-0.56761,2.9987,5.8024,7.6488,-7.8902,0.37685,3.1331,1.2805,1.4225,-2.6281,-0.25092,8.9894,3.5905,8.2065,0.58166,-1.0526,4.4576,7.4665,3.2627,-6.8361,-3.214,0.073013,-5.7068,0.46752,-1.3973,-0.005988,0.55242,-2.3337,-4.0569,-1.4402,1.536,10.588,-10.726,5.8314,4.8943,-0.14955,-0.95286,-0.19907,-0.083946,5.8781,-1.1481,-1.8049,6.6227,4.2547,-7.5979,2.1028,5.8999,-1.6979,7.4228,6.3709,-0.93692,-2.2226,-2.4424,-3.1115,1.7458,-0.26889,-2.7902,0.79451,2.6049,2.1366,6.1321,-3.2903,4.9189,3.3657,-1.0517,5.2478,-1.4734,6.8802,1.7246,-2.7424,3.1423,-1.7103,7.6697,5.3317,0.32671,0.14208,3.0223,3.7679,5.891,2.6612,6.3461,6.5052,4.8816,-8.4364,-0.47879,-2.6568,2.376,-0.78923,-3.1008
-0.73951,-3.3253,-0.69733,6.7733,-4.3577,5.4508,-2.7436,0.49603,-2.0797,1.5341,-4.2323,-0.27588,3.4913,5.8067,7.7664,-8.2469,0.021522,2.9954,1.3024,1.1116,-2.3233,-0.15747,8.9794,3.684,8.4097,0.45021,-1.0691,4.7303,7.745,3.3803,-6.7295,-3.0719,-0.035886,-5.9496,0.67952,-1.7272,-0.37572,0.64635,-2.2561,-3.4832,-0.99386,1.8084,10.797,-10.484,5.9004,4.6771,0.048175,-1.0256,0.25916,0.047859,5.8494,-1.1441,-1.9864,6.6458,4.2159,-7.3079,1.6606,5.5821,-1.5439,7.2173,6.2054,-1.2617,-2.146,-1.978,-3.1432,1.2658,-0.31011,-3.0149,0.69277,2.7459,2.5964,6.2842,-3.3274,4.8704,3.0082,-1.3624,5.2284,-1.4856,6.8343,1.8169,-3.0425,3.3875,-1.8171,7.4115,5.0427,0.42348,0.18391,3.1345,4.1639,5.8469,2.5884,6.4992,6.8071,4.5267,-7.9381,-0.29393,-3.1078,2.2791,-0.71019,-2.7649
-0.79406,-3.2372,-1.057,6.5318,-4.3097,5.4105,-2.8356,0.20591,-1.9082,1.6496,-4.1884,-0.59013,3.2218,6.1022,8.2273,-7.8604,-0.26481,3.0909,1.3086,1.3335,-2.6933,-0.19928,9.1498,3.7334,8.2306,0.39733,-1.1988,4.6788,7.6353,3.6924,-6.7659,-3.1698,0.13564,-5.6949,0.64655,-1.7831,-0.02824,1.0827,-2.4096,-3.0814,-1.0058,1.8316,11.241,-10.384,6.1583,4.6599,-0.15882,-1.3306,0.24816,0.19727,5.7204,-1.4958,-2.4113,6.5629,4.0113,-6.8583,1.4084,5.3033,-1.5565,7.29,6.0785,-1.2732,-2.3309,-1.8217,-3.1736,1.2308,-0.47539,-2.8475,0.73637,2.3553,2.5053,6.2178,-3.4102,4.8079,3.1145,-1.508,5.6908,-1.7052,7.2181,1.6069,-2.8229,3.2649,-1.6654,7.7323,5.4119,0.65033,-0.082006,2.8253,4.2557,5.7922,2.4595,6.377,6.4495,4.5652,-7.8547,-0.43378,-3.2496,2.3905,-0.94071,-2.6108
-0.71151,-2.9721,-0.92233,6.3784,-4.2063,5.4333,-2.8321,0.24935,-2.1038,2.1606,-4.5723,-0.39189,3.3042,6.1532,8.2862,-7.4359,-0.31193,3.0443,1.4184,1.0943,-2.6076,0.055147,9.5909,3.7941,8.5333,0.056843,-1.2044,4.4745,7.3462,3.3094,-6.8795,-3.3091,0.11499,-5.7897,0.6871,-1.7165,-0.37031,1.0926,-2.1477,-2.5531,-0.55892,1.8004,11.31,-10.147,6.3305,4.7659,-0.035148,-1.2369,0.47278,0.10077,5.4381,-1.6951,-2.3223,6.5836,3.82,-6.5045,1.3292,5.2245,-1.5295,7.3926,6.2217,-1.0338,-2.3686,-1.5708,-3.1949,0.94632,-0.47852,-2.9423,0.36968,2.6636,2.8551,5.9499,-3.0334,4.9834,2.6879,-1.7885,5.8821,-1.7177,7.4243,1.4288,-2.6166,3.4784,-1.8726,8.209,5.7883,0.42458,0.23639,2.5637,4.3743,5.6204,2.2895,6.1824,6.593,4.3775,-7.8768,-0.45153,-3.14,2.2002,-0.91207,-2.7943
-0.70585,-2.8,-0.59836,6.3087,-3.8288,5.295,-3.1845,0.53129,-2.3894,2.4248,-4.2322,-0.12832,3.2805,6.2477,8.082,-7.6836,-0.10148,2.9014,1.4821,1.0371,-2.4956,-0.052935,10.001,4.1043,8.4048,0.31008,-1.0502,4.1717,7.3678,3.1371,-6.816,-2.9384,-0.1081,-6.1944,0.88342,-1.8919,-0.39902,0.82542,-2.0874,-2.3489,-0.76748,1.4989,11.533,-10.296,5.9894,4.7924,0.16324,-1.348,0.73357,0.27346,5.5963,-1.8617,-2.1424,6.3134,3.8106,-6.8241,1.3213,5.3597,-1.6638,7.2715,6.5374,-0.94242,-2.1965,-1.9233,-2.9259,1.2081,-0.54355,-3.4475,0.62668,2.7003,3.2727,6.0243,-3.3512,4.864,2.3462,-1.6533,5.7297,-1.7233,7.1314,1.1082,-2.6047,3.8316,-1.9614,8.4325,6.0962,0.40995,0.12831,2.5772,4.4347,5.5627,2.5258,6.3279,6.7106,4.3814,-7.9706,-0.2287,-3.3375,2.3168,-0.94067,-2.3623
-0.74621,-2.7852,-0.52863,6.0913,-3.4655,5.7021,-3.5842,0.30681,-2.7486,2.2705,-4.5519,-0.20719,3.3339,6.1809,8.247,-7.3866,-0.0020073,2.9765,1.4822,0.90553,-2.6636,-0.033334,10.413,4.3653,8.2157,-0.086755,-0.96724,3.8633,7.5531,3.1752,-6.5294,-3.0678,-0.21097,-6.5793,1.0112,-2.2176,-0.36591,1.0949,-2.0625,-2.414,-0.52999,1.1817,11.486,-10.028,5.9964,5.0729,-0.098755,-1.1622,0.84453,0.7759,5.4906,-1.6952,-2.2813,6.2298,3.7821,-6.8424,1.3097,5.7315,-1.5955,7.4348,6.4592,-0.94244,-2.2325,-1.8758,-3.0853,1.1138,-0.4191,-3.4194,0.95269,2.672,3.4752,5.7519,-3.3046,5.0526,2.3476,-2.0125,5.9271,-1.5403,6.9215,1.0802,-2.5679,3.9283,-1.6863,8.4739,6.1892,0.31277,0.26239,2.4327,4.3885,5.4585,2.5246,6.1806,6.7437,4.2739,-7.6168,-0.026877,-3.6703,2.5307,-1.1808,-2.5844
-1.1852,-2.4297,-0.11841,5.7159,-3.1815,5.7808,-3.1595,0.044386,-2.3537,2.6639,-4.9663,-0.3269,3.5204,6.5047,8.1918,-7.2582,0.43388,2.7408,1.4594,1.34,-2.4387,0.43183,10.395,4.5814,8.306,-0.33331,-0.93108,4.0542,7.2952,3.6621,-6.4576,-3.0012,-0.63159,-6.7913,1.4131,-2.0856,-0.59548,1.5423,-1.7949,-2.2246,-0.76838,1.0936,11.622,-10.227,5.7938,5.1011,-0.11969,-1.1563,0.75721,0.50729,5.6634,-1.8449,-1.9802,6.2992,4.0813,-6.8308,1.1439,5.902,-1.5251,7.0703,6.8021,-1.1479,-2.202,-1.6109,-2.7726,0.91845,-0.19115,-3.6339,0.9136,2.8251,3.1933,5.978,-2.9103,5.0443,2.5109,-2.4162,6.1103,-1.6817,6.8177,0.76439,-2.3472,3.563,-1.9607,8.4879,6.1791,0.41427,0.073119,2.7861,4.8136,5.6171,2.5857,5.9236,7.0699,4.5541,-7.4675,0.49445,-3.9385,2.5507,-1.2999,-2.8786
-1.1882,-2.1337,-0.0067307,5.9346,-3.0725,6.0823,-3.2419,-0.063507,-2.4001,2.6047,-5.3372,-0.41984,3.5714,6.5367,8.5697,-7.2477,0.6022,2.7861,1.7624,1.3076,-2.5526,0.51786,10.469,4.9212,8.1913,-0.25606,-1.0855,3.9365,7.3483,3.9001,-6.7194,-3.2253,-0.81383,-7.1476,1.6807,-2.0878,-0.25228,1.3036,-1.7202,-2.2035,-1.0409,1.0558,11.615,-10.405,5.3925,5.1834,-0.017011,-0.79508,0.89139,0.99941,5.9216,-1.9985,-1.6363,6.3554,4.005,-6.5551,0.9494,5.5502,-1.305,6.8896,7.1144,-1.4908,-1.915,-1.653,-3.0724,0.68448,-0.13358,-3.9581,0.8829,2.634,2.9149,5.94,-2.4817,4.6247,2.4036,-2.3625,6.0267,-1.6524,6.9393,0.74233,-1.9581,3.5929,-1.9247,8.148,6.107,0.73058,0.032697,2.844,4.9943,5.331,2.0783,6.0508,7.3889,4.2084,-7.1883,0.73903,-4.0702,2.6979,-1.2505,-2.8796
-1.3367,-2.2736,0.38124,5.8605,-3.1234,5.6557,-3.3666,-0.46032,-2.3086,2.8222,-5.3661,-0.24255,3.7466,6.7642,8.4838,-7.1818,0.90916,2.7529,1.3537,1.3202,-2.6169,0.71542,10.43,4.9279,8.2569,-0.08092,-0.70102,3.7184,7.1528,3.7183,-6.4988,-3.1671,-1.1383,-7.0022,1.7356,-2.0286,-0.31778,1.4972,-1.476,-2.1418,-0.85846,0.83564,11.665,-10.854,5.3547,5.1959,-0.076498,-1.1545,0.81077,1.1006,5.7013,-1.9638,-1.7468,6.443,3.6779,-6.2223,1.1899,5.6476,-0.99661,6.9279,7.0329,-1.6064,-1.6912,-1.6701,-3.4012,1.0457,-0.31729,-3.7774,0.61691,2.3534,2.9486,6.0659,-2.8453,4.6498,2.2282,-2.3323,6.1783,-1.5562,7.0062,0.845,-1.6388,3.6792,-1.8486,8.363,5.9099,0.57362,-0.35445,3.0974,5.1781,5.8179,2.1893,6.2985,7.7552,4.2188,-6.9426,0.40507,-4.2667,2.8851,-1.4904,-2.9118
-0.98143,-2.4273,0.37297,5.6548,-3.3596,5.9569,-3.6746,-0.36327,-2.3737,2.6925,-5.6933,-0.32464,3.8622,6.4369,8.3347,-7.3143,1.0269,2.7395,1.562,1.1402,-3.1197,0.72113,10.279,4.7804,8.4168,0.067135,-0.5506,3.8508,7.1492,3.4328,-6.8271,-3.0117,-1.1473,-7.0928,1.8181,-2.0493,-0.29892,1.2537,-1.0266,-2.2439,-0.8253,1.0425,11.694,-10.825,5.8614,5.4863,0.077031,-1.2814,1.0897,1.2114,5.7294,-2.1002,-1.4293,6.5307,3.452,-6.4223,1.288,5.563,-1.3953,7.3278,6.8638,-2.0801,-1.9904,-2.044,-2.9162,0.76789,-0.50053,-3.5565,0.89514,2.2379,2.8762,6.2875,-3.2083,4.5986,2.2842,-2.6557,6.2432,-1.3297,6.8288,1.0666,-1.8943,3.9473,-1.7475,8.5607,5.6075,0.70115,-0.84484,2.9033,4.7794,6.0908,2.338,6.3719,7.6166,4.3047,-6.9194,0.81678,-4.5118,2.5029,-1.3059,-3.3079
-0.86426,-2.5353,0.44168,5.6391,-3.116,5.9597,-3.2879,-0.53312,-2.1843,2.9311,-5.7079,-0.2071,4.0951,6.5079,8.1193,-7.5312,1.1369,2.5979,1.5379,1.1805,-3.0183,0.46289,10.085,4.7721,8.3897,-0.0094622,-0.51676,3.9734,6.8293,3.8278,-7.0292,-2.9681,-1.1472,-7.3557,2.1019,-2.2235,-0.68485,1.6396,-1.0068,-2.4318,-0.47096,1.0771,11.702,-10.857,5.8455,5.683,0.23562,-1.5211,0.75887,1.3094,6.1293,-2.2177,-1.0745,6.5945,3.4099,-6.4177,1.4852,5.6298,-1.136,7.4262,7.2571,-2.3524,-2.0532,-2.0337,-2.6049,1.0356,-0.87043,-3.6049,0.62051,2.253,2.712,6.4434,-3.4381,4.9345,2.2493,-2.7992,6.2611,-1.4163,6.8637,0.81328,-2.1408,4.0561,-1.6361,8.8838,5.8313,0.79573,-0.78769,2.8477,4.8895,6.4261,2.4406,6.3224,7.5003,4.3602,-6.6973,0.86526,-4.0464,2.5065,-1.0007,-3.6285
-0.82494,-2.9699,0.018863,5.5515,-3.1461,6.16,-3.2407,-0.52477,-1.8602,3.0963,-5.2905,0.013125,4.2759,6.1985,7.8438,-7.7648,0.85204,2.6761,1.4453,1.3483,-2.8547,0.27451,10.085,4.9299,8.8876,-0.006001,-0.40892,4.044,6.7169,3.8719,-7.1277,-3.4213,-1.3529,-7.3121,1.9928,-2.41,-0.51265,1.9657,-0.93274,-2.1787,-0.46367,1.17,11.83,-10.858,6.1503,5.9477,0.12536,-1.8875,0.76258,1.1075,6.2656,-2.429,-0.89111,6.7308,3.2762,-6.8667,1.1286,5.3704,-0.97153,7.3428,6.8147,-2.4804,-1.887,-1.7872,-2.3208,0.91332,-0.68734,-3.3071,0.51997,2.2992,3.0697,6.7129,-3.6517,5.2617,1.8649,-2.6979,5.9046,-1.5819,6.6645,0.77625,-2.0747,3.9931,-1.7822,8.7128,5.9186,0.73441,-0.90668,3.1399,4.7866,6.8221,2.0523,6.7103,7.5235,4.6923,-6.6492,0.99613,-4.2909,2.7581,-0.94496,-3.4525
-1.3785,-3.254,-0.074954,5.4694,-3.0778,6.4035,-3.4341,-0.47905,-1.6778,3.2227,-5.3119,0.31571,4.1939,6.2153,7.6527,-7.8051,0.64107,2.7337,1.632,1.174,-2.8358,0.074773,9.7497,5.1039,8.7666,0.25802,-0.67939,3.7814,6.6822,3.6782,-6.9659,-3.4249,-1.7071,-7.865,1.7509,-2.5238,-0.79209,2.1715,-0.7822,-2.1143,-0.12869,1.3677,11.888,-10.962,6.3164,6.1524,0.16616,-1.8988,1.0431,0.93258,5.9719,-2.5175,-0.46099,6.7478,3.0026,-6.8613,0.95892,5.5832,-1.2582,7.004,6.8425,-2.8374,-2.0565,-1.7527,-2.3363,0.6587,-1.0768,-3.3435,0.16174,2.1631,3.3985,6.6473,-4.007,5.3333,2.2634,-2.8,5.9716,-1.3038,6.5374,0.81363,-1.9509,4.4652,-1.937,8.7271,5.6816,0.77991,-0.73628,2.8126,5.0263,6.8779,2.0931,6.8401,7.5198,4.3872,-6.3161,1.0341,-4.1767,2.7481,-0.60927,-3.4417
-1.732,-3.1883,-0.41821,5.1201,-2.733,6.6934,-3.3412,-0.21828,-1.7676,2.906,-5.3936,0.45297,4.3023,6.2255,7.8104,-7.8395,0.64853,3.0458,1.5302,0.93454,-2.4179,0.36231,10.142,5.0969,9.3684,0.2254,-0.51705,3.5354,6.1927,3.9522,-7.0127,-3.3765,-1.3962,-7.7098,1.3407,-2.6063,-0.69039,2.137,-0.77745,-2.1616,-0.26205,1.6045,11.768,-10.953,6.2849,6.1305,0.39446,-1.8286,1.4051,1.1732,5.7802,-2.4668,-0.39444,7.0734,3.0877,-7.2794,0.70132,5.6596,-1.0849,7.1726,6.7868,-2.7991,-2.2605,-1.9283,-2.4149,0.45797,-1.3795,-3.5068,0.086821,1.8215,3.4496,6.3739,-3.7447,5.3436,2.0086,-3.0486,6.0734,-1.6364,6.2496,0.80237,-2.1412,4.5117,-1.7024,9.1161,5.7186,0.6394,-0.6397,2.4716,5.009,6.8722,1.9493,6.9016,7.8128,4.2174,-6.1024,1.0966,-3.9464,2.3518,-0.65356,-3.5835
-1.8963,-3.3534,-0.36288,4.9026,-2.7185,6.5605,-2.9608,-0.18362,-1.6322,3.0899,-5.6391,0.7831,4.4981,6.1937,7.7918,-7.6206,0.53792,3.3559,1.6979,0.89944,-2.3641,0.38968,10.049,4.9622,9.5115,-0.088185,-0.77742,3.5233,6.1445,4.0201,-7.4144,-3.3554,-1.1298,-8.1385,1.4194,-3.0004,-0.7855,2.4414,-0.9622,-2.2339,-0.27418,1.4937,11.841,-11.178,6.1871,6.1481,0.62447,-2.0398,1.315,1.0595,5.9097,-2.4652,-0.47014,7.3907,2.9989,-7.4227,0.20224,5.8943,-1.1313,7.3714,7.097,-2.7771,-1.9723,-1.7958,-2.8155,0.66567,-1.2254,-3.5268,0.38387,1.4394,3.8255,5.977,-3.5951,4.8711,1.7913,-2.8846,6.4493,-1.8513,6.3704,0.85137,-2.3358,4.6087,-2.1413,8.9354,5.9852,0.5701,-0.62266,2.7895,4.7632,6.4624,2.2309,6.7422,7.7839,4.4854,-5.8762,0.78486,-3.8105,2.0187,-0.91153,-3.7867
-1.7229,-3.3377,-0.088741,5.0941,-3.0708,6.5872,-2.7217,-0.54482,-1.4882,2.6671,-5.8802,1.0785,4.5012,6.0948,7.7663,-7.7439,0.16978,3.6223,1.6468,0.73918,-2.1694,0.32575,9.995,4.8137,9.6064,-0.098738,-1.0403,3.6155,6.3549,4.0798,-7.6279,-3.2516,-1.2526,-8.0315,1.8131,-3.3198,-0.8572,2.4828,-0.60281,-2.1171,-0.6578,1.5135,11.789,-11.125,5.8117,6.1877,0.6159,-1.9512,1.2221,1.5029,6.1268,-2.3554,-0.4676,7.4761,2.8162,-7.5452,-0.27767,5.6515,-1.2057,7.01,7.0734,-3.0462,-1.7231,-1.561,-3.0432,1.0108,-1.4797,-3.2862,0.66542,1.4258,4.1911,5.9429,-3.5166,4.9205,1.6888,-2.9142,6.5701,-1.6092,6.7067,0.93655,-2.3661,4.3608,-2.388,9.2612,6.0042,0.24538,-0.56539,2.5851,4.9557,6.3335,1.9468,6.938,7.7485,4.9263,-5.7758,0.84251,-3.9338,2.0413,-0.49629,-3.5715
-1.9907,-3.3612,0.23696,5.0122,-3.0386,6.9504,-2.7462,-0.61481,-1.4861,2.8195,-6.1186,1.4154,5.0498,6.0573,7.5318,-7.6764,-0.29484,3.4684,1.7073,1.0033,-2.1571,0.33082,9.9352,4.9183,9.8191,-0.33926,-1.3102,3.4179,5.833,3.8945,-7.7353,-3.2895,-1.4685,-8.1326,1.3763,-3.4582,-0.87433,2.7945,-0.42345,-2.0041,-0.23805,1.0926,11.948,-11.367,5.5008,5.8377,0.37453,-1.8116,1.1463,1.9506,6.2587,-2.5145,-0.57306,7.4933,2.7969,-8.0514,-0.62059,5.8305,-1.4723,7.3082,6.8106,-3.1032,-2.0915,-1.7589,-2.9528,0.96808,-1.4898,-3.2918,1.0236,1.431,4.1986,6.0824,-3.8917,5.049,1.9213,-3.1851,6.5338,-1.9334,7.1118,0.97957,-2.3246,4.3905,-2.0835,9.2482,6.115,0.32291,-0.41418,2.6676,4.8974,6.5144,2.1974,6.988,7.8457,5.3245,-5.7174,0.92173,-3.8697,1.8595,-0.55724,-3.3279
-1.9022,-3.2764,0.22115,5.287,-3.4174,7.1937,-2.7651,-0.37714,-1.3669,3.0249,-6.4135,1.3405,5.0361,6.2299,7.5644,-7.7102,-0.6112,3.6456,1.6781,0.49314,-2.4674,0.15555,10.056,4.9638,9.8892,-0.32541,-1.5978,3.4822,6.1141,3.7801,-7.7558,-3.2673,-1.2201,-8.5314,1.2786,-3.4424,-0.65724,2.8759,-0.418,-2.1854,-0.47275,1.121,12.347,-11.75,5.2178,5.4943,0.15762,-2.1544,1.2385,2.0184,6.1392,-2.4125,-0.24803,7.7845,2.8741,-8.3783,-0.32871,5.6779,-1.4109,7.3403,6.632,-3.3408,-1.9101,-1.3737,-2.835,0.80143,-1.4774,-3.5788,0.99032,1.511,4.0321,6.0871,-4.0339,4.9731,1.9815,-3.3058,6.8664,-2.2775,7.1943,0.71208,-1.8874,4.5729,-2.1378,9.2505,6.4365,0.55147,-0.78656,2.5695,5.0125,6.2594,1.9172,6.739,7.7279,5.21,-5.8242,0.80425,-3.905,1.8915,-0.68803,-3.2193
-1.8622,-2.9744,-0.253,5.0623,-3.1328,7.41,-3.0687,-0.43253,-1.3442,3.1741,-6.3136,1.4109,5.0956,6.5465,8.1011,-7.6265,-0.22155,3.6872,1.2449,0.69799,-2.4656,0.13193,10.403,5.2259,9.8845,-0.48437,-1.2665,3.048,6.024,3.8327,-7.5218,-3.3521,-1.2016,-8.6503,1.0104,-3.2157,-0.92336,2.7808,-0.36118,-1.9308,-0.21542,0.78547,12.436,-11.711,4.9356,5.7073,0.18315,-2.2962,0.97867,2.0264,5.8273,-2.1724,-0.62034,8.0224,2.7333,-8.7152,-0.61214,5.7663,-1.778,7.4224,6.2743,-3.2705,-1.6106,-1.2646,-2.8084,0.53153,-1.5706,-3.7311,0.89427,1.5549,4.0645,6.0647,-4.4206,4.7083,2.2734,-2.8932,7.1619,-2.3213,7.5161,0.89361,-1.6272,5.061,-1.9641,8.9088,6.5778,0.97386,-0.48,2.5574,4.9687,6.2525,2.1847,6.9507,7.6641,5.1932,-5.6004,0.93158,-4.0973,2.0882,-0.40628,-2.9483
-1.7637,-3.2107,-0.01935,4.839,-3.2774,7.4148,-3.0733,-0.49514,-1.42,2.9542,-6.3359,1.0313,5.1894,6.5865,8.0931,-7.2905,0.20421,3.5566,1.0922,0.42794,-2.8348,0.044599,10.247,5.1708,10.165,-0.54083,-1.2246,3.4061,5.844,3.8853,-7.4717,-3.7304,-1.0033,-8.7353,0.99645,-3.1153,-0.96549,2.4251,-0.60452,-2.0296,-0.13615,0.58187,12.331,-12.001,4.7719,5.6843,-0.097711,-2.2832,0.76134,1.9427,5.5915,-2.0621,-0.31142,8.0255,2.5488,-8.7095,-0.46447,5.7298,-1.5147,7.4048,6.405,-3.4556,-1.7257,-1.0543,-2.8161,0.46183,-1.503,-3.7326,0.94387,1.4059,4.2876,6.0288,-4.0655,4.3681,2.2867,-2.7054,6.9536,-2.457,7.7346,0.63503,-1.3815,5.1361,-1.883,8.7168,6.746,1.069,-0.53994,2.1389,4.7053,6.4039,2.3216,6.878,8.0756,5.4152,-5.8819,1.154,-4.0649,2.4488,-0.6988,-3.3557
-1.7618,-3.2865,-0.21483,4.5617,-3.3298,7.3983,-3.1302,-0.51568,-1.6195,2.8324,-6.3045,1.1024,5.1232,6.3573,8.1861,-6.9957,0.55154,3.2247,0.82886,0.44491,-2.8039,0.46542,10.298,5.5333,10.634,-0.57666,-1.156,3.5815,5.5785,3.6417,-7.5665,-3.4508,-0.91458,-8.5057,0.98414,-3.0652,-0.91808,2.1958,-0.62576,-1.5559,-0.15024,0.81227,12.28,-11.682,4.8008,5.8948,0.15032,-2.4574,0.57301,2.0275,5.4883,-2.0608,-0.29473,8.0177,2.5222,-8.6872,-0.85384,5.8463,-1.8176,7.3541,6.6872,-3.1396,-1.6998,-0.88298,-2.7787,0.4853,-1.4451,-3.6074,0.99782,1.0826,4.1147,6.2435,-4.4814,3.9185,2.326,-2.5085,6.8229,-2.5086,7.875,0.82369,-1.3701,4.9077,-2.2315,8.9074,7.0983,0.94083,-0.53993,1.9724,5.041,6.0891,2.4434,6.6261,8.4021,5.414,-5.9184,1.3889,-4.3442,2.6703,-0.42514,-3.2127
-2.2028,-2.8141,-0.40874,4.4441,-3.3498,7.2668,-3.0469,-0.56268,-1.6947,3.1036,-6.5379,0.64807,4.7996,6.7043,8.4015,-6.6392,0.59589,2.8893,0.89462,0.17015,-2.4817,0.1748,9.8807,5.3379,11.16,-0.80577,-1.2439,3.3111,5.7915,3.662,-7.9297,-3.3124,-0.79436,-8.5986,0.95981,-3.3677,-0.53625,2.3408,-0.92583,-1.6402,-0.21617,0.65968,12.573,-11.365,4.5858,5.5373,0.12999,-2.8314,0.85551,1.6964,5.2102,-1.6087,-0.38569,8.0148,2.4575,-8.6164,-0.75144,5.9125,-1.9463,7.3376,6.9139,-3.0042,-1.9183,-1.0054,-2.4165,0.41192,-1.1202,-3.9491,1.0334,1.3847,4.1589,6.4516,-4.4318,3.8803,2.192,-2.7034,6.5364,-2.8983,7.9226,0.93485,-1.3555,5.146,-2.3698,9.2591,7.0107,1.0912,-0.14613,1.8699,5.338,5.7838,2.3698,6.6607,8.5028,5.3117,-6.1067,1.6566,-4.2964,2.6939,-0.33089,-3.276
-2.1189,-2.5558,-0.5902,4.512,-3.0771,7.1317,-3.202,-0.48237,-1.8749,2.8641,-6.9717,0.21506,5.2819,7.1338,8.5139,-6.2945,0.7289,2.7223,1.0315,-0.23938,-2.5099,0.10038,9.9245,5.5414,10.931,-1.1105,-1.3371,3.4052,5.3812,3.6916,-8.3378,-3.4024,-0.87449,-8.4884,1.0556,-3.2271,-0.50822,2.0981,-0.75437,-2.0003,-0.38085,0.23576,12.521,-11.717,4.683,5.5839,-0.24341,-2.9933,0.86041,2.0617,4.8767,-1.1686,-0.23842,8.0856,2.2351,-8.9585,-0.64384,5.7389,-1.8653,6.9993,7.2327,-2.747,-2.1816,-1.3599,-2.3588,0.52851,-1.3135,-3.8142,0.86803,1.5613,4.4287,6.2723,-4.1065,3.6957,2.1952,-2.7448,6.0771,-2.5294,7.775,0.85926,-1.6426,5.3599,-2.6778,9.3956,7.393,1.1439,-0.18452,1.7636,5.4922,5.535,2.7066,7.0513,8.6293,5.3446,-6.2239,1.8558,-3.7965,2.3512,-0.35535,-3.3499
-2.0891,-2.8427,-1.0069,4.6545,-3.219,7.1391,-3.0886,-0.36993,-1.8425,2.9541,-6.7591,0.56967,5.2285,6.9116,8.9663,-6.0127,0.74415,3.0537,1.1453,-0.23151,-2.4169,0.38571,10.011,5.4762,11.279,-1.389,-1.1354,3.4336,4.9831,3.559,-8.653,-3.0434,-0.69089,-9.0141,1.0856,-3.4792,-0.66127,2.3261,-0.41082,-2.099,-0.46684,0.1912,12.365,-11.723,5.0274,5.3682,0.14773,-2.719,0.85825,2.1243,5.0776,-1.1559,-0.61755,8.1069,2.4375,-8.9358,-1.0802,5.9561,-2.3123,7.1024,7.0261,-2.8171,-2.2987,-1.6616,-2.4219,0.15126,-1.1079,-3.7477,1.1722,1.148,4.7394,6.3406,-3.8839,3.2923,1.8636,-3.1419,6.1359,-2.4563,7.7353,0.67239,-1.7392,5.63,-2.3528,9.4064,7.5474,0.92629,-0.57368,1.9829,5.6866,5.8521,2.7733,6.6071,8.7541,5.7059,-6.1162,2.2601,-3.287,2.2896,-0.033122,-3.3381
-2.0925,-2.3013,-1.3179,4.3762,-3.3147,7.0587,-2.9739,-0.54631,-1.7656,2.6029,-7.3061,0.45632,5.4101,6.55,9.3553,-6.0008,1.0126,2.6283,0.90782,-0.065603,-2.107,0.52407,9.8925,5.5534,11.417,-1.3616,-0.99087,3.1461,5.302,3.43,-8.1944,-3.2287,-0.6875,-8.9555,0.81567,-3.6671,-0.66439,2.562,-0.022314,-1.6565,-0.73727,0.071555,12.749,-11.505,5.5004,5.5824,-0.0069627,-2.7364,0.87064,2.1505,5.214,-0.96667,-0.8956,8.1755,2.3608,-9.0997,-1.4773,5.9384,-2.102,7.2337,6.653,-2.9687,-2.5777,-1.4977,-1.9369,0.19514,-0.94542,-3.6998,1.2919,0.89209,4.9344,6.0717,-3.8782,3.2548,2.0852,-3.0519,6.3856,-2.0923,7.6967,1.1433,-2.042,5.4288,-2.7724,9.4166,7.6755,1.1233,-0.28037,1.8592,6.066,6.2327,3.0451,6.4464,8.7187,6.0071,-6.2282,2.8703,-3.3037,2.1655,-0.27058,-3.0945
-2.0314,-2.2945,-1.5362,4.3113,-3.2055,7.2716,-2.8319,-0.55824,-1.8064,2.7162,-7.3078,0.1453,5.7802,6.6705,9.0082,-5.7791,0.89005,2.5195,0.52205,-0.4687,-2.1116,0.65787,9.5595,5.2029,11.79,-1.6677,-0.87624,3.0675,5.1963,3.6324,-8.01,-3.5655,-0.7578,-8.9272,0.58905,-3.9784,-0.87088,2.9341,-0.054378,-2.0211,-1.1164,-0.27846,12.831,-11.769,5.427,5.6797,0.11754,-3.0496,0.74331,2.1227,5.1169,-0.59818,-0.54203,8.1618,2.4476,-9.5108,-1.8331,5.7649,-2.0562,7.1044,6.5512,-3.3031,-2.4931,-1.5724,-2.2459,0.51595,-0.80795,-4.0902,1.1756,0.67816,4.5731,6.0997,-4.0257,3.5762,1.8071,-3.1159,6.6299,-2.1807,7.6087,1.2207,-2.2866,5.8751,-3.1681,9.7455,7.6517,1.0766,-0.205,1.817,5.7803,6.1953,3.0219,6.3024,8.652,6.4214,-6.2896,3.2117,-3.254,2.356,-0.54433,-3.323
-2.2363,-2.2748,-1.7584,3.7813,-3.0277,6.8905,-2.799,-0.94861,-1.6936,2.8774,-7.5004,0.0095148,5.7694,6.5464,9.0776,-5.8792,1.0753,2.2322,0.7784,-0.11221,-2.5351,1.0773,9.3232,5.1823,11.909,-1.9735,-0.54223,3.2931,4.9991,3.7206,-8.1941,-3.9154,-0.67443,-9.4329,0.91912,-3.8863,-0.6877,3.1277,-0.10236,-1.8378,-1.3635,-0.34527,12.862,-11.706,5.476,6.0093,0.48124,-3.0514,0.7994,2.2731,5.1537,-0.39465,-0.60298,7.73,2.3377,-9.8601,-2.2607,5.8504,-2.0654,7.0617,6.5791,-3.1105,-2.2873,-1.1661,-2.2229,0.8607,-1.1794,-4.0454,1.3633,1.083,4.6088,5.9941,-4.1731,3.2506,1.8414,-2.84,6.5556,-2.0114,7.8438,1.138,-2.6448,6.2903,-3.2131,9.5824,7.2359,1.0435,-0.31763,1.2754,5.4339,6.5367,3.1121,6.3419,8.3904,6.1381,-6.6321,3.7792,-2.8779,1.9873,-0.4828,-3.143
-1.9746,-2.253,-1.8419,3.5278,-2.9958,6.8315,-2.6368,-0.68823,-1.8479,2.975,-7.6779,-0.14238,5.7774,6.4877,9.1286,-5.8309,0.80494,2.3624,0.52967,-0.35812,-2.1981,1.0891,8.7904,4.786,11.701,-2.0066,-0.20507,3.1482,4.7974,4.0476,-8.0902,-3.7921,-0.78617,-9.9048,1.1192,-4.1394,-0.49733,2.9109,-0.25108,-1.7393,-1.2338,-0.72794,12.851,-12.119,5.7258,6.0131,0.62265,-3.084,1.1779,2.2429,5.5045,-0.26366,-0.65201,7.4625,2.373,-9.8784,-2.7562,5.8158,-1.8379,7.0358,6.7642,-2.8115,-1.8142,-1.4681,-2.4306,0.61561,-0.9711,-4.2175,1.3834,1.0119,4.8967,6.3516,-4.085,3.381,1.5098,-2.8117,6.4618,-2.0032,7.5406,1.0869,-2.6796,6.5244,-3.6398,9.6402,7.2539,1.3443,-0.15268,1.084,5.6864,6.5147,3.622,6.1719,8.4064,6.2602,-6.839,3.9658,-2.7024,1.9117,-0.19843,-3.2461
-1.9098,-2.2377,-2.0648,3.0467,-2.8583,6.7447,-2.8018,-0.65775,-1.8827,2.7427,-7.8139,-0.27728,5.8857,6.5772,9.0091,-5.6111,1.1962,2.3859,0.75633,-0.38083,-2.0685,1.0642,8.4452,4.8812,11.734,-1.9318,-0.062523,3.3792,4.8435,4.2364,-8.1123,-3.5672,-0.98585,-10.041,0.88082,-4.3414,-0.48306,3.0796,-0.068615,-1.7142,-1.6955,-1.0366,12.953,-11.893,6.046,6.1843,0.56898,-2.948,1.0791,2.6543,5.4047,-0.52974,-0.88857,7.3306,2.0649,-9.7368,-2.7745,5.9314,-1.466,7.2656,6.7267,-2.4719,-1.4074,-1.4078,-2.7657,0.25379,-1.0344,-3.8274,1.4018,0.9126,4.6509,6.4209,-3.9949,3.2755,1.324,-3.1281,6.3473,-2.1456,7.5386,1.0173,-2.7871,6.3782,-3.6461,9.2929,7.4493,1.5892,-0.028092,0.89834,5.9817,6.8641,3.9679,6.2949,8.0784,6.3043,-6.6972,3.8584,-2.2748,1.6576,-0.38688,-2.9784
-1.9905,-2.282,-2.4297,2.9925,-2.5008,7.0161,-2.9572,-0.85497,-1.662,2.5299,-7.8323,-0.3591,5.9859,6.5862,9.0908,-5.63,1.4822,2.1901,0.97119,-0.82456,-2.1033,1.1948,8.3461,4.8518,11.8,-1.7704,-0.071288,3.3656,4.7801,4.158,-8.0558,-3.4573,-1.059,-10.17,0.57474,-4.1674,-0.38179,3.1633,-0.089704,-1.7678,-1.7918,-1.1543,12.856,-11.845,5.8647,6.3193,0.67723,-2.7105,1.129,2.4551,5.4834,-0.48829,-0.68031,7.3896,2.0128,-9.6337,-2.5128,5.9573,-1.2734,7.1949,6.9564,-2.6834,-1.2099,-1.3563,-2.7764,0.14935,-1.1664,-3.8454,1.5304,1.1175,4.8897,6.2865,-3.7347,3.3927,1.2226,-3.2268,6.3569,-2.1483,7.0762,0.75329,-2.6882,6.4794,-3.868,9.198,7.4569,1.4062,0.021,0.70491,5.6364,6.5868,3.6337,6.4482,8.1567,5.8695,-6.6375,3.7729,-2.2036,1.8239,-0.16456,-2.8525
-2.0126,-1.9885,-2.6302,3.0734,-2.811,7.2387,-3.2959,-1.0087,-1.7809,2.2518,-7.95,-0.1822,6.2021,6.2517,9.0802,-5.7453,1.8233,2.5107,0.82362,-0.83888,-1.9933,1.3473,7.8742,4.781,11.945,-1.5254,-0.1778,3.0985,4.4166,4.1209,-7.968,-3.7602,-0.97358,-10.165,0.49531,-4.1323,0.044026,3.5922,-0.51221,-1.5579,-2.1729,-1.3523,13.295,-12.081,5.544,6.1768,0.90404,-2.4834,1.4091,2.231,5.8072,-0.77909,-0.27765,7.4349,2.0824,-9.5818,-2.8819,5.7097,-0.98623,7.3157,6.6536,-2.4035,-1.0517,-1.2559,-2.7192,-0.2959,-1.3247,-3.9578,1.3818,0.90894,5.2165,6.1106,-4.0604,3.0817,1.0936,-3.1703,6.0969,-2.2631,7.0235,0.93239,-2.7231,6.3274,-4.2038,9.011,7.4039,1.2082,0.1871,0.54561,5.9443,6.6557,4.1151,6.442,7.83,5.9112,-6.506,4.137,-2.3737,1.7007,0.16139,-2.6518
-2.5228,-1.9826,-2.8305,3.3906,-2.4883,7.4834,-3.7485,-1.089,-1.7047,2.1249,-7.8292,-0.23961,6.4857,6.3753,8.6963,-6.0791,1.8195,2.3812,0.56892,-0.96572,-2.2752,1.6333,7.7084,5.1974,12.297,-1.4075,0.2169,3.4419,4.333,4.2748,-8.0034,-3.4467,-0.90165,-10.532,0.42486,-3.8277,0.18366,3.8594,-0.29246,-1.2367,-2.1772,-1.1602,13.547,-12.338,5.6238,6.52,0.92488,-2.655,1.481,2.5138,5.5445,-0.90082,-0.51661,7.0981,1.8722,-9.6519,-3.2626,5.2407,-0.87283,7.0475,6.9028,-2.7497,-1.0152,-1.31,-2.6285,-0.56538,-1.6821,-3.6893,1.4081,0.83844,5.3811,5.8345,-4.0338,3.3139,0.87214,-3.2348,6.2562,-2.5079,6.5285,1.1767,-2.5042,6.5302,-4.5396,9.3548,7.4441,1.1749,0.40672,0.53143,5.8572,6.3718,4.1016,6.6482,7.329,5.7051,-6.7165,4.1245,-2.2706,1.8658,0.25624,-2.5525
-2.3596,-2.1023,-3.0769,3.7361,-2.8322,7.6539,-3.659,-1.304,-1.7738,2.456,-8.0107,-0.29533,6.2634,6.3199,8.6836,-6.066,1.6051,1.96,0.38586,-1.2743,-2.2712,1.5914,7.5475,5.437,12.331,-1.3666,0.031602,3.6667,4.1238,4.5264,-7.6251,-3.3871,-0.66083,-10.39,0.29412,-3.4639,0.58069,3.5783,-0.30385,-1.0527,-2.1216,-1.4809,13.518,-11.896,5.8545,6.9904,0.62625,-2.5167,1.5592,2.8301,5.8612,-0.54829,-0.86921,7.023,1.5195,-9.9134,-3.4048,5.194,-1.1942,6.7825,7.1772,-2.4575,-1.2152,-1.2972,-2.69,-0.71228,-1.9434,-3.8442,1.3794,0.36353,5.0935,5.9449,-3.9395,3.4754,1.1869,-2.9314,6.2792,-2.5065,6.2475,0.93472,-2.109,6.2586,-4.8642,8.9863,7.1905,1.0913,0.14029,0.13278,5.9227,6.6822,3.7245,6.7334,7.3892,5.7735,-6.4014,3.8595,-2.2274,1.7509,-0.20053,-2.8957
-2.4947,-1.9057,-3.3608,3.4419,-2.4334,7.5822,-3.9031,-1.2413,-1.9047,2.1549,-8.1927,-0.13028,6.3871,6.1814,8.5237,-6.3107,1.8308,1.7191,0.054496,-1.3759,-1.8996,1.8753,7.5678,5.141,12.741,-0.97335,-0.018266,4.0759,4.1998,4.6431,-7.7225,-3.4114,-0.6445,-10.544,0.51495,-3.5461,0.55095,3.871,-0.10914,-1.2834,-1.9245,-1.0839,13.518,-12.085,5.915,7.2655,0.62049,-2.529,1.7466,2.7281,5.8589,-0.09931,-0.78628,6.6736,1.5643,-9.9019,-3.5298,5.3085,-0.97016,6.5054,7.057,-2.0174,-1.1004,-1.1358,-2.9774,-0.51236,-1.9562,-4.2068,1.479,0.28923,5.0691,6.2419,-4.1711,3.2875,1.0938,-3.056,5.9108,-2.3156,6.1945,0.99655,-2.3852,6.3464,-4.879,8.8071,7.1217,0.92437,-0.25614,-0.069179,5.9691,6.8756,3.7778,7.1071,7.1181,6.0452,-6.0131,3.9036,-2.3675,1.6464,0.15708,-3.1714
-2.6523,-1.7976,-3.4599,3.5901,-2.6118,7.5907,-3.9857,-1.2268,-2.264,1.801,-8.312,-0.40811,6.6873,5.7539,8.4856,-6.1903,1.7309,1.2382,0.16088,-1.0376,-2.0266,1.7629,7.9613,5.3512,13.075,-0.95638,0.28443,3.9217,4.007,4.8531,-7.776,-3.1149,-0.82172,-10.663,0.054513,-3.3254,0.79475,3.4772,0.2168,-1.4011,-1.5934,-0.96836,13.543,-12.233,5.7017,7.2929,0.53898,-2.6783,1.8806,2.7854,6.0462,0.029076,-0.93278,6.2762,1.4271,-9.8854,-3.6221,5.232,-1.2268,6.3031,7.2113,-1.6588,-1.1515,-1.21,-2.8786,-0.10549,-1.8255,-4.018,1.7395,0.55978,5.1085,6.5782,-4.5128,3.2137,1.3638,-2.9063,5.9047,-2.5667,6.0152,1.2276,-2.6812,6.861,-4.7515,8.8972,7.0474,1.2482,-0.58927,-0.12122,6.2765,7.2661,3.7324,7.1588,6.9355,5.8234,-5.6719,3.8408,-2.585,1.7864,0.19997,-3.4197
-2.611,-1.7799,-3.5239,3.5531,-2.6023,7.2061,-4.0904,-1.2549,-2.2533,1.9509,-7.9374,-0.74472,6.4794,5.8108,8.3605,-6.3759,1.6754,1.1495,0.55192,-1.1231,-2.1505,1.4325,7.9289,5.3706,13.007,-0.62282,0.41285,4.3994,4.0313,5.2349,-7.6156,-3.2521,-0.92741,-11.001,0.25774,-3.4158,0.53848,3.3457,0.36588,-1.205,-1.6354,-1.1022,13.443,-12.433,5.8439,7.7695,0.72338,-2.4559,1.6301,3.0122,6.2338,0.09998,-0.85506,6.4739,1.2906,-10.058,-3.5003,4.8408,-1.5566,6.4788,7.3642,-1.6543,-1.3758,-1.1108,-2.3693,-0.51602,-2.0132,-4.2492,1.4971,0.2758,4.7964,6.3874,-4.556,3.048,1.6882,-2.9306,5.6421,-2.7877,5.8185,1.0771,-2.4683,6.7865,-5.0189,8.7285,7.4282,0.90198,-0.52915,-0.40677,6.302,7.1257,3.8556,7.2761,6.8644,5.8932,-5.2914,3.6968,-2.4657,1.6009,0.15193,-3.2564
-2.7758,-1.3941,-3.4726,3.3932,-2.1064,7.1911,-4.3511,-1.3487,-2.4717,1.9045,-7.8816,-0.93647,6.4342,5.4893,8.1042,-6.2274,1.5505,1.0333,0.18573,-0.95792,-1.8003,1.6282,7.4954,5.5191,13.15,-0.64017,0.3167,4.8547,3.7704,4.9672,-7.563,-3.1706,-0.49109,-10.999,0.16019,-3.3883,0.95784,2.9465,0.30103,-1.3389,-1.7626,-0.99465,13.194,-12.129,6.0226,7.4514,0.7456,-2.7288,1.8301,3.0117,5.9301,0.1332,-0.75819,6.2829,1.3178,-9.7762,-3.3618,4.9509,-1.6299,6.5188,7.6308,-1.6861,-1.2958,-1.0347,-2.2053,-0.52102,-2.0137,-4.5739,1.4741,0.37588,5.1444,6.2689,-4.5901,3.1656,1.5775,-2.9114,5.5491,-2.5219,6.1062,1.0903,-2.5155,6.6659,-5.0631,8.7193,7.075,0.55975,-0.80913,-0.39516,6.5062,6.7711,3.9444,7.0943,7.1672,6.1682,-5.3503,4.0871,-2.5227,1.8963,0.19446,-3.2379
-2.5234,-1.6196,-3.4371,3.2866,-2.0261,7.0237,-4.0426,-1.1822,-2.5624,1.542,-7.9571,-0.92943,6.7765,5.3395,7.8796,-6.5893,1.5116,0.70554,-0.18366,-1.2972,-1.833,1.7519,7.3345,5.4594,12.936,-0.34884,0.67416,4.6527,4.1806,5.0533,-7.4385,-3.1218,-0.20962,-10.983,-0.29533,-3.3687,1.2285,3.3102,0.25345,-1.293,-1.6036,-0.95034,13.148,-12.297,6.5319,7.821,0.37725,-2.9219,2.0253,3.0523,6.0797,0.068681,-0.46876,6.3988,1.1537,-9.3318,-3.336,4.5042,-1.8805,6.5105,7.5648,-1.7304,-0.96874,-0.84104,-2.0358,-0.95495,-2.1193,-4.3198,1.6199,0.11011,5.1307,6.4092,-4.5437,3.3928,1.8157,-3.0113,5.6413,-2.5326,6.288,0.84634,-2.4368,6.4388,-4.8859,8.8923,7.062,0.10266,-0.67426,-0.86197,6.5833,6.7998,4.1759,7.3952,7.0795,6.0593,-5.0905,3.7985,-2.1726,1.9027,0.37232,-3.5104
-2.4919,-1.7966,-3.3113,3.3749,-1.6989,6.5887,-4.144,-1.0052,-2.2222,1.6619,-8.1612,-1.3732,6.7859,5.2107,7.5995,-6.7442,1.6366,0.66011,-0.52403,-1.0073,-2.0482,1.902,7.223,5.6583,12.939,0.11221,0.80965,4.2767,4.1199,4.6168,-7.3344,-2.8405,0.11583,-10.813,0.02387,-3.3464,1.0158,3.3598,0.2238,-1.3476,-1.2605,-1.3555,12.941,-12.037,6.8209,8.1235,0.70515,-3.3569,2.3447,2.9807,5.8658,-0.22415,-0.34203,6.8086,0.6454,-9.3173,-3.28,4.4836,-2.1153,6.6621,7.157,-1.9448,-1.0973,-0.45829,-2.0574,-0.95604,-2.0952,-4.5669,1.8177,-0.047572,5.0509,6.46,-4.5073,3.0177,1.7946,-2.8451,6.0162,-2.6612,6.0897,0.68413,-2.5112,6.5527,-4.9631,8.9303,6.8056,0.003623,-1.0007,-1.2747,6.2634,6.9142,4.5102,6.9056,6.6963,5.7222,-5.0954,3.9123,-2.0377,2.4561,0.018966,-3.8336
-2.2631,-1.5755,-3.3205,3.1743,-1.9251,6.2555,-3.8014,-1.1685,-2.0891,1.548,-8.4405,-1.1176,7.0674,5.0371,7.4006,-7.0986,1.4421,0.23903,-0.91556,-0.77873,-1.894,1.8318,7.5723,5.4838,13.076,-0.24912,1.1333,4.2473,4.0502,4.563,-7.0778,-2.7838,0.24822,-11.068,-0.094577,-3.5642,0.9769,3.521,-0.079153,-1.491,-1.5019,-1.6544,12.866,-12.526,7.0494,8.5211,0.43835,-3.0117,2.5944,2.9001,6.2814,-0.3488,-0.22507,6.6732,0.12855,-9.4855,-3.4118,4.4933,-2.3352,6.9415,7.4099,-1.8336,-1.2241,-0.41929,-1.9892,-0.85716,-2.0259,-4.35,1.7914,-0.39169,5.1661,6.583,-3.9661,2.5822,1.8158,-2.9533,5.7179,-2.7205,6.1128,0.70705,-2.0861,6.6519,-5.3167,8.9316,6.9833,0.022082,-0.60953,-1.5853,6.1035,6.7367,4.3908,6.5372,6.6967,5.4208,-5.2635,3.7683,-2.2644,2.4238,-0.035133,-3.5593
-2.2485,-1.2309,-3.2142,3.31,-2.1125,6.5323,-4.2479,-1.06,-2.4096,1.7912,-8.4599,-1.3018,6.9675,4.7172,7.5066,-7.001,1.5553,0.18358,-1.0435,-1.075,-1.8825,2.0416,7.2123,5.7127,12.789,-0.20859,1.0993,4.2499,4.0931,4.9761,-7.2541,-3.0708,-0.16513,-11.162,0.067916,-3.5604,0.79829,3.4032,-0.20194,-1.9078,-1.7598,-1.3784,12.856,-12.42,6.9863,8.5201,0.87073,-2.5845,2.8877,3.0513,5.929,-0.40145,-0.34099,6.9399,-0.012062,-9.336,-3.194,4.5834,-2.3148,7.3181,7.1776,-2.371,-0.9715,-0.28511,-1.7495,-0.68907,-1.8555,-4.3739,1.9916,-0.39656,5.2935,6.5542,-3.6437,2.5281,1.6422,-3.1531,5.8019,-2.9246,5.8167,1.0078,-2.0242,6.6211,-5.679,9.1717,6.99,0.32065,-0.61602,-1.9632,6.2158,6.9086,4.6002,6.5131,6.5719,5.3546,-5.505,4.2097,-2.148,2.189,-0.17782,-3.7546
-2.0781,-1.3865,-2.9082,2.8257,-2.0891,6.5318,-4.5352,-1.1843,-2.7769,1.8751,-8.5454,-1.2042,7.2086,4.5769,7.2987,-6.8965,1.7706,0.39517,-0.81558,-0.73769,-1.9026,1.7081,7.3622,5.7018,12.717,-0.29091,1.0707,4.4193,4.2449,4.8503,-6.7925,-2.91,0.070213,-11.186,0.44907,-3.8949,0.40752,3.4323,-0.52936,-1.7798,-1.843,-1.5428,12.765,-12.899,7.0397,8.8656,1.0481,-2.8386,2.8748,2.7375,6.2188,-0.019427,-0.065646,6.7168,-0.189,-9.0638,-3.1856,4.5288,-2.3187,7.3429,7.2235,-2.5853,-1.2374,-0.23997,-1.6391,-0.95098,-1.9019,-4.2077,2.109,-0.58049,5.2741,6.5213,-3.837,2.5138,1.6496,-3.3401,5.5882,-2.83,5.7903,0.89929,-2.1096,6.3729,-5.6394,9.0864,6.63,0.27372,-0.41774,-2.3519,6.2018,7.2636,4.7183,6.7654,6.5963,5.5706,-5.3577,3.916,-2.4178,2.1674,-0.14666,-3.7675
-2.2118,-1.2915,-3.2248,2.5859,-1.7655,6.536,-4.5879,-1.5727,-3.0497,1.8355,-8.425,-1.3947,6.932,4.6716,7.375,-6.8697,1.8765,0.34211,-0.45244,-1.0767,-1.5973,1.601,7.4154,5.6628,12.848,-0.25273,0.92385,4.181,4.6309,4.9372,-6.7301,-2.969,-0.013012,-11.257,0.30387,-4.0099,0.30964,3.1288,-0.46694,-1.761,-1.8747,-1.6019,12.922,-12.855,7.5391,8.7019,0.89973,-2.5694,2.9432,2.8684,6.023,-0.25253,0.19563,6.8151,-0.56325,-9.0215,-3.1804,4.6027,-1.8968,7.2986,7.2937,-2.6769,-1.1204,-0.17094,-1.403,-1.3502,-2.1944,-4.1073,2.4859,-0.41951,5.2507,6.2659,-3.8643,2.8863,1.4649,-3.234,5.6093,-3.0358,5.4637,0.93555,-2.3564,6.7981,-5.3611,9.1838,6.6467,0.29233,-0.62923,-2.3309,6.2764,7.3081,4.8717,7.0245,6.483,5.8839,-5.013,4.092,-2.3549,1.9998,-0.18446,-3.6537
-2.292,-1.6186,-3.3199,2.67,-1.9551,6.4,-4.7511,-1.2136,-3.0984,1.985,-8.7071,-1.5544,7.2728,4.5865,7.302,-6.4723,1.9009,0.0041428,-0.58416,-0.82498,-1.6796,1.5188,7.6923,5.6514,13.257,-0.10116,0.93695,3.8438,4.5057,4.8337,-6.9339,-3.2641,0.039558,-11.432,0.61968,-3.9412,-0.11305,2.91,-0.58334,-1.5793,-1.7736,-1.4438,13.192,-12.849,7.7961,8.5848,1.1934,-2.2071,3.0831,2.748,6.4228,-0.31488,0.20369,6.7676,-0.36289,-9.0433,-3.2665,4.4944,-1.8562,7.6082,7.1759,-2.9159,-1.1749,-0.1257,-1.3763,-1.8989,-2.2947,-4.1186,2.2801,-0.40078,5.3003,6.1427,-3.8969,2.7889,1.4877,-3.2939,5.6594,-3.3381,5.2502,0.71482,-2.6285,6.7933,-5.0785,9.2085,6.6251,0.59627,-0.20852,-2.3544,6.316,7.3818,5.3114,6.9687,6.6047,5.9574,-4.9934,4.3087,-2.4198,2.1045,-0.027972,-3.1804
-2.6141,-1.7386,-3.2872,2.7145,-1.9785,6.9542,-4.7942,-0.84126,-2.7316,2.1655,-8.7842,-1.3749,6.9481,4.7254,7.278,-6.7864,1.8802,0.13327,-0.68051,-0.83547,-1.4215,1.771,7.7452,5.5919,13.289,-0.029227,0.88426,3.9332,4.3341,5.1462,-6.7002,-3.2323,-0.21634,-11.749,0.23043,-3.9143,-0.37125,2.8996,-0.8424,-1.5096,-2.1811,-1.5885,13.49,-12.719,8.3073,8.5916,0.95642,-2.3493,3.4795,2.8692,6.1411,-0.025098,0.2602,6.6666,-0.71264,-9.2139,-3.0483,4.3538,-1.8976,7.2151,7.4551,-2.6981,-1.1783,-0.19362,-1.3978,-1.7227,-1.9889,-4.1314,2.3761,-0.32925,4.9736,6.4494,-3.9696,2.4781,1.7096,-3.2034,5.6303,-2.9287,5.484,0.40112,-2.6562,6.7979,-4.7679,8.8328,6.3399,0.4019,-0.38477,-2.1943,6.5029,7.6596,5.3846,7.0659,6.5635,6.1923,-5.0187,4.6922,-2.2019,2.0786,0.23864,-3.4633
-2.8322,-1.9427,-3.2835,2.5386,-1.7449,6.8098,-5.1151,-0.85445,-2.587,2.539,-8.6068,-1.4364,7.0527,4.8767,7.4405,-6.6526,1.6228,-0.047275,-0.29578,-1.0711,-1.5041,1.4537,7.6684,5.9051,13.28,0.28365,0.65686,3.9421,4.8649,5.3695,-6.5129,-3.3649,0.15376,-11.67,0.48999,-4.0717,-0.17006,2.636,-1.0272,-1.3633,-2.1331,-1.8834,13.132,-12.451,8.4625,8.7442,1.3756,-2.0576,3.2798,2.8175,6.0138,0.31781,0.12509,6.6435,-0.65373,-9.4166,-2.9313,4.427,-2.0561,7.4138,7.2081,-2.4214,-0.9985,0.25124,-1.3069,-1.9054,-2.2651,-4.1378,2.3028,-0.81985,5.1119,6.331,-4.2492,2.5407,1.7243,-3.3871,5.5136,-2.9009,5.591,0.355,-2.7979,6.8385,-4.9509,9.2082,6.5752,0.37604,-0.65849,-2.2776,5.9706,7.6063,5.3766,7.2006,6.5306,6.2566,-5.3072,4.7183,-1.7738,1.9553,0.15337,-2.984
-2.9204,-2.1135,-3.3864,2.5842,-1.4889,7.1619,-5.4913,-0.62558,-2.2839,2.653,-8.5571,-1.1593,7.1393,4.9249,7.0823,-6.9598,1.784,-0.040724,-0.4059,-1.2199,-1.3382,1.3583,7.6893,5.6137,13.354,0.16637,0.50559,4.0383,5.0994,5.3578,-6.1003,-3.3119,0.040504,-11.434,0.3281,-4.0846,-0.51874,2.3857,-0.73921,-1.1273,-2.0248,-1.9255,13.281,-12.614,8.6174,8.684,1.374,-2.4705,3.6552,3.1221,6.4373,0.40994,0.28044,6.6167,-0.56013,-9.6281,-2.8678,4.2048,-1.9846,7.1499,7.1547,-2.3069,-0.86769,0.54835,-1.3916,-2.2392,-2.5596,-4.2622,2.2802,-0.63576,5.4082,6.4069,-4.1556,2.6942,1.8318,-3.7249,5.5062,-2.6181,5.4976,0.0067295,-3.0551,6.9802,-5.2899,9.2721,6.4362,0.40286,-0.82423,-2.4995,5.9721,7.5188,5.4723,6.8141,6.254,6.2188,-4.8623,4.318,-1.5742,2.0805,-0.37334,-2.7844
-2.8107,-2.5339,-3.2333,2.4855,-1.3335,7.3139,-5.9009,-0.78594,-2.6117,2.842,-8.5835,-1.0931,7.2262,4.8998,7.1598,-7.3331,2.0429,0.28846,-0.45816,-1.1869,-1.3294,1.417,8.0864,5.5701,13.374,-0.1678,0.034977,4.1857,5.0933,4.9681,-6.0583,-3.4856,0.40182,-11.445,0.2544,-4.1092,-0.33633,2.2538,-0.3597,-1.2662,-2.3354,-1.6982,12.871,-12.849,8.9124,8.5438,1.7803,-2.6821,3.8378,2.7428,6.1122,0.42409,0.62917,6.9085,-1.0692,-9.4113,-2.6403,3.9697,-1.6484,7.2639,7.0601,-2.5887,-0.55529,0.43175,-1.4948,-1.9976,-2.831,-3.9159,2.326,-1.0708,5.4133,6.5847,-4.0949,2.2949,1.5361,-3.8564,5.6458,-2.3412,5.3995,0.013636,-3.1803,6.5149,-5.0862,9.0834,6.1581,0.72464,-0.6529,-2.8176,5.9776,7.8104,5.1829,6.9264,5.8611,6.0787,-4.7524,4.4359,-1.6321,2.5924,-0.77373,-2.4004
-2.5367,-2.192,-3.0267,2.2025,-1.4529,7.1746,-5.5433,-0.98498,-2.2651,2.8894,-8.5394,-1.3998,7.5176,4.8803,6.8108,-7.3829,2.1041,0.54941,-0.31323,-0.88042,-0.94576,1.0496,7.9348,5.7969,13.388,-0.12574,-0.22693,4.3865,5.0372,5.1885,-6.3698,-3.4911,0.31498,-11.741,0.044944,-3.7826,-0.30895,2.1235,-0.0069383,-0.79178,-2.2708,-1.6992,12.529,-12.85,8.7895,8.4439,1.5906,-2.8036,3.886,2.4541,6.1744,0.34572,0.79626,6.6937,-0.83976,-9.8338,-2.3292,3.6087,-1.8118,6.9885,6.843,-2.6648,-0.060027,0.655,-1.6373,-2.1092,-2.8426,-3.4948,2.3526,-0.84994,5.4699,6.4036,-3.6033,2.7058,1.664,-3.9115,5.5446,-2.1371,5.0992,0.0044511,-2.7727,6.3577,-4.985,9.3722,6.0676,0.76351,-0.8135,-2.4137,6.218,7.3794,5.1321,6.831,5.6157,6.4039,-4.6539,4.3359,-1.9724,2.3714,-1.0994,-2.5997
-2.3945,-2.4931,-3.287,2.0489,-1.5136,7.2424,-5.732,-1.2156,-2.2608,2.6709,-8.4251,-1.0729,7.8194,4.8511,6.4611,-7.4817,2.0713,0.41135,0.0051459,-1.0718,-0.85709,1.3854,7.4889,5.6138,13.434,-0.41623,-0.21518,4.8014,5.2428,4.9123,-6.0765,-3.4904,0.3582,-11.774,-0.30299,-3.5329,-0.040056,2.3657,0.0087466,-0.79596,-2.6783,-1.851,12.421,-13.205,8.6377,8.4519,1.9254,-2.5204,4.2042,2.3612,6.1098,0.7366,0.69629,7.0383,-0.81929,-9.6792,-2.823,3.4552,-2.0727,7.0414,6.4114,-3.0099,0.30151,0.96245,-1.8014,-1.943,-2.6914,-3.2694,2.3208,-0.53877,5.4942,6.5058,-3.7278,2.7448,1.8789,-3.9531,5.5779,-1.7848,4.8585,-0.2972,-2.7615,6.316,-5.078,9.4806,6.3532,0.88829,-0.91046,-2.5349,6.3384,7.1655,4.9925,7.0365,5.6659,6.2666,-4.5924,4.5321,-1.9569,2.4643,-0.87122,-2.4337
-2.4215,-2.5775,-2.9537,2.3522,-1.659,7.1147,-5.9984,-1.476,-2.1299,2.9044,-8.0301,-1.0084,7.6625,4.9902,6.3882,-7.2202,2.0567,0.56298,0.18783,-1.2751,-0.88799,1.5056,7.4407,5.9398,13.682,-0.015248,-0.32014,4.6799,5.5003,5.2412,-5.9774,-3.4831,0.08716,-11.641,-0.51711,-3.2173,0.1224,2.2809,-0.0037292,-0.70431,-2.528,-1.6222,12.447,-13.531,8.6844,8.3568,1.6947,-2.1386,4.7093,2.4142,6.3554,0.45062,0.60485,7.1998,-1.0706,-9.5951,-3.1094,3.1258,-1.9388,7.3516,6.2765,-2.778,0.31862,0.59282,-1.5047,-2.0644,-2.4924,-3.2808,2.3199,-0.64246,5.3222,6.2761,-3.6202,2.4481,2.1924,-3.9178,5.6537,-1.7983,4.4964,-0.13856,-2.6438,6.5733,-5.2849,9.2425,6.4997,0.49399,-1.2725,-2.6166,6.3076,6.8575,4.7179,7.2717,5.7776,6.3069,-4.6777,4.5201,-1.8097,2.5301,-1.1035,-2.6782
-2.359,-2.678,-2.4774,1.9348,-1.5649,7.4074,-5.9003,-1.5235,-2.4113,2.822,-8.2549,-0.85235,7.4516,5.3152,6.3966,-6.8587,1.8369,0.22157,0.082653,-1.2372,-0.72133,1.6148,7.2976,5.7113,13.821,-0.01404,-0.34176,4.7313,5.5452,4.982,-6.3197,-3.0057,0.082752,-11.908,-0.18045,-3.2129,0.44138,2.3483,-0.41139,-0.29209,-3.0242,-1.4924,12.347,-13.176,8.6271,8.6539,1.4322,-2.1905,4.7346,2.3246,6.4553,0.19386,0.94567,7.0191,-0.92825,-9.4985,-3.4657,3.0642,-1.5235,7.3032,6.6529,-2.8173,0.49582,0.44591,-1.924,-2.2613,-2.5295,-2.8073,2.3115,-0.429,5.2694,6.5043,-3.8731,2.607,2.3536,-3.8626,5.5517,-1.9702,4.1792,-0.12915,-2.5442,6.2494,-5.1713,9.2886,6.8556,0.47288,-0.88528,-2.9316,6.197,7.0671,5.1186,7.1107,5.5836,6.4278,-4.5074,4.4584,-1.3414,2.2942,-1.1447,-2.3447
-2.0509,-2.4876,-2.5331,1.7175,-1.4574,7.4647,-6.005,-1.5755,-2.2312,2.9073,-7.7663,-0.54284,7.5415,4.9421,5.8135,-6.9445,2.3127,0.62038,0.11631,-1.5596,-0.57363,1.9461,7.3061,5.6095,13.901,-0.25073,-0.64127,4.7461,5.8782,4.7267,-6.4153,-2.758,-0.33577,-11.644,-0.30788,-3.1734,-0.04522,2.5388,-0.35121,0.03604,-3.2408,-1.6261,12.526,-13.298,8.7579,8.4765,1.646,-2.2289,5.0255,2.2018,6.2083,0.16924,1.1476,6.9092,-0.8545,-9.0898,-3.6386,3.3014,-1.9001,6.9797,6.7887,-2.7903,0.3899,0.35313,-2.098,-2.4167,-2.9287,-3.0529,2.1477,-0.95196,5.4001,6.2435,-3.8343,2.54,2.401,-3.8503,5.8806,-1.6713,3.7042,-0.5198,-2.1515,6.0438,-4.7987,9.3401,6.8987,0.62458,-0.90555,-3.1598,5.9386,7.0027,5.3682,7.0694,5.1373,6.4363,-4.485,4.5658,-0.99905,2.1916,-1.466,-2.3949
-2.0464,-2.8823,-2.2706,2.0088,-1.5867,7.3035,-6.159,-1.5912,-2.305,3.2235,-7.8547,-0.23302,7.4973,5.1681,5.5074,-7.258,2.4718,0.55272,0.38176,-1.9013,-0.80266,1.841,7.4125,5.6994,14.059,-0.14917,-0.83815,4.6814,6.1793,4.8616,-6.5214,-3.1469,-0.35632,-11.474,-0.16239,-3.0284,0.020486,2.6443,-0.56635,0.11748,-2.9909,-1.6085,12.502,-13.037,8.5782,8.6949,1.5222,-1.9813,5.0173,2.0543,6.4126,0.052658,1.1948,6.8957,-0.99591,-8.8282,-3.9067,3.1594,-1.5967,6.9591,6.8022,-2.5458,0.59323,0.31349,-2.1323,-2.2845,-2.7003,-3.214,1.8771,-1.0224,5.4214,6.6599,-3.4366,2.4559,2.2638,-3.8948,5.9239,-1.5652,3.7088,-0.27233,-2.4506,6.19,-4.6344,9.3934,6.6399,0.66484,-1.0867,-2.9997,5.7673,7.1261,5.2795,6.7808,4.9689,6.7817,-4.804,4.4289,-0.49828,2.2051,-1.7942,-2.1262
-1.6607,-3.1599,-2.2574,2.085,-1.984,7.6127,-6.355,-1.6099,-2.624,3.0955,-7.816,0.091763,7.4803,5.4711,5.3862,-7.3525,2.5435,0.53745,0.45683,-1.5718,-0.90053,2.0366,7.0422,5.4252,13.808,0.15557,-1.2846,4.4954,6.6837,4.9536,-6.2079,-2.9906,-0.29334,-11.362,-0.25949,-3.1763,0.24492,2.6811,-0.23131,0.40452,-3.0012,-1.2417,12.74,-13.084,8.4905,8.5837,1.2686,-1.9288,5.4618,2.0911,6.2238,0.016211,1.2485,6.9025,-0.97392,-8.8311,-3.3894,2.6566,-1.5858,7.1036,6.5567,-2.7193,0.28698,0.095493,-1.6971,-2.5606,-2.9336,-3.1399,1.705,-1.3486,5.39,6.6105,-3.3178,2.7736,2.5582,-4.1136,5.8037,-1.9196,3.8788,0.13751,-2.6355,6.2112,-4.977,9.8414,6.5304,0.67233,-0.99293,-2.748,5.8432,7.0393,5.1343,6.9286,4.7014,6.5406,-4.8562,4.072,-0.48804,1.9331,-2.2074,-1.8704
-1.4445,-2.9257,-2.1031,1.8405,-2.2284,7.578,-6.3126,-1.8042,-2.7156,2.8602,-7.8313,0.00069148,7.5679,5.5808,5.3334,-7.3695,2.9235,0.47813,0.23303,-1.5727,-0.90679,2.0797,6.8949,5.3517,13.874,-0.203,-1.5189,4.2716,6.5458,4.9384,-6.2869,-3.0651,-0.40168,-11.553,-0.45591,-3.1532,0.094143,2.7246,-0.41415,0.68023,-3.1482,-0.8029,12.635,-12.951,8.6624,8.7229,1.1714,-1.5318,5.0672,1.9968,6.1868,-0.10565,1.3604,6.7186,-1.0841,-8.5768,-3.4067,2.291,-1.8763,6.9891,6.4921,-2.7101,0.4068,0.62078,-1.9639,-2.2733,-3.2251,-3.116,1.6772,-1.8087,5.6386,6.6173,-3.091,2.6473,2.973,-3.9245,5.6576,-1.6063,3.3909,0.06011,-2.268,6.0873,-4.7825,9.8372,6.5657,0.84975,-0.90959,-2.7956,5.8435,7.2102,4.8871,7.31,4.608,6.3791,-4.6402,3.9571,-0.04083,2.188,-2.6602,-2.0512
-1.4757,-2.9167,-2.2628,1.7879,-1.8785,7.3293,-6.3298,-1.8555,-2.6734,2.8306,-7.4902,0.10637,7.6323,5.6781,5.0597,-7.3714,3.016,0.67452,0.38231,-1.279,-0.95522,1.986,7.1784,5.2209,13.926,-0.20967,-1.4159,4.737,6.7844,4.6484,-6.2311,-2.9307,-0.44329,-11.764,-0.48658,-3.1887,0.14453,2.6743,-0.20164,0.98358,-2.716,-0.70289,12.663,-12.905,8.3979,8.6479,1.4693,-1.6657,5.2873,2.1411,6.404,-0.32768,1.7722,6.7482,-1.4043,-8.6176,-3.3611,2.2297,-1.9587,6.9238,6.8102,-2.5921,0.47957,0.78572,-1.5112,-2.7478,-3.1709,-3.4849,1.7342,-1.8356,5.5465,6.5529,-2.7246,3.0458,3.3192,-4.0667,5.6128,-1.378,3.1107,0.42571,-2.2119,6.0479,-4.778,9.9657,6.2128,0.75394,-0.82239,-3.2099,5.8221,7.1908,4.8583,7.2287,4.4907,6.6804,-4.6786,4.2536,-0.37571,2.234,-2.4717,-2.4597
-1.6901,-3.1926,-2.1859,1.4755,-1.6475,7.3539,-6.0052,-1.707,-2.9106,2.8899,-7.2524,-0.16445,7.5219,5.9217,4.734,-7.5878,3.1824,0.68346,0.40764,-1.3363,-0.96493,1.6855,7.2475,5.1735,13.775,0.035243,-1.6381,4.9893,6.8981,4.6835,-6.2664,-2.9045,-0.27752,-12.315,-0.87233,-3.2093,-0.031135,3.0661,0.067236,1.1828,-2.9063,-1.0287,12.406,-13.001,8.5186,8.9209,1.157,-1.9836,5.3773,2.4325,6.4362,-0.51246,1.8656,6.397,-1.6407,-8.5748,-3.6865,2.0669,-1.8847,7.0401,6.773,-2.4393,0.35617,0.54982,-1.3162,-2.7099,-3.2089,-3.3677,1.341,-1.8819,5.6911,6.1345,-2.3571,3.5341,3.1798,-3.9288,5.4743,-1.529,2.9267,0.6665,-2.4655,5.9636,-4.5405,10.088,6.4244,0.57015,-0.64543,-3.1516,5.6162,7.3639,4.7057,7.04,4.2038,6.4557,-4.5183,4.1258,-0.1328,2.0654,-2.3069,-2.5842
-1.649,-3.1363,-2.1325,1.5684,-1.8193,7.3413,-5.8864,-1.4189,-2.9323,2.5894,-7.2714,-0.24064,7.5299,5.7369,4.8865,-7.2035,3.5016,0.48801,0.027224,-1.7614,-0.85144,1.304,7.3182,5.5189,13.683,0.32733,-1.4993,5.0958,7.2516,4.4363,-6.2192,-3.0788,-0.66506,-12.595,-0.65163,-2.9665,-0.051261,2.7125,-0.35921,1.4963,-3.3551,-0.81259,12.529,-13.062,8.6088,8.5275,1.475,-1.7422,5.1932,2.9475,6.1561,-0.96727,1.8389,6.4581,-1.7501,-8.2531,-3.7534,1.8784,-1.8334,7.3419,6.5925,-2.7275,0.14623,0.66366,-1.2312,-2.8837,-3.2299,-3.2861,1.4664,-2.3692,6.0468,6.5374,-1.9763,3.6327,3.0338,-4.0521,5.3757,-1.502,2.9863,0.58905,-2.7445,6.0891,-4.7994,10.055,6.5858,0.68877,-0.63595,-3.0848,5.6035,7.0902,4.7654,7.0082,4.2466,6.3262,-4.876,4.205,0.074267,2.3701,-2.1106,-2.6741
-1.5431,-3.0369,-2.0197,1.2263,-1.9283,7.0328,-5.9335,-1.5652,-2.7474,2.2378,-7.2099,-0.14539,7.1418,6.0741,4.626,-7.2966,3.3862,0.12246,0.41879,-1.9464,-1.1567,0.93901,7.4003,5.5137,13.407,0.2058,-1.9137,5.1827,7.5906,4.4884,-6.0614,-3.0491,-0.52011,-13.151,-0.29443,-2.8653,-0.19576,2.6668,-0.0041282,1.5224,-3.1096,-0.88218,12.751,-13.024,8.9895,8.6572,1.2614,-1.7038,4.8736,3.1797,6.4648,-0.59859,1.7539,6.4088,-1.81,-8.667,-3.6736,1.6639,-1.6603,7.0324,6.2351,-2.901,0.016819,0.767,-1.0969,-2.8974,-3.6156,-3.2273,1.4258,-2.282,6.2797,6.1135,-1.8414,3.5954,3.1884,-4.0554,5.4245,-1.5794,2.837,0.88287,-2.4561,5.8001,-4.7161,9.8793,6.838,0.96804,-0.68878,-3.5227,5.2491,7.2971,4.7611,6.5714,4.1233,5.9662,-5.1534,3.9994,0.33601,2.4451,-2.2323,-2.5604
-1.718,-3.2512,-2.4884,0.99503,-1.85,7.3053,-5.8495,-1.7434,-2.5626,2.2832,-7.2917,-0.10267,7.1467,6.0888,4.7238,-6.9917,3.0615,0.354,0.38851,-2.0376,-1.1205,0.67802,7.1116,5.7747,13.74,0.31566,-1.9175,5.3043,7.9537,4.9113,-6.1819,-3.3513,-0.78954,-13.495,-0.71764,-3.0503,-0.11342,2.593,-0.24619,1.8197,-2.9743,-0.89175,12.46,-13.086,9.0782,8.4751,0.88575,-2.013,5.1635,3.4464,6.3633,-0.98565,1.3539,6.5257,-2.0001,-8.7774,-3.6782,1.8483,-1.7651,7.0153,5.9846,-3.1616,-0.24422,0.78652,-0.76456,-2.767,-3.808,-2.8441,1.1964,-2.1198,5.876,6.2564,-1.76,3.3846,3.1152,-4.2541,5.2965,-1.875,2.7561,0.63397,-2.4045,5.6862,-4.3189,9.8943,7.0125,0.81137,-0.5838,-3.0767,5.1895,7.1435,4.4103,6.8456,3.9448,5.9002,-5.0415,4.0794,0.73745,2.4581,-2.3798,-2.7378
-1.6521,-2.8666,-2.6041,0.9879,-1.8928,7.0576,-6.1218,-1.4272,-2.3162,2.3091,-7.5985,-0.10943,6.8827,5.8913,4.8046,-6.6007,3.0881,0.10484,0.17914,-1.9104,-1.0156,0.54668,6.9164,5.8165,13.427,-0.11979,-1.9647,5.0685,8.2829,5.1061,-6.2639,-3.6399,-1.2186,-13.474,-0.77323,-2.6152,-0.091654,2.826,-0.18526,1.759,-3.1579,-0.8009,12.185,-13.082,9.3533,8.3241,0.56916,-1.9825,5.0318,3.0512,6.4348,-1.0613,1.4494,6.2311,-2.003,-9.0663,-3.3413,1.3336,-1.7364,6.8281,5.6989,-3.2999,-0.31892,0.66065,-0.7548,-2.512,-4.1979,-2.6312,0.93271,-1.8989,5.7474,6.5036,-1.4171,3.6052,3.0955,-4.0879,5.1482,-1.9404,2.5325,0.33383,-2.7858,5.4336,-4.2737,10.163,7.1385,0.63475,-0.90875,-3.348,5.0221,7.2563,4.0147,6.9299,3.8915,5.4402,-4.664,4.1992,0.31769,2.5756,-2.8886,-2.9798
